0.00000 0.02917 -0.00523 -0.03993 -0.10024 0.04059 -0.01268 -0.00243 -0.00020 -0.13268 -0.09093 -0.05381 -0.20019 -0.04530 0.10542 -0.00560 0.18499 0.02735 0.00873 -0.08580 -0.10069 0.00048 -0.07144 0.04740 -0.11879 0.14215 0.00280 -0.09409 0.00637 0.04655
-0.02917 0.00000 -0.00311 -0.08553 -0.25309 0.03913 -0.00902 -0.00359 0.00119 0.13943 0.09405 0.11094 0.06113 0.07087 -0.03433 0.03817 0.00826 0.04349 0.00037 0.20129 0.05880 0.00068 0.19339 -0.11582 -0.00149 0.02204 -0.02177 0.05601 -0.00937 -0.02328
0.00523 0.00311 0.99887 -0.00298 0.00012 0.00230 -0.00461 0.00248 -0.00100 0.00157 0.00609 -0.00362 0.00469 -0.00069 0.00109 0.00068 0.00726 0.00577 0.00180 0.00198 -0.00188 -0.00087 0.00671 0.00542 -0.00048 -0.01015 -0.00048 0.00460 -0.09519 -0.00305
0.03993 0.08553 0.00298 0.00000 -0.02816 -0.13876 0.15865 0.00076 0.00005 0.15670 -0.00257 0.08279 -0.10165 0.13969 -0.06653 -0.06125 -0.04258 -0.18753 -0.01465 0.17122 -0.03065 0.00261 0.07157 0.12348 -0.02128 -0.07177 -0.05995 -0.20249 0.00598 -0.01521
0.10024 0.25309 -0.00012 0.02816 0.00000 0.11876 0.01927 -0.00221 0.00038 0.02509 0.00420 0.10518 -0.02259 0.07279 0.00932 -0.21753 -0.17019 -0.07178 -0.00105 0.11623 0.09799 -0.00091 0.02201 -0.03241 0.05458 -0.02509 0.05747 0.06420 -0.01221 0.02185
-0.04059 -0.03913 -0.00230 0.13876 -0.11876 0.00000 -0.14859 0.00054 -0.00024 -0.11737 0.09262 -0.02957 -0.14339 0.07937 0.03334 -0.08426 0.05351 -0.09035 0.00854 0.03041 -0.04957 -0.00171 -0.26563 0.06396 0.11921 -0.03918 0.00739 0.06313 -0.00247 0.00816
0.01268 0.00902 0.00461 -0.15865 -0.01927 0.14859 0.00000 -0.00103 -0.00008 -0.10567 0.18076 -0.08630 -0.04577 0.03180 -0.02275 -0.00628 0.09730 -0.09205 -0.00304 -0.20931 0.06423 0.00010 0.13925 0.10199 -0.13252 0.07427 0.04690 0.16501 0.00868 -0.04912
0.00243 0.00359 -0.00248 -0.00076 0.00221 -0.00054 0.00103 1.00029 0.00135 -0.00070 -0.00600 0.00471 0.00088 0.00897 -0.00384 -0.00531 0.00135 0.00326 -0.00945 0.00818 0.00059 -0.00259 -0.00204 -0.00028 -0.00410 0.00661 0.00018 -0.00201 0.04655 -0.00514
0.00020 -0.00119 0.00100 -0.00005 -0.00038 0.00024 0.00008 -0.00135 1.00066 -0.00087 0.00008 0.00051 -0.00033 -0.00104 -0.00067 0.00063 0.00196 0.00079 0.00262 0.00008 0.00013 -0.00004 -0.00171 -0.00090 -0.00096 0.00122 0.00015 -0.00066 -0.00718 0.00007
0.13268 -0.13943 -0.00157 -0.15670 -0.02509 0.11737 0.10567 0.00070 0.00087 0.00000 -0.03660 -0.03508 -0.12038 0.06291 0.06326 0.06910 0.14735 0.14733 0.01138 -0.07847 0.00023 -0.00216 -0.10371 0.04925 0.05224 -0.12109 -0.13201 0.04452 -0.00512 -0.18932
0.09093 -0.09405 -0.00609 0.00257 -0.00420 -0.09262 -0.18076 0.00600 -0.00008 0.03660 0.00000 0.05430 0.04600 0.02664 -0.09449 0.12379 -0.21147 0.01875 0.00600 0.23031 0.19210 0.00192 0.05970 0.09405 -0.06582 -0.00481 0.08082 0.03882 -0.01290 -0.00681
0.05381 -0.11094 0.00362 -0.08279 -0.10518 0.02957 0.08630 -0.00471 -0.00051 0.03508 -0.05430 0.00000 -0.19347 0.02056 -0.03061 -0.02375 -0.06550 0.21485 -0.00620 -0.10483 -0.09275 -0.00233 0.04613 -0.06215 -0.04488 0.03883 0.17335 -0.14706 0.00694 -0.01435
0.20019 -0.06113 -0.00469 0.10165 0.02259 0.14339 0.04577 -0.00088 0.00033 0.12038 -0.04600 0.19347 0.00000 0.01476 0.06263 0.03202 -0.05695 0.04103 0.00232 -0.00322 -0.05907 -0.00070 -0.04136 0.13923 -0.13795 0.05160 -0.13129 -0.08877 -0.00557 0.03978
0.04530 -0.07087 0.00069 -0.13969 -0.07279 -0.07937 -0.03180 -0.00897 0.00104 -0.06291 -0.02664 -0.02056 -0.01476 0.00000 -0.15819 0.01882 -0.14667 -0.08941 -0.00906 0.12474 0.17177 0.00182 0.01790 -0.06607 -0.11284 0.03846 -0.03105 -0.07598 0.01160 -0.01777
-0.10542 0.03433 -0.00109 0.06653 -0.00932 -0.03334 0.02275 0.00384 0.00067 -0.06326 0.09449 0.03061 -0.06263 0.15819 0.00000 0.04503 -0.01305 -0.05363 0.00000 -0.06220 -0.22476 -0.00565 0.14891 -0.18839 -0.01956 0.04166 0.05881 0.03167 -0.01469 -0.13061
0.00560 -0.03817 -0.00068 0.06125 0.21753 0.08426 0.00628 0.00531 -0.00063 -0.06910 -0.12379 0.02375 -0.03202 -0.01882 -0.04503 0.00000 0.25523 0.08178 0.01188 -0.08594 -0.04568 -0.00202 -0.01375 0.05632 0.00003 0.08851 -0.09303 0.11313 -0.00371 0.24448
-0.18499 -0.00826 -0.00726 0.04258 0.17019 -0.05351 -0.09730 -0.00135 -0.00196 -0.14735 0.21147 0.06550 0.05695 0.14667 0.01305 -0.25523 0.00000 0.15215 0.00467 0.04572 -0.07659 0.00181 -0.01129 -0.01768 0.06057 0.05132 0.00710 0.02804 -0.01892 -0.01423
-0.02735 -0.04349 -0.00577 0.18753 0.07178 0.09035 0.09205 -0.00326 -0.00079 -0.14733 -0.01875 -0.21485 -0.04103 0.08941 0.05363 -0.08178 -0.15215 0.00000 0.00177 0.03672 0.01252 -0.00364 0.01047 -0.15290 0.00047 0.09764 -0.24763 0.02874 -0.01082 0.02151
-0.00873 -0.00037 -0.00180 0.01465 0.00105 -0.00854 0.00304 0.00945 -0.00262 -0.01138 -0.00600 0.00620 -0.00232 0.00906 -0.00000 -0.01188 -0.00467 -0.00177 0.95576 0.00182 0.00095 -0.01239 -0.01420 -0.00135 -0.01056 0.02082 -0.00490 -0.00890 -0.32048 0.00308
0.08580 -0.20129 -0.00198 -0.17122 -0.11623 -0.03041 0.20931 -0.00818 -0.00008 0.07847 -0.23031 0.10483 0.00322 -0.12474 0.06220 0.08594 -0.04572 -0.03672 -0.00182 0.00000 -0.06372 0.00581 -0.07431 0.12377 -0.11061 0.08379 0.07141 -0.04879 0.02650 0.18639
0.10069 -0.05880 0.00188 0.03065 -0.09799 0.04957 -0.06423 -0.00059 -0.00013 -0.00023 -0.19210 0.09275 0.05907 -0.17177 0.22476 0.04568 0.07659 -0.01252 -0.00095 0.06372 0.00000 -0.00170 0.02749 -0.07654 0.04427 0.00091 -0.07331 0.16358 0.00114 0.00907
-0.00048 -0.00068 0.00087 -0.00261 0.00091 0.00171 -0.00010 0.00259 0.00004 0.00216 -0.00192 0.00233 0.00070 -0.00182 0.00565 0.00202 -0.00181 0.00364 0.01239 -0.00581 0.00170 0.99740 0.00089 0.00503 0.00126 0.00142 0.00231 0.00294 -0.08036 0.00043
0.07144 -0.19339 -0.00671 -0.07157 -0.02201 0.26563 -0.13925 0.00204 0.00171 0.10371 -0.05970 -0.04613 0.04136 -0.01790 -0.14891 0.01375 0.01129 -0.01047 0.01420 0.07431 -0.02749 -0.00089 0.00000 -0.14637 0.02515 -0.02949 0.09889 -0.11351 -0.00634 0.12500
-0.04740 0.11582 -0.00542 -0.12348 0.03241 -0.06396 -0.10199 0.00028 0.00090 -0.04925 -0.09405 0.06215 -0.13923 0.06607 0.18839 -0.05632 0.01768 0.15290 0.00135 -0.12377 0.07654 -0.00503 0.14637 0.00000 0.17844 -0.04272 -0.10347 -0.05655 -0.01596 0.04283
0.11879 0.00149 0.00048 0.02128 -0.05458 -0.11921 0.13252 0.00410 0.00096 -0.05224 0.06582 0.04488 0.13795 0.11284 0.01956 -0.00003 -0.06057 -0.00047 0.01056 0.11061 -0.04427 -0.00126 -0.02515 -0.17844 0.00000 -0.07588 -0.27464 0.00488 -0.01167 0.03762
-0.14215 -0.02204 0.01015 0.07177 0.02509 0.03918 -0.07427 -0.00661 -0.00122 0.12109 0.00481 -0.03883 -0.05160 -0.03846 -0.04166 -0.08851 -0.05132 -0.09764 -0.02082 -0.08379 -0.00091 -0.00142 0.02949 0.04272 0.07588 0.00000 -0.06798 0.00377 0.02124 0.11227
-0.00280 0.02177 0.00048 0.05995 -0.05747 -0.00739 -0.04690 -0.00018 -0.00015 0.13201 -0.08082 -0.17335 0.13129 0.03105 -0.05881 0.09303 -0.00710 0.24763 0.00490 -0.07141 0.07331 -0.00231 -0.09889 0.10347 0.27464 0.06798 0.00000 -0.10904 -0.00081 -0.01367
0.09409 -0.05601 -0.00460 0.20249 -0.06420 -0.06313 -0.16501 0.00201 0.00066 -0.04452 -0.03882 0.14706 0.08877 0.07598 -0.03167 -0.11313 -0.02804 -0.02874 0.00890 0.04879 -0.16358 -0.00294 0.11351 0.05655 -0.00488 -0.00377 0.10904 0.00000 -0.02075 -0.00653
-0.00637 0.00937 0.09519 -0.00598 0.01221 0.00247 -0.00868 -0.04655 0.00718 0.00512 0.01290 -0.00694 0.00557 -0.01160 0.01469 0.00371 0.01892 0.01082 0.32048 -0.02650 -0.00114 0.08036 0.00634 0.01596 0.01167 -0.02124 0.00081 0.02075 0.00000 -0.00663
-0.04655 0.02328 0.00305 0.01521 -0.02185 -0.00816 0.04912 0.00514 -0.00007 0.18932 0.00681 0.01435 -0.03978 0.01777 0.13061 -0.24448 0.01423 -0.02151 -0.00308 -0.18639 -0.00907 -0.00043 -0.12500 -0.04283 -0.03762 -0.11227 0.01367 0.00653 0.00663 0.00000
