0.00000 -0.00246 0.01711 0.04695 0.08686 -0.10810 0.00122 -0.00289 0.00416 0.12156 -0.07747 -0.05739 -0.09359 -0.12768 0.01611 0.03956 -0.05601 -0.06317 0.00896 -0.04558 -0.05996 0.02099 -0.17830 0.02144 -0.07199 0.00140 0.02952 0.08876 0.02769 0.13035
0.00246 0.00000 0.00512 0.11293 -0.00217 -0.04971 -0.01309 -0.00016 -0.00418 -0.29881 0.24200 0.00995 0.14480 0.09895 -0.16109 0.05979 -0.07383 -0.00134 0.00969 0.03042 -0.11883 0.00173 -0.04574 -0.06752 0.04757 0.05463 0.20848 0.05510 -0.01595 0.04089
-0.01711 -0.00512 1.00317 0.01071 -0.01043 0.00979 0.00198 0.00176 -0.00006 -0.02041 0.01038 0.01442 0.00258 0.03194 0.00715 0.01886 -0.00022 0.01795 0.01515 -0.00633 0.02384 0.00039 -0.02654 0.00931 -0.00566 -0.00294 -0.02241 0.01311 -0.06489 0.03041
-0.04695 -0.11293 -0.01071 0.00000 -0.00591 0.04086 -0.13744 0.00818 -0.00347 -0.03294 -0.15863 -0.47336 -0.17074 0.04823 -0.15270 0.05294 0.01526 -0.07293 0.00933 0.01597 -0.18059 -0.01945 -0.04184 -0.00601 -0.08126 -0.04284 -0.11936 0.09728 -0.01273 -0.09845
-0.08686 0.00217 0.01043 0.00591 0.00083 -0.11831 0.10335 -0.00071 -0.00191 -0.05489 -0.11272 -0.20287 0.00241 -0.11398 0.27079 0.24433 0.05205 -0.00150 0.02338 0.16696 0.05228 0.00859 0.21119 0.18904 0.06737 0.13167 0.07826 -0.04677 0.00189 0.06857
0.10810 0.04971 -0.00979 -0.04086 0.11831 0.00000 0.01180 0.00408 -0.00377 -0.12392 -0.10743 -0.14156 0.21800 0.11933 0.08204 -0.05626 -0.05413 0.12974 -0.01872 -0.01068 0.05877 -0.01207 0.04612 -0.03802 -0.03903 -0.07263 0.09700 -0.06406 0.00014 0.16778
-0.00122 0.01309 -0.00198 0.13744 -0.10335 -0.01180 0.00000 0.00299 -0.00490 0.13564 -0.12420 0.09601 0.07103 0.05184 -0.05598 0.08346 -0.12688 -0.01735 -0.00997 -0.10862 0.11991 -0.00656 0.05240 0.03797 0.04924 0.11747 0.14420 0.21034 0.00342 0.04860
0.00289 0.00016 -0.00176 -0.00818 0.00071 -0.00408 -0.00299 1.00276 -0.00161 0.00889 0.00145 0.00163 0.00099 -0.00777 0.00230 -0.00064 -0.00178 -0.00243 -0.00387 -0.00042 -0.01139 -0.00283 0.00040 -0.00582 0.00294 -0.00039 0.00431 -0.00554 0.02646 0.00155
-0.00416 0.00418 0.00006 0.00347 0.00191 0.00377 0.00490 0.00161 1.00077 0.00369 0.00258 -0.00206 -0.00163 -0.00106 0.00381 0.00560 0.00270 0.00373 0.00753 0.00335 -0.00549 0.00111 0.00146 0.00887 -0.00270 -0.00039 -0.00493 0.00271 0.00322 -0.00842
-0.12156 0.29881 0.02041 0.03294 0.05489 0.12392 -0.13564 -0.00889 -0.00369 0.00000 -0.02782 0.03664 -0.13356 0.15472 0.05491 0.09560 0.08913 0.01513 0.02411 -0.01221 -0.07563 0.02050 -0.02348 -0.04247 0.08704 -0.05188 0.00646 -0.00689 -0.01159 0.05448
0.07747 -0.24200 -0.01038 0.15863 0.11272 0.10743 0.12420 -0.00145 -0.00258 0.02782 0.00000 0.03533 -0.19263 -0.06428 0.09485 -0.13662 0.21195 -0.01811 0.00543 0.07192 0.09967 -0.00698 -0.03864 -0.16376 0.05680 0.01612 -0.11413 -0.07442 -0.00219 0.27228
0.05739 -0.00995 -0.01442 0.47336 0.20287 0.14156 -0.09601 -0.00163 0.00206 -0.03664 -0.03533 0.00000 0.06113 -0.14619 -0.05651 -0.04682 0.02320 0.10609 0.00876 -0.04094 -0.10181 -0.00781 0.13559 0.15280 0.04786 0.06133 0.03118 0.03144 -0.00585 0.03287
0.09359 -0.14480 -0.00258 0.17074 -0.00241 -0.21800 -0.07103 -0.00099 0.00163 0.13356 0.19263 -0.06113 0.00000 0.22668 -0.05400 0.03492 -0.03172 -0.02886 0.01188 0.26298 0.04725 -0.00440 -0.00701 -0.02741 0.00560 -0.18790 0.06167 0.07370 0.00322 0.01060
0.12768 -0.09895 -0.03194 -0.04823 0.11398 -0.11933 -0.05184 0.00777 0.00106 -0.15472 0.06428 0.14619 -0.22668 0.00000 0.06656 -0.02139 -0.02323 0.00321 -0.01886 -0.12442 -0.13682 -0.02699 0.06903 0.04077 -0.05118 -0.06218 0.07914 0.06800 -0.01033 0.06441
-0.01611 0.16109 -0.00715 0.15270 -0.27079 -0.08204 0.05598 -0.00230 -0.00381 -0.05491 -0.09485 0.05651 0.05400 -0.06656 0.00000 -0.01894 0.07056 0.07081 0.02248 0.00862 -0.03354 -0.00578 -0.15720 0.06560 -0.15532 0.06524 -0.05544 -0.03597 0.00551 -0.01332
-0.03956 -0.05979 -0.01886 -0.05294 -0.24433 0.05626 -0.08346 0.00064 -0.00560 -0.09560 0.13662 0.04682 -0.03492 0.02139 0.01894 0.00000 0.06348 -0.12257 0.03163 -0.01584 0.03831 -0.01575 0.03353 0.14515 0.16393 -0.12867 -0.05907 -0.01578 -0.03612 0.02714
0.05601 0.07383 0.00022 -0.01526 -0.05205 0.05413 0.12688 0.00178 -0.00270 -0.08913 -0.21195 -0.02320 0.03172 0.02323 -0.07056 -0.06348 0.00000 -0.05977 -0.01348 0.21337 -0.09331 -0.00505 0.12003 -0.00262 0.02924 -0.02029 -0.20878 -0.03666 -0.00070 0.15541
0.06317 0.00134 -0.01795 0.07293 0.00150 -0.12974 0.01735 0.00243 -0.00373 -0.01513 0.01811 -0.10609 0.02886 -0.00321 -0.07081 0.12257 0.05977 0.00000 -0.00690 -0.18586 0.34151 -0.01973 -0.05460 -0.01464 -0.03421 -0.03452 -0.05162 -0.02093 -0.01700 -0.08417
-0.00896 -0.00969 -0.01515 -0.00933 -0.02338 0.01872 0.00997 0.00387 -0.00753 -0.02411 -0.00543 -0.00876 -0.01188 0.01886 -0.02248 -0.03163 0.01348 0.00690 0.87458 0.00079 0.02610 -0.02613 -0.01123 -0.02614 0.02307 -0.00184 -0.00174 0.01938 -0.25811 -0.00170
0.04558 -0.03042 0.00633 -0.01597 -0.16696 0.01068 0.10862 0.00042 -0.00335 0.01221 -0.07192 0.04094 -0.26298 0.12442 -0.00862 0.01584 -0.21337 0.18586 -0.00079 0.00000 0.01631 0.00458 -0.02039 0.01188 0.02773 0.24814 0.05735 -0.25239 0.01495 -0.04740
0.05996 0.11883 -0.02384 0.18059 -0.05228 -0.05877 -0.11991 0.01139 0.00549 0.07563 -0.09967 0.10181 -0.04725 0.13682 0.03354 -0.03831 0.09331 -0.34151 -0.02610 -0.01631 0.00000 -0.02166 0.04372 -0.13155 -0.03785 0.11196 0.06962 -0.13100 0.00802 -0.16905
-0.02099 -0.00173 -0.00039 0.01945 -0.00859 0.01207 0.00656 0.00283 -0.00111 -0.02050 0.00698 0.00781 0.00440 0.02699 0.00578 0.01575 0.00505 0.01973 0.02613 -0.00458 0.02166 1.00040 -0.01308 0.01849 -0.00427 -0.00424 -0.02227 0.01436 -0.05027 0.01459
0.17830 0.04574 0.02654 0.04184 -0.21119 -0.04612 -0.05240 -0.00040 -0.00146 0.02348 0.03864 -0.13559 0.00701 -0.06903 0.15720 -0.03353 -0.12003 0.05460 0.01123 0.02039 -0.04372 0.01308 0.00000 0.01320 0.06143 -0.14854 -0.11551 0.04896 0.00737 0.05377
-0.02144 0.06752 -0.00931 0.00601 -0.18904 0.03802 -0.03797 0.00582 -0.00887 0.04247 0.16376 -0.15280 0.02741 -0.04077 -0.06560 -0.14515 0.00262 0.01464 0.02614 -0.01188 0.13155 -0.01849 -0.01320 0.00000 -0.05423 0.10556 0.08141 0.05204 -0.07134 0.17581
0.07199 -0.04757 0.00566 0.08126 -0.06737 0.03903 -0.04924 -0.00294 0.00270 -0.08704 -0.05680 -0.04786 -0.00560 0.05118 0.15532 -0.16393 -0.02924 0.03421 -0.02307 -0.02773 0.03785 0.00427 -0.06143 0.05423 0.00000 0.11803 0.06695 0.00814 0.00818 0.05032
-0.00140 -0.05463 0.00294 0.04284 -0.13167 0.07263 -0.11747 0.00039 0.00039 0.05188 -0.01612 -0.06133 0.18790 0.06218 -0.06524 0.12867 0.02029 0.03452 0.00184 -0.24814 -0.11196 0.00424 0.14854 -0.10556 -0.11803 0.00000 0.00268 -0.01995 0.01280 0.03658
-0.02952 -0.20848 0.02241 0.11936 -0.07826 -0.09700 -0.14420 -0.00431 0.00493 -0.00646 0.11413 -0.03118 -0.06167 -0.07914 0.05544 0.05907 0.20878 0.05162 0.00174 -0.05735 -0.06962 0.02227 0.11551 -0.08141 -0.06695 -0.00268 0.00000 0.08398 0.00345 -0.09361
-0.08876 -0.05510 -0.01311 -0.09728 0.04677 0.06406 -0.21034 0.00554 -0.00271 0.00689 0.07442 -0.03144 -0.07370 -0.06800 0.03597 0.01578 0.03666 0.02093 -0.01938 0.25239 0.13100 -0.01436 -0.04896 -0.05204 -0.00814 0.01995 -0.08398 0.00000 -0.00293 0.00120
-0.02769 0.01595 0.06489 0.01273 -0.00189 -0.00014 -0.00342 -0.02646 -0.00322 0.01159 0.00219 0.00585 -0.00322 0.01033 -0.00551 0.03612 0.00070 0.01700 0.25811 -0.01495 -0.00802 0.05027 -0.00737 0.07134 -0.00818 -0.01280 -0.00345 0.00293 0.00000 0.00246
-0.13035 -0.04089 -0.03041 0.09845 -0.06857 -0.16778 -0.04860 -0.00155 0.00842 -0.05448 -0.27228 -0.03287 -0.01060 -0.06441 0.01332 -0.02714 -0.15541 0.08417 0.00170 0.04740 0.16905 -0.01459 -0.05377 -0.17581 -0.05032 -0.03658 0.09361 -0.00120 -0.00246 0.00000
