0.47429 0.16899 0.01650 0.01885 0.00143 0.07505 0.02403 -0.02937 0.00270 0.02830 0.04574 -0.03427 -0.02518 0.29776 -0.01637 0.01207 -0.04448 0.14102 -0.03570 0.04796 -0.09953 0.02440 0.04269 -0.03217 -0.02450 -0.02444 -0.00498 0.00677 -0.18869 0.03831
-0.16899 0.00000 0.10550 -0.06976 -0.07364 -0.01933 -0.21820 -0.03050 -0.04776 0.04862 0.05887 0.19847 0.00324 0.07913 -0.02274 -0.04975 0.09264 0.06646 0.01656 0.17244 -0.10113 0.01804 0.31370 -0.03969 0.00786 -0.03902 0.02736 0.10607 -0.19885 0.20631
-0.01650 -0.10550 0.98232 -0.00262 -0.07561 0.03633 -0.07065 0.05408 0.00090 -0.04136 0.08057 0.11671 0.05991 -0.20172 -0.01413 -0.01236 0.07463 0.03028 0.12776 0.10224 0.03119 -0.08253 0.09719 0.03026 -0.02224 -0.05132 0.03594 0.09750 -0.13146 0.04178
-0.01885 0.06976 0.00262 0.80034 0.02058 -0.17913 -0.02736 0.02280 -0.00979 -0.04132 -0.04447 -0.01083 0.06188 0.03458 -0.02137 0.08036 0.01073 -0.03228 0.00958 -0.14470 -0.20524 -0.01832 -0.03522 -0.14211 0.00535 -0.02621 0.06972 -0.14806 0.20279 0.06132
-0.00143 0.07364 0.07561 -0.02058 0.00000 0.00719 0.17581 0.01023 -0.04090 0.04443 0.24105 0.11352 0.09815 0.06755 -0.06225 -0.03846 0.07042 0.02498 0.10409 -0.03921 0.01159 -0.04346 0.19661 -0.00420 0.06027 -0.12364 -0.03188 0.14999 0.15733 0.09470
-0.07505 0.01933 -0.03633 0.17913 -0.00719 0.25406 -0.12799 -0.00747 0.01706 0.02200 -0.01586 -0.08986 -0.01551 0.11095 0.10931 0.10682 0.17641 -0.13344 0.03075 -0.08276 -0.26501 0.01577 -0.07304 -0.07203 0.07199 -0.02016 -0.11907 -0.12508 -0.15462 -0.06265
-0.02403 0.21820 0.07065 0.02736 -0.17581 0.12799 0.00932 -0.02223 -0.02403 -0.01776 0.10244 -0.02399 -0.06579 0.03015 -0.04778 -0.08067 0.12382 0.06577 0.01591 0.08010 -0.09555 0.01831 0.09242 -0.04684 -0.06634 -0.03948 0.02898 0.02403 -0.14366 0.01548
0.02937 0.03050 -0.05408 -0.02280 -0.01023 0.00747 0.02223 1.00402 0.02006 -0.00373 -0.01401 -0.01857 0.02986 0.11059 0.00511 0.03285 -0.02044 -0.04339 -0.04868 -0.01033 0.05522 0.00942 -0.07826 0.01472 0.02650 0.02006 -0.00594 0.04717 -0.00489 0.00713
-0.00270 0.04776 -0.00090 0.00979 0.04090 -0.01706 0.02403 -0.02006 1.00711 0.02878 -0.04929 -0.06866 -0.01162 0.10990 0.01062 0.01325 -0.03346 -0.02269 -0.05657 -0.05847 -0.00305 0.03818 -0.04762 -0.00728 0.01901 0.02189 -0.01972 -0.04156 0.07821 -0.02912
-0.02830 -0.04862 0.04136 0.04132 -0.04443 -0.02200 0.01776 0.00373 -0.02878 0.53947 -0.07312 -0.05292 0.14208 0.05031 0.02488 0.06849 0.06701 -0.07752 0.00443 -0.02267 -0.04534 0.00859 0.01932 0.03231 0.10859 0.04949 0.12153 0.06039 0.09330 -0.10273
-0.04574 -0.05887 -0.08057 0.04447 -0.24105 0.01586 -0.10244 0.01401 0.04929 0.07312 0.75201 -0.09562 0.02829 0.09333 -0.13486 -0.13366 0.10437 0.09095 -0.05030 -0.06535 0.08862 -0.02463 0.07331 -0.03573 -0.11761 -0.02513 0.18747 0.00994 0.07587 0.01238
0.03427 -0.19847 -0.11671 0.01083 -0.11352 0.08986 0.02399 0.01857 0.06866 0.05292 0.09562 0.00000 -0.08769 0.28200 0.03897 -0.19814 -0.11101 -0.02679 0.02585 -0.05963 0.19181 -0.03263 0.13736 -0.19807 -0.06190 -0.00998 -0.06399 -0.13434 -0.09785 -0.14763
0.02518 -0.00324 -0.05991 -0.06188 -0.09815 0.01551 0.06579 -0.02986 0.01162 -0.14208 -0.02829 0.08769 0.70614 -0.08391 -0.04200 -0.01573 0.09684 -0.07795 -0.13994 -0.12487 0.06291 0.04363 -0.06661 -0.06963 0.09499 -0.01620 0.02272 -0.23753 -0.15360 0.14585
-0.29776 -0.07913 0.20172 -0.03458 -0.06755 -0.11095 -0.03015 -0.11059 -0.10990 -0.05031 -0.09333 -0.28200 0.08391 0.00000 -0.09265 0.01075 0.07232 0.20245 -0.40430 0.03319 -0.13051 0.18040 0.06237 -0.04299 -0.31131 -0.08575 -0.03892 0.12768 0.25886 -0.20840
0.01637 0.02274 0.01413 0.02137 0.06225 -0.10931 0.04778 -0.00511 -0.01062 -0.02488 0.13486 -0.03897 0.04200 0.09265 0.21896 0.02658 -0.00613 -0.04421 0.03411 -0.04551 0.13958 -0.01096 0.11488 -0.03779 0.01646 -0.03308 -0.03414 -0.07750 0.05386 -0.09745
-0.01207 0.04975 0.01236 -0.08036 0.03846 -0.10682 0.08067 -0.03285 -0.01325 -0.06849 0.13366 0.19814 0.01573 -0.01075 -0.02658 0.70684 -0.06375 0.07351 -0.04484 0.02515 0.03952 0.01680 0.09699 -0.07341 0.00613 0.05173 -0.03683 0.02513 -0.11569 0.02023
0.04448 -0.09264 -0.07463 -0.01073 -0.07042 -0.17641 -0.12382 0.02044 0.03346 -0.06701 -0.10437 0.11101 -0.09684 -0.07232 0.00613 0.06375 0.00000 -0.12073 0.08402 -0.02216 -0.05303 -0.02490 -0.10635 0.02289 0.09010 -0.02720 0.00921 0.08925 -0.10187 0.17755
-0.14102 -0.06646 -0.03028 0.03228 -0.02498 0.13344 -0.06577 0.04339 0.02269 0.07752 -0.09095 0.02679 0.07795 -0.20245 0.04421 -0.07351 0.12073 0.97235 0.01789 -0.04830 0.11965 -0.03443 0.14143 0.04700 -0.09677 0.05949 -0.06052 -0.13605 0.10558 0.03613
0.03570 -0.01656 -0.12776 -0.00958 -0.10409 -0.03075 -0.01591 0.04868 0.05657 -0.00443 0.05030 -0.02585 0.13994 0.40430 -0.03411 0.04484 -0.08402 -0.01789 1.06170 0.04793 0.17542 -0.06710 -0.17209 0.01130 -0.00094 -0.01434 0.09614 0.28051 -0.14044 -0.02123
-0.04796 -0.17244 -0.10224 0.14470 0.03921 0.08276 -0.08010 0.01033 0.05847 0.02267 0.06535 0.05963 0.12487 -0.03319 0.04551 -0.02515 0.02216 0.04830 -0.04793 0.70007 0.13065 -0.03059 0.13298 0.04497 0.02298 -0.16076 0.02432 0.04457 0.03984 -0.03026
0.09953 0.10113 -0.03119 0.20524 -0.01159 0.26501 0.09555 -0.05522 0.00305 0.04534 -0.08862 -0.19181 -0.06291 0.13051 -0.13958 -0.03952 0.05303 -0.11965 -0.17542 -0.13065 0.00000 0.10086 -0.16350 0.08384 0.00188 -0.03260 0.00076 -0.02038 0.19852 0.09063
-0.02440 -0.01804 0.08253 0.01832 0.04346 -0.01577 -0.01831 -0.00942 -0.03818 -0.00859 0.02463 0.03263 -0.04363 -0.18040 0.01096 -0.01680 0.02490 0.03443 0.06710 0.03059 -0.10086 0.99495 0.08161 -0.01108 -0.00932 -0.01796 -0.01819 -0.06912 0.00659 0.00203
-0.04269 -0.31370 -0.09719 0.03522 -0.19661 0.07304 -0.09242 0.07826 0.04762 -0.01932 -0.07331 -0.13736 0.06661 -0.06237 -0.11488 -0.09699 0.10635 -0.14143 0.17209 -0.13298 0.16350 -0.08161 0.00000 -0.04952 0.12237 -0.17741 0.10511 -0.01643 0.13170 -0.02887
0.03217 0.03969 -0.03026 0.14211 0.00420 0.07203 0.04684 -0.01472 0.00728 -0.03231 0.03573 0.19807 0.06963 0.04299 0.03779 0.07341 -0.02289 -0.04700 -0.01130 -0.04497 -0.08384 0.01108 0.04952 0.53595 0.06717 -0.07394 0.00918 0.05725 -0.09005 -0.00689
0.02450 -0.00786 0.02224 -0.00535 -0.06027 -0.07199 0.06634 -0.02650 -0.01901 -0.10859 0.11761 0.06190 -0.09499 0.31131 -0.01646 -0.00613 -0.09010 0.09677 0.00094 -0.02298 -0.00188 0.00932 -0.12237 -0.06717 0.76324 0.09501 0.02902 0.03045 -0.04643 0.00816
0.02444 0.03902 0.05132 0.02621 0.12364 0.02016 0.03948 -0.02006 -0.02189 -0.04949 0.02513 0.00998 0.01620 0.08575 0.03308 -0.05173 0.02720 -0.05949 0.01434 0.16076 0.03260 0.01796 0.17741 0.07394 -0.09501 0.54462 0.25717 -0.18173 -0.08930 -0.06503
0.00498 -0.02736 -0.03594 -0.06972 0.03188 0.11907 -0.02898 0.00594 0.01972 -0.12153 -0.18747 0.06399 -0.02272 0.03892 0.03414 0.03683 -0.00921 0.06052 -0.09614 -0.02432 -0.00076 0.01819 -0.10511 -0.00918 -0.02902 -0.25717 0.46326 0.06679 0.03789 0.07010
-0.00677 -0.10607 -0.09750 0.14806 -0.14999 0.12508 -0.02403 -0.04717 0.04156 -0.06039 -0.00994 0.13434 0.23753 -0.12768 0.07750 -0.02513 -0.08925 0.13605 -0.28051 -0.04457 0.02038 0.06912 0.01643 -0.05725 -0.03045 0.18173 -0.06679 0.00000 -0.16867 0.03032
0.18869 0.19885 0.13146 -0.20279 -0.15733 0.15462 0.14366 0.00489 -0.07821 -0.09330 -0.07587 0.09785 0.15360 -0.25886 -0.05386 0.11569 0.10187 -0.10558 0.14044 -0.03984 -0.19852 -0.00659 -0.13170 0.09005 0.04643 0.08930 -0.03789 0.16867 1.05118 0.14129
-0.03831 -0.20631 -0.04178 -0.06132 -0.09470 0.06265 -0.01548 -0.00713 0.02912 0.10273 -0.01238 0.14763 -0.14585 0.20840 0.09745 -0.02023 -0.17755 -0.03613 0.02123 0.03026 -0.09063 -0.00203 0.02887 0.00689 -0.00816 0.06503 -0.07010 -0.03032 -0.14129 0.00000
