0.30701 0.00335 0.01167 -0.00735 -0.00377 -0.01457 -0.00500 -0.00328 0.00295 -0.00498 0.00766 0.00365 -0.00981 -0.00625 0.02095 0.01770 -0.00621 0.01279 -0.00039 0.00913 0.00405 0.01091 -0.00229 0.00681 -0.00180 0.02081 -0.00512 0.01358 -0.00690 0.00850
-0.00335 0.31173 -0.00922 0.00624 -0.00112 -0.00137 -0.00962 -0.00105 -0.00434 -0.01830 0.01676 0.03017 -0.00684 0.00436 0.00034 0.01225 0.00273 0.00522 0.00943 -0.01190 -0.00859 0.01200 -0.02277 -0.03597 0.00736 -0.00735 -0.01261 -0.00971 -0.01972 0.00905
-0.01167 0.00922 0.21092 0.00914 -0.00944 -0.00424 0.01117 0.00313 0.01137 0.00535 0.00483 -0.00786 -0.01802 0.01467 0.00176 0.01525 -0.00181 0.00929 0.02256 -0.00329 0.01491 -0.00348 -0.00021 -0.00807 -0.00454 -0.01153 0.00994 -0.00494 -0.00746 0.01666
0.00735 -0.00624 -0.00914 0.51020 0.01663 -0.01286 -0.00020 0.00271 -0.01067 -0.02219 0.01063 0.00528 0.01555 0.00356 0.00461 0.00221 0.00096 0.00419 0.00899 0.01107 -0.01246 0.01020 -0.00306 -0.00372 -0.00896 0.00334 -0.00878 0.01346 0.01519 -0.01161
0.00377 0.00112 0.00944 -0.01663 0.55741 -0.00616 0.02157 -0.00548 0.00391 -0.00728 -0.00836 0.00323 -0.01090 0.00139 -0.01632 -0.00162 0.00050 0.01457 -0.01138 0.00811 -0.00251 0.01262 0.00418 0.01145 0.01487 -0.01691 -0.00229 0.00065 -0.00301 -0.00080
0.01457 0.00137 0.00424 0.01286 0.00616 0.33635 0.00551 -0.01705 0.01171 -0.00183 -0.01242 -0.00818 0.00358 0.01658 -0.00162 -0.01336 0.00609 0.00180 -0.00086 -0.00459 -0.00137 0.01639 -0.01150 -0.01558 -0.00764 0.01569 0.01103 0.00016 0.00104 0.00450
0.00500 0.00962 -0.01117 0.00020 -0.02157 -0.00551 0.77600 -0.02182 0.00109 0.01710 0.00293 0.00072 -0.00377 0.00805 -0.00273 -0.00692 -0.01365 -0.01204 -0.00034 0.00282 -0.00815 -0.00054 0.00149 -0.00096 -0.00285 0.02383 -0.00297 -0.00267 0.00739 -0.00019
0.00328 0.00105 -0.00313 -0.00271 0.00548 0.01705 0.02182 0.09729 0.00635 0.00571 0.00651 -0.00426 0.00376 0.00923 -0.00144 -0.00094 -0.01880 -0.01759 0.00638 0.00064 0.01126 0.00419 -0.00286 -0.01526 -0.00574 -0.00765 0.00849 -0.00218 -0.01483 0.00700
-0.00295 0.00434 -0.01137 0.01067 -0.00391 -0.01171 -0.00109 -0.00635 0.90202 -0.00443 0.00065 0.00505 -0.00418 0.00417 -0.00450 -0.01065 -0.01149 0.01316 -0.00706 0.00854 -0.00188 -0.00486 -0.00053 -0.00526 0.00326 0.00193 -0.00828 0.00480 -0.00810 -0.00017
0.00498 0.01830 -0.00535 0.02219 0.00728 0.00183 -0.01710 -0.00571 0.00443 0.89711 0.00316 0.00015 -0.00740 -0.02536 0.00541 0.00456 -0.02063 0.00582 0.00134 0.00041 -0.01988 0.00393 0.00675 0.01019 0.01186 0.02662 0.00099 -0.01645 0.00920 0.00579
-0.00766 -0.01676 -0.00483 -0.01063 0.00836 0.01242 -0.00293 -0.00651 -0.00065 -0.00316 0.30826 -0.01459 0.01242 0.00308 -0.01343 0.01201 -0.00379 -0.02507 -0.00284 -0.00505 0.00734 -0.00254 0.00688 0.00913 -0.00892 0.00554 -0.01207 0.00123 0.00067 0.00413
-0.00365 -0.03017 0.00786 -0.00528 -0.00323 0.00818 -0.00072 0.00426 -0.00505 -0.00015 0.01459 0.08982 -0.02102 -0.01396 -0.00049 0.00252 -0.00609 -0.00629 -0.00547 -0.00120 -0.00655 0.00442 0.02146 -0.00021 -0.00149 0.01120 0.00868 0.00543 0.00448 -0.00653
0.00981 0.00684 0.01802 -0.01555 0.01090 -0.00358 0.00377 -0.00376 0.00418 0.00740 -0.01242 0.02102 0.97898 -0.00798 -0.00246 -0.01292 0.00536 -0.01402 -0.00703 0.00118 -0.00757 -0.01182 -0.02134 0.01115 -0.00278 0.00142 -0.01197 0.00855 -0.01505 -0.00800
0.00625 -0.00436 -0.01467 -0.00356 -0.00139 -0.01658 -0.00805 -0.00923 -0.00417 0.02536 -0.00308 0.01396 0.00798 0.00011 0.00561 -0.00780 -0.00782 -0.00990 0.00658 0.01616 -0.00603 0.00812 0.00078 -0.00594 -0.01810 0.00576 -0.00115 -0.00907 0.00055 -0.01391
-0.02095 -0.00034 -0.00176 -0.00461 0.01632 0.00162 0.00273 0.00144 0.00450 -0.00541 0.01343 0.00049 0.00246 -0.00561 0.03215 0.00818 0.01577 0.00493 -0.01321 -0.01140 -0.00279 0.01250 -0.00074 0.01376 0.00354 -0.01092 -0.00773 -0.00676 -0.01066 0.01538
-0.01770 -0.01225 -0.01525 -0.00221 0.00162 0.01336 0.00692 0.00094 0.01065 -0.00456 -0.01201 -0.00252 0.01292 0.00780 -0.00818 0.61079 -0.00675 -0.01553 -0.00134 0.01744 -0.00595 -0.00717 0.01407 -0.00614 -0.00084 -0.00298 -0.00272 -0.00537 0.00305 -0.01561
0.00621 -0.00273 0.00181 -0.00096 -0.00050 -0.00609 0.01365 0.01880 0.01149 0.02063 0.00379 0.00609 -0.00536 0.00782 -0.01577 0.00675 0.16099 -0.01032 -0.00962 -0.00068 0.01370 -0.00167 0.00785 0.00418 0.00248 0.00653 -0.01804 -0.01247 -0.00070 0.01306
-0.01279 -0.00522 -0.00929 -0.00419 -0.01457 -0.00180 0.01204 0.01759 -0.01316 -0.00582 0.02507 0.00629 0.01402 0.00990 -0.00493 0.01553 0.01032 0.14449 0.01219 -0.00723 -0.00173 -0.00710 -0.00249 -0.00618 -0.01076 -0.00801 0.01193 -0.01271 0.01158 0.00171
0.00039 -0.00943 -0.02256 -0.00899 0.01138 0.00086 0.00034 -0.00638 0.00706 -0.00134 0.00284 0.00547 0.00703 -0.00658 0.01321 0.00134 0.00962 -0.01219 0.72467 0.00534 0.00801 0.00089 -0.00494 0.00650 0.00309 0.00162 -0.00382 -0.01259 0.00912 -0.01066
-0.00913 0.01190 0.00329 -0.01107 -0.00811 0.00459 -0.00282 -0.00064 -0.00854 -0.00041 0.00505 0.00120 -0.00118 -0.01616 0.01140 -0.01744 0.00068 0.00723 -0.00534 0.58043 0.02033 0.00512 0.00817 -0.01256 0.00567 -0.00151 -0.00553 0.00105 -0.02390 0.00334
-0.00405 0.00859 -0.01491 0.01246 0.00251 0.00137 0.00815 -0.01126 0.00188 0.01988 -0.00734 0.00655 0.00757 0.00603 0.00279 0.00595 -0.01370 0.00173 -0.00801 -0.02033 0.82255 -0.00127 0.00300 0.00640 -0.00219 -0.00873 0.01673 0.00409 -0.00373 -0.00484
-0.01091 -0.01200 0.00348 -0.01020 -0.01262 -0.01639 0.00054 -0.00419 0.00486 -0.00393 0.00254 -0.00442 0.01182 -0.00812 -0.01250 0.00717 0.00167 0.00710 -0.00089 -0.00512 0.00127 0.88709 0.00144 0.00240 -0.00246 0.00145 -0.00933 -0.00891 0.00612 0.00083
0.00229 0.02277 0.00021 0.00306 -0.00418 0.01150 -0.00149 0.00286 0.00053 -0.00675 -0.00688 -0.02146 0.02134 -0.00078 0.00074 -0.01407 -0.00785 0.00249 0.00494 -0.00817 -0.00300 -0.00144 0.09177 -0.00519 0.00221 -0.00421 -0.00387 -0.00355 0.01712 -0.00811
-0.00681 0.03597 0.00807 0.00372 -0.01145 0.01558 0.00096 0.01526 0.00526 -0.01019 -0.00913 0.00021 -0.01115 0.00594 -0.01376 0.00614 -0.00418 0.00618 -0.00650 0.01256 -0.00640 -0.00240 0.00519 0.40889 -0.00259 0.00145 -0.01422 0.00771 -0.03282 -0.00278
0.00180 -0.00736 0.00454 0.00896 -0.01487 0.00764 0.00285 0.00574 -0.00326 -0.01186 0.00892 0.00149 0.00278 0.01810 -0.00354 0.00084 -0.00248 0.01076 -0.00309 -0.00567 0.00219 0.00246 -0.00221 0.00259 0.11607 0.00242 0.01115 -0.00778 0.01383 -0.00239
-0.02081 0.00735 0.01153 -0.00334 0.01691 -0.01569 -0.02383 0.00765 -0.00193 -0.02662 -0.00554 -0.01120 -0.00142 -0.00576 0.01092 0.00298 -0.00653 0.00801 -0.00162 0.00151 0.00873 -0.00145 0.00421 -0.00145 -0.00242 0.24177 0.00833 0.02109 0.00381 0.01713
0.00512 0.01261 -0.00994 0.00878 0.00229 -0.01103 0.00297 -0.00849 0.00828 -0.00099 0.01207 -0.00868 0.01197 0.00115 0.00773 0.00272 0.01804 -0.01193 0.00382 0.00553 -0.01673 0.00933 0.00387 0.01422 -0.01115 -0.00833 0.40624 0.01645 0.01558 0.00295
-0.01358 0.00971 0.00494 -0.01346 -0.00065 -0.00016 0.00267 0.00218 -0.00480 0.01645 -0.00123 -0.00543 -0.00855 0.00907 0.00676 0.00537 0.01247 0.01271 0.01259 -0.00105 -0.00409 0.00891 0.00355 -0.00771 0.00778 -0.02109 -0.01645 0.03794 0.00606 0.02204
0.00690 0.01972 0.00746 -0.01519 0.00301 -0.00104 -0.00739 0.01483 0.00810 -0.00920 -0.00067 -0.00448 0.01505 -0.00055 0.01066 -0.00305 0.00070 -0.01158 -0.00912 0.02390 0.00373 -0.00612 -0.01712 0.03282 -0.01383 -0.00381 -0.01558 -0.00606 0.73885 -0.00825
-0.00850 -0.00905 -0.01666 0.01161 0.00080 -0.00450 0.00019 -0.00700 0.00017 -0.00579 -0.00413 0.00653 0.00800 0.01391 -0.01538 0.01561 -0.01306 -0.00171 0.01066 -0.00334 0.00484 -0.00083 0.00811 0.00278 0.00239 -0.01713 -0.00295 -0.02204 0.00825 0.75133
