0.00000 0.25848 -0.03543 -0.04696 -0.07773 0.05857 0.07501 -0.00278 0.01453 -0.05968 -0.11426 0.07238 -0.27913 0.00543 0.03377 0.00072 -0.08235 0.03584 0.02539 0.05611 0.01977 0.00314 0.06754 -0.00468 0.00595 0.16942 -0.09290 -0.03488 -0.18416 0.00330
-0.25848 0.00000 0.03171 -0.08279 -0.14270 0.03912 -0.15783 -0.00489 -0.00853 0.23491 0.09423 0.02699 0.00205 0.07145 -0.23640 0.00949 0.14092 0.15137 0.01341 0.06908 -0.11249 0.00456 0.05410 -0.10514 0.09510 -0.19015 -0.04189 0.02199 0.03127 0.28671
0.03543 -0.03171 1.00061 -0.01932 -0.03444 -0.07256 -0.01055 0.01482 -0.00422 0.00591 0.12656 0.04185 0.12086 -0.00360 -0.01220 -0.03239 -0.01458 -0.04383 0.08190 0.01783 0.07510 -0.02481 0.00672 -0.01621 0.00689 -0.00803 0.01439 0.01824 -0.12031 -0.00837
0.04696 0.08279 0.01932 0.13002 -0.06549 -0.06122 -0.03630 0.00165 -0.00650 -0.11060 0.12645 0.03813 -0.00770 -0.03452 -0.02155 0.16189 -0.04770 0.18207 0.03667 -0.09650 -0.00822 -0.01016 0.01438 -0.27583 -0.02412 -0.02680 0.23132 -0.27447 0.03281 0.05804
0.07773 0.14270 0.03444 0.06549 0.00000 0.11166 0.37554 0.00208 -0.00904 0.19107 0.19037 -0.01692 0.09169 -0.02389 0.09614 0.01860 0.10902 0.05827 0.02482 -0.09746 0.04399 -0.00368 0.19594 -0.00186 -0.18197 -0.20177 -0.05977 -0.04221 0.04037 0.30065
-0.05857 -0.03912 0.07256 0.06122 -0.11166 0.00000 0.01691 -0.01687 -0.01617 -0.02808 0.02303 -0.10849 0.16774 -0.05970 0.18333 0.07690 0.12085 0.02730 0.03310 0.12694 -0.08809 0.00475 0.01265 -0.04772 0.04490 0.03392 0.08168 -0.19074 0.08417 -0.08659
-0.07501 0.15783 0.01055 0.03630 -0.37554 -0.01691 0.00000 -0.00727 -0.00597 0.03832 0.02703 -0.00155 -0.06169 -0.06771 0.14198 -0.22576 0.17650 0.15271 0.02052 0.05406 -0.09596 0.00559 -0.03612 -0.03288 -0.03991 0.06260 -0.00513 0.09188 0.04521 -0.19657
0.00278 0.00489 -0.01482 -0.00165 -0.00208 0.01687 0.00727 1.00106 0.00342 -0.00394 0.01660 -0.00100 0.00931 0.00569 0.00094 -0.00102 -0.00797 -0.00842 -0.03209 -0.00400 0.00183 0.00050 0.00049 0.01100 0.01172 -0.00724 -0.00635 -0.00198 0.02043 -0.00070
-0.01453 0.00853 0.00422 0.00650 0.00904 0.01617 0.00597 -0.00342 1.00208 -0.00321 -0.02742 -0.01314 -0.02456 0.00029 0.00732 0.00853 0.00145 0.01250 -0.01522 -0.00678 -0.01567 0.00469 -0.00149 0.00868 0.00020 -0.00267 -0.00661 -0.00712 0.02694 -0.00141
0.05968 -0.23491 -0.00591 0.11060 -0.19107 0.02808 -0.03832 0.00394 0.00321 0.00000 -0.07893 -0.05459 -0.04149 -0.04711 -0.01141 0.11868 0.01805 0.07149 -0.01862 0.02980 0.02738 0.00185 0.21852 0.07342 0.07043 -0.14252 0.09218 0.08779 0.01346 -0.04173
0.11426 -0.09423 -0.12656 -0.12645 -0.19037 -0.02303 -0.02703 -0.01660 0.02742 0.07893 0.00000 0.10618 0.13821 0.31496 -0.01724 -0.12347 -0.07806 -0.02038 -0.04623 -0.21146 0.25870 -0.00376 -0.02278 -0.05013 -0.05107 -0.00142 0.13829 0.11988 -0.35264 -0.00804
-0.07238 -0.02699 -0.04185 -0.03813 0.01692 0.10849 0.00155 0.00100 0.01314 0.05459 -0.10618 0.00000 -0.15049 -0.00503 0.07700 -0.18265 0.01254 -0.17192 -0.02106 0.02310 -0.01634 0.00222 0.22986 -0.35602 0.02692 -0.01510 -0.02208 -0.11935 -0.08035 -0.25792
0.27913 -0.00205 -0.12086 0.00770 -0.09169 -0.16774 0.06169 -0.00931 0.02456 0.04149 -0.13821 0.15049 0.00000 -0.22951 -0.17358 -0.16804 -0.06321 -0.26922 -0.23492 0.14478 0.20084 0.02656 -0.04530 -0.14983 0.07612 -0.16164 0.11717 -0.01162 -0.02245 0.09022
-0.00543 -0.07145 0.00360 0.03452 0.02389 0.05970 0.06771 -0.00569 -0.00029 0.04711 -0.31496 0.00503 0.22951 0.00000 0.10236 0.05997 0.08531 0.20647 -0.12267 0.32138 0.07501 0.01837 0.03431 -0.07370 -0.14042 0.02220 -0.09212 0.01302 0.19116 -0.15890
-0.03377 0.23640 0.01220 0.02155 -0.09614 -0.18333 -0.14198 -0.00094 -0.00732 0.01141 0.01724 -0.07700 0.17358 -0.10236 0.00000 0.02795 -0.28429 -0.01904 -0.01784 -0.04120 -0.00162 -0.00299 0.13159 -0.03388 0.04973 -0.13674 -0.22288 -0.12622 0.04577 -0.02940
-0.00072 -0.00949 0.03239 -0.16189 -0.01860 -0.07690 0.22576 0.00102 -0.00853 -0.11868 0.12347 0.18265 0.16804 -0.05997 -0.02795 0.15799 -0.13022 0.04302 0.00971 0.02632 -0.08780 -0.00497 0.11548 -0.07516 0.01676 0.08809 0.02608 0.16887 0.03583 -0.00051
0.08235 -0.14092 0.01458 0.04770 -0.10902 -0.12085 -0.17650 0.00797 -0.00145 -0.01805 0.07806 -0.01254 0.06321 -0.08531 0.28429 0.13022 0.00000 -0.18010 0.01953 -0.03707 -0.11072 -0.00768 -0.04849 -0.17641 -0.02971 0.11992 -0.06794 0.22302 0.01662 0.15324
-0.03584 -0.15137 0.04383 -0.18207 -0.05827 -0.02730 -0.15271 0.00842 -0.01250 -0.07149 0.02038 0.17192 0.26922 -0.20647 0.01904 -0.04302 0.18010 0.74296 0.01041 -0.09375 0.17766 -0.01229 0.17850 0.10939 -0.07266 0.12528 -0.09513 -0.24440 0.13235 0.02196
-0.02539 -0.01341 -0.08190 -0.03667 -0.02482 -0.03310 -0.02052 0.03209 0.01522 0.01862 0.04623 0.02106 0.23492 0.12267 0.01784 -0.00971 -0.01953 -0.01041 0.99478 -0.18901 0.03729 -0.03361 0.00748 -0.00485 -0.04681 0.01971 0.00465 0.02819 -0.12469 -0.00495
-0.05611 -0.06908 -0.01783 0.09650 0.09746 -0.12694 -0.05406 0.00400 0.00678 -0.02980 0.21146 -0.02310 -0.14478 -0.32138 0.04120 -0.02632 0.03707 0.09375 0.18901 0.03894 -0.07612 -0.04088 0.12605 -0.00031 -0.01052 -0.08007 -0.04137 -0.07063 -0.33663 -0.05510
-0.01977 0.11249 -0.07510 0.00822 -0.04399 0.08809 0.09596 -0.00183 0.01567 -0.02738 -0.25870 0.01634 -0.20084 -0.07501 0.00162 0.08780 0.11072 -0.17766 -0.03729 0.07612 0.00000 0.00997 0.05457 0.04420 -0.00912 0.11349 0.02908 -0.16052 -0.13011 0.17510
-0.00314 -0.00456 0.02481 0.01016 0.00368 -0.00475 -0.00559 -0.00050 -0.00469 -0.00185 0.00376 -0.00222 -0.02656 -0.01837 0.00299 0.00497 0.00768 0.01229 0.03361 0.04088 -0.00997 1.00031 -0.00055 0.00163 -0.00172 0.00269 -0.01094 -0.00773 -0.00676 -0.00584
-0.06754 -0.05410 -0.00672 -0.01438 -0.19594 -0.01265 0.03612 -0.00049 0.00149 -0.21852 0.02278 -0.22986 0.04530 -0.03431 -0.13159 -0.11548 0.04849 -0.17850 -0.00748 -0.12605 -0.05457 0.00055 0.00000 0.09094 0.13438 -0.08023 -0.04100 -0.05975 -0.03740 0.15117
0.00468 0.10514 0.01621 0.27583 0.00186 0.04772 0.03288 -0.01100 -0.00868 -0.07342 0.05013 0.35602 0.14983 0.07370 0.03388 0.07516 0.17641 -0.10939 0.00485 0.00031 -0.04420 -0.00163 -0.09094 0.00000 0.01650 -0.09895 -0.13514 0.02547 0.04195 -0.09780
-0.00595 -0.09510 -0.00689 0.02412 0.18197 -0.04490 0.03991 -0.01172 -0.00020 -0.07043 0.05107 -0.02692 -0.07612 0.14042 -0.04973 -0.01676 0.02971 0.07266 0.04681 0.01052 0.00912 0.00172 -0.13438 -0.01650 0.02536 0.06276 -0.07509 -0.14037 -0.14240 0.03002
-0.16942 0.19015 0.00803 0.02680 0.20177 -0.03392 -0.06260 0.00724 0.00267 0.14252 0.00142 0.01510 0.16164 -0.02220 0.13674 -0.08809 -0.11992 -0.12528 -0.01971 0.08007 -0.11349 -0.00269 0.08023 0.09895 -0.06276 0.00000 0.36560 -0.06744 0.01141 0.04705
0.09290 0.04189 -0.01439 -0.23132 0.05977 -0.08168 0.00513 0.00635 0.00661 -0.09218 -0.13829 0.02208 -0.11717 0.09212 0.22288 -0.02608 0.06794 0.09513 -0.00465 0.04137 -0.02908 0.01094 0.04100 0.13514 0.07509 -0.36560 0.00000 -0.02749 0.00068 0.06743
0.03488 -0.02199 -0.01824 0.27447 0.04221 0.19074 -0.09188 0.00198 0.00712 -0.08779 -0.11988 0.11935 0.01162 -0.01302 0.12622 -0.16887 -0.22302 0.24440 -0.02819 0.07063 0.16052 0.00773 0.05975 -0.02547 0.14037 0.06744 0.02749 0.00000 -0.01918 0.21106
0.18416 -0.03127 0.12031 -0.03281 -0.04037 -0.08417 -0.04521 -0.02043 -0.02694 -0.01346 0.35264 0.08035 0.02245 -0.19116 -0.04577 -0.03583 -0.01662 -0.13235 0.12469 0.33663 0.13011 0.00676 0.03740 -0.04195 0.14240 -0.01141 -0.00068 0.01918 1.00097 -0.00687
-0.00330 -0.28671 0.00837 -0.05804 -0.30065 0.08659 0.19657 0.00070 0.00141 0.04173 0.00804 0.25792 -0.09022 0.15890 0.02940 0.00051 -0.15324 -0.02196 0.00495 0.05510 -0.17510 0.00584 -0.15117 0.09780 -0.03002 -0.04705 -0.06743 -0.21106 0.00687 0.00000
