0.00000 -0.03920 0.01650 -0.09126 0.03657 -0.12295 -0.04817 0.00078 0.00183 -0.13458 -0.00878 0.05559 -0.03145 -0.00940 -0.15456 0.11140 0.26827 -0.18424 0.04795 -0.17265 0.20075 -0.00222 0.21940 -0.06065 0.02828 -0.15773 -0.05516 -0.05803 0.07198 0.17421
0.03920 0.00000 0.00353 0.01343 0.17037 0.16639 0.11261 0.00806 0.00153 0.06938 -0.06767 -0.11771 -0.05500 -0.04992 0.03814 0.06774 -0.16340 0.08055 0.02863 0.03358 -0.01482 -0.00307 0.02312 -0.04943 -0.14250 0.04752 0.16351 -0.00615 0.08257 -0.18001
-0.01650 -0.00353 0.99518 -0.00074 0.02679 -0.00092 0.00342 0.00400 0.00070 -0.03051 -0.02373 -0.00431 -0.01721 -0.00994 0.00270 -0.00291 0.00060 -0.00365 0.01586 0.03307 0.00714 0.00112 0.01559 -0.02513 0.00258 -0.01028 0.00647 -0.00605 -0.13062 0.00490
0.09126 -0.01343 0.00074 0.00000 -0.10342 0.21593 -0.02460 0.00305 -0.00198 0.17440 0.14119 -0.07325 -0.01597 -0.02155 -0.01100 0.02525 -0.10349 -0.00316 0.02916 -0.12481 -0.04124 -0.00364 0.08240 -0.11255 -0.29603 0.01631 0.01235 -0.16022 0.02657 -0.05985
-0.03657 -0.17037 -0.02679 0.10342 0.00000 0.14069 0.03717 -0.00515 0.00463 0.02495 0.01779 -0.09707 0.07075 -0.09545 0.01819 -0.08144 -0.07561 -0.02252 -0.09680 -0.04193 -0.10836 0.02367 -0.06091 0.16199 0.03560 -0.12465 -0.04510 -0.24478 0.01867 0.13593
0.12295 -0.16639 0.00092 -0.21593 -0.14069 0.00000 -0.11924 0.00341 -0.00204 0.02513 -0.08382 -0.09260 -0.04300 -0.01175 0.06342 0.03142 -0.12638 -0.00111 0.01652 -0.02444 -0.09365 -0.00049 0.00788 0.11882 0.03423 -0.12459 0.21761 -0.21435 0.04443 -0.12029
0.04817 -0.11261 -0.00342 0.02460 -0.03717 0.11924 0.00000 -0.00049 -0.00089 -0.05861 0.07300 -0.01442 0.12486 0.00765 0.11815 -0.09808 -0.00263 0.05988 -0.02123 -0.03823 -0.08965 0.00433 -0.03505 0.04620 0.02525 -0.07907 -0.08325 0.02854 -0.02263 -0.06520
-0.00078 -0.00806 -0.00400 -0.00305 0.00515 -0.00341 0.00049 1.00167 -0.00053 -0.00462 0.00807 -0.00143 -0.00678 -0.00706 -0.00230 0.00379 -0.00155 0.00172 -0.00990 0.00601 -0.00008 -0.00190 0.00807 -0.00659 -0.00048 -0.00391 0.00329 -0.00519 0.06226 0.00212
-0.00183 -0.00153 -0.00070 0.00198 -0.00463 0.00204 0.00089 0.00053 1.00037 -0.00084 -0.00176 0.00008 0.00162 0.00209 0.00145 -0.00445 0.00023 0.00200 0.00385 0.00070 -0.00120 -0.00021 -0.00036 0.00254 -0.00073 0.00053 -0.00114 -0.00060 -0.01066 -0.00049
0.13458 -0.06938 0.03051 -0.17440 -0.02495 -0.02513 0.05861 0.00462 0.00084 0.00000 0.04441 0.08290 -0.05495 -0.00443 -0.06880 0.01748 -0.15692 0.06211 0.06445 -0.13613 0.15794 -0.00785 0.09396 -0.09068 0.32480 0.06637 -0.19207 0.12596 0.02577 0.06175
0.00878 0.06767 0.02373 -0.14119 -0.01779 0.08382 -0.07300 -0.00807 0.00176 -0.04441 0.00000 0.04521 -0.00969 -0.05743 0.02208 -0.00807 0.14559 0.00253 0.02031 0.03492 -0.02398 0.00991 0.02785 0.07371 -0.06156 0.04136 -0.16507 -0.01443 0.01042 0.06588
-0.05559 0.11771 0.00431 0.07325 0.09707 0.09260 0.01442 0.00143 -0.00008 -0.08290 -0.04521 0.00000 0.03863 0.05897 -0.00471 -0.05017 0.03811 -0.00594 0.03091 0.00619 0.06594 -0.00505 0.09692 -0.15262 0.08842 0.03712 0.09788 -0.05713 -0.00065 -0.11853
0.03145 0.05500 0.01721 0.01597 -0.07075 0.04300 -0.12486 0.00678 -0.00162 0.05495 0.00969 -0.03863 0.00000 0.14140 0.05583 0.14611 -0.00339 -0.06636 0.03646 -0.03503 -0.23448 -0.00277 -0.00515 0.01928 0.06253 -0.01376 -0.12386 0.09490 0.00870 0.07460
0.00940 0.04992 0.00994 0.02155 0.09545 0.01175 -0.00765 0.00706 -0.00209 0.00443 0.05743 -0.05897 -0.14140 0.00000 -0.14333 -0.06479 -0.04070 -0.01469 0.03824 -0.16216 -0.09320 -0.01364 -0.09325 0.10382 -0.05736 -0.15403 0.14485 -0.00572 0.01781 0.02622
0.15456 -0.03814 -0.00270 0.01100 -0.01819 -0.06342 -0.11815 0.00230 -0.00145 0.06880 -0.02208 0.00471 -0.05583 0.14333 0.00000 0.21162 -0.20600 0.07767 -0.01500 -0.10049 -0.00678 -0.00576 -0.05261 0.21844 -0.14244 -0.14852 -0.05700 -0.10865 0.02534 -0.04296
-0.11140 -0.06774 0.00291 -0.02525 0.08144 -0.03142 0.09808 -0.00379 0.00445 -0.01748 0.00807 0.05017 -0.14611 0.06479 -0.21162 0.00000 0.25802 0.10154 0.00207 0.04590 -0.07513 0.01013 0.12138 -0.07270 0.14259 0.12190 0.11364 -0.07067 0.03547 -0.09533
-0.26827 0.16340 -0.00060 0.10349 0.07561 0.12638 0.00263 0.00155 -0.00023 0.15692 -0.14559 -0.03811 0.00339 0.04070 0.20600 -0.25802 0.00000 -0.09804 -0.01687 -0.10488 0.01557 0.00214 0.18580 -0.14891 -0.03812 -0.05044 -0.09967 -0.05579 -0.03923 -0.07637
0.18424 -0.08055 0.00365 0.00316 0.02252 0.00111 -0.05988 -0.00172 -0.00200 -0.06211 -0.00253 0.00594 0.06636 0.01469 -0.07767 -0.10154 0.09804 0.00000 0.00396 0.31353 0.18788 -0.00798 -0.12801 -0.07655 0.13644 0.09247 -0.04781 -0.00424 -0.04909 0.00906
-0.04795 -0.02863 -0.01586 -0.02916 0.09680 -0.01652 0.02123 0.00990 -0.00385 -0.06445 -0.02031 -0.03091 -0.03646 -0.03824 0.01500 -0.00207 0.01687 -0.00396 0.93538 0.06279 -0.02044 -0.02254 0.05311 -0.04710 0.01687 -0.01762 0.02152 -0.05006 -0.36469 0.00641
0.17265 -0.03358 -0.03307 0.12481 0.04193 0.02444 0.03823 -0.00601 -0.00070 0.13613 -0.03492 -0.00619 0.03503 0.16216 0.10049 -0.04590 0.10488 -0.31353 -0.06279 0.00000 0.00028 0.00060 0.07743 0.12875 -0.02180 0.05133 -0.01211 0.06409 -0.06999 0.07815
-0.20075 0.01482 -0.00714 0.04124 0.10836 0.09365 0.08965 0.00008 0.00120 -0.15794 0.02398 -0.06594 0.23448 0.09320 0.00678 0.07513 -0.01557 -0.18788 0.02044 -0.00028 0.00000 0.00474 -0.01602 -0.09062 0.14780 -0.11595 -0.03106 -0.07802 0.01740 -0.19201
0.00222 0.00307 -0.00112 0.00364 -0.02367 0.00049 -0.00433 0.00190 0.00021 0.00785 -0.00991 0.00505 0.00277 0.01364 0.00576 -0.01013 -0.00214 0.00798 0.02254 -0.00060 -0.00474 1.00108 -0.01129 0.01508 -0.01179 0.00268 -0.01200 0.00186 -0.09415 -0.00134
-0.21940 -0.02312 -0.01559 -0.08240 0.06091 -0.00788 0.03505 -0.00807 0.00036 -0.09396 -0.02785 -0.09692 0.00515 0.09325 0.05261 -0.12138 -0.18580 0.12801 -0.05311 -0.07743 0.01602 0.01129 0.00000 0.07604 0.01597 0.29535 -0.03576 0.01016 -0.05673 0.09252
0.06065 0.04943 0.02513 0.11255 -0.16199 -0.11882 -0.04620 0.00659 -0.00254 0.09068 -0.07371 0.15262 -0.01928 -0.10382 -0.21844 0.07270 0.14891 0.07655 0.04710 -0.12875 0.09062 -0.01508 -0.07604 0.00000 -0.14288 0.02611 -0.12580 -0.06944 0.01428 -0.08825
-0.02828 0.14250 -0.00258 0.29603 -0.03560 -0.03423 -0.02525 0.00048 0.00073 -0.32480 0.06156 -0.08842 -0.06253 0.05736 0.14244 -0.14259 0.03812 -0.13644 -0.01687 0.02180 -0.14780 0.01179 -0.01597 0.14288 0.00000 0.00567 0.04276 -0.03452 -0.01110 -0.06848
0.15773 -0.04752 0.01028 -0.01631 0.12465 0.12459 0.07907 0.00391 -0.00053 -0.06637 -0.04136 -0.03712 0.01376 0.15403 0.14852 -0.12190 0.05044 -0.09247 0.01762 -0.05133 0.11595 -0.00268 -0.29535 -0.02611 -0.00567 0.00000 -0.05168 -0.24916 -0.00588 0.00549
0.05516 -0.16351 -0.00647 -0.01235 0.04510 -0.21761 0.08325 -0.00329 0.00114 0.19207 0.16507 -0.09788 0.12386 -0.14485 0.05700 -0.11364 0.09967 0.04781 -0.02152 0.01211 0.03106 0.01200 0.03576 0.12580 -0.04276 0.05168 0.00000 -0.17748 -0.01338 0.00180
0.05803 0.00615 0.00605 0.16022 0.24478 0.21435 -0.02854 0.00519 0.00060 -0.12596 0.01443 0.05713 -0.09490 0.00572 0.10865 0.07067 0.05579 0.00424 0.05006 -0.06409 0.07802 -0.00186 -0.01016 0.06944 0.03452 0.24916 0.17748 0.00000 0.03083 -0.03482
-0.07198 -0.08257 0.13062 -0.02657 -0.01867 -0.04443 0.02263 -0.06226 0.01066 -0.02577 -0.01042 0.00065 -0.00870 -0.01781 -0.02534 -0.03547 0.03923 0.04909 0.36469 0.06999 -0.01740 0.09415 0.05673 -0.01428 0.01110 0.00588 0.01338 -0.03083 0.00000 0.01754
-0.17421 0.18001 -0.00490 0.05985 -0.13593 0.12029 0.06520 -0.00212 0.00049 -0.06175 -0.06588 0.11853 -0.07460 -0.02622 0.04296 0.09533 0.07637 -0.00906 -0.00641 -0.07815 0.19201 0.00134 -0.09252 0.08825 0.06848 -0.00549 -0.00180 0.03482 -0.01754 0.00000
