0.00000 -0.05127 -0.01380 -0.11610 -0.18984 -0.03346 0.16259 0.00302 -0.00077 0.04983 -0.14614 0.06530 -0.18906 -0.15569 -0.02016 0.12017 -0.31421 0.11727 -0.02156 -0.02875 0.05743 -0.00549 -0.08238 0.00133 -0.06409 0.10667 0.11758 0.13256 0.02067 0.02896
0.05127 0.00000 0.01675 0.08755 0.00266 0.11184 -0.23841 0.00059 -0.00139 0.08162 0.06823 -0.15178 0.08068 -0.08504 -0.13814 -0.03413 0.13935 0.15084 0.03614 0.02358 0.09048 -0.00197 -0.09804 0.00763 0.03827 0.16521 -0.00373 -0.01342 -0.07458 0.05500
0.01380 -0.01675 0.99514 -0.00684 0.02350 -0.00450 0.00094 0.00512 -0.00083 0.01811 -0.00777 -0.02759 0.00854 0.01849 -0.00954 0.00152 0.01035 0.01667 0.01318 -0.01252 0.03793 -0.00742 -0.01420 -0.01882 0.02694 -0.00396 0.00714 0.01538 -0.13122 -0.00452
0.11610 -0.08755 0.00684 0.00000 -0.03761 0.10594 0.00309 0.00035 -0.00092 -0.02000 0.06998 0.07980 -0.06843 -0.12019 -0.04484 -0.20862 -0.06388 -0.03333 0.00799 -0.12269 0.07249 0.00157 0.05944 -0.17904 -0.05475 0.09512 -0.13056 -0.15515 0.03848 0.14963
0.18984 -0.00266 -0.02350 0.03761 0.00000 0.08375 0.22223 -0.00552 -0.00134 0.07342 0.01927 0.19891 0.02966 -0.00219 0.10023 -0.00325 -0.06058 -0.05761 -0.00112 0.06716 0.16467 0.00067 0.05011 0.04001 0.06255 0.12927 -0.05070 0.07782 0.01108 -0.00422
0.03346 -0.11184 0.00450 -0.10594 -0.08375 0.00000 -0.10399 -0.00443 -0.00301 0.08330 -0.09525 0.08947 -0.01811 -0.09443 -0.03774 -0.06463 -0.06300 0.06946 0.01709 0.25437 -0.03878 0.01299 0.02575 0.06675 0.17782 -0.12189 -0.01844 -0.13100 0.04873 -0.06982
-0.16259 0.23841 -0.00094 -0.00309 -0.22223 0.10399 0.00000 -0.00226 -0.00037 -0.07751 -0.01996 0.08498 -0.23788 -0.08785 -0.04209 -0.07943 0.07549 -0.26277 -0.02897 0.11731 -0.12159 -0.01786 0.07255 0.09096 -0.04254 0.24755 0.00065 0.23886 -0.03516 -0.04978
-0.00302 -0.00059 -0.00512 -0.00035 0.00552 0.00443 0.00226 1.00196 0.00067 0.00353 0.01131 -0.00058 0.00472 0.00226 -0.00094 -0.00199 0.00253 0.00416 -0.01414 -0.00143 0.00577 -0.00132 -0.00271 -0.00353 0.00706 -0.00024 -0.00278 0.00163 0.05257 -0.00067
0.00077 0.00139 0.00083 0.00092 0.00134 0.00301 0.00037 -0.00067 1.00112 0.00028 -0.00361 -0.00340 -0.00451 0.00226 -0.00580 -0.00026 -0.00029 0.00174 0.00433 0.00032 -0.00130 -0.00012 0.00113 -0.00064 0.00036 0.00099 0.00416 -0.00173 -0.00690 -0.00173
-0.04983 -0.08162 -0.01811 0.02000 -0.07342 -0.08330 0.07751 -0.00353 -0.00028 0.00000 0.03728 -0.08678 0.10655 0.06021 0.25111 -0.17254 0.02803 0.01278 -0.01058 -0.07348 -0.00433 -0.00348 0.06635 -0.11802 0.08636 0.06035 -0.06481 0.06836 -0.01259 -0.08106
0.14614 -0.06823 0.00777 -0.06998 -0.01927 0.09525 0.01996 -0.01131 0.00361 -0.03728 0.00000 -0.01911 -0.08235 -0.01431 0.04326 0.10701 -0.01422 0.03451 0.00305 -0.03870 -0.04148 0.00980 -0.02967 0.03503 0.00570 -0.00769 0.05511 -0.02352 -0.20428 -0.00150
-0.06530 0.15178 0.02759 -0.07980 -0.19891 -0.08947 -0.08498 0.00058 0.00340 0.08678 0.01911 0.00000 0.01307 -0.00776 0.17709 0.10368 -0.34033 -0.12429 -0.02311 -0.01406 -0.07064 -0.00265 -0.03660 -0.00094 -0.33293 -0.02374 -0.11981 -0.16009 0.03020 0.03870
0.18906 -0.08068 -0.00854 0.06843 -0.02966 0.01811 0.23788 -0.00472 0.00451 -0.10655 0.08235 -0.01307 0.00000 0.01797 0.06121 0.01911 -0.04564 0.21438 0.01823 0.06073 -0.13222 0.02848 0.03582 0.15990 0.00057 -0.13688 -0.00075 -0.13166 0.10628 0.07461
0.15569 0.08504 -0.01849 0.12019 0.00219 0.09443 0.08785 -0.00226 -0.00226 -0.06021 0.01431 0.00776 -0.01797 0.00000 -0.13403 -0.16594 0.03141 0.00241 0.01287 0.01880 0.04184 -0.00347 0.12206 -0.09732 0.13093 -0.10977 0.13917 0.13010 -0.02602 0.06968
0.02016 0.13814 0.00954 0.04484 -0.10023 0.03774 0.04209 0.00094 0.00580 -0.25111 -0.04326 -0.17709 -0.06121 0.13403 0.00000 0.07322 -0.01670 -0.07639 -0.03045 0.15570 -0.00604 0.00234 0.24814 0.14975 -0.03663 0.03721 -0.05080 -0.07589 -0.02478 -0.00652
-0.12017 0.03413 -0.00152 0.20862 0.00325 0.06463 0.07943 0.00199 0.00026 0.17254 -0.10701 -0.10368 -0.01911 0.16594 -0.07322 0.00000 -0.02591 0.01308 -0.00480 -0.05925 0.06056 -0.00748 0.15862 -0.03161 -0.05365 -0.17645 0.06612 0.00048 -0.05150 -0.30388
0.31421 -0.13935 -0.01035 0.06388 0.06058 0.06300 -0.07549 -0.00253 0.00029 -0.02803 0.01422 0.34033 0.04564 -0.03141 0.01670 0.02591 0.00000 0.22078 0.02096 -0.02323 -0.21814 0.02414 -0.05712 0.04248 -0.03286 0.04176 0.00373 0.02825 0.13638 -0.20885
-0.11727 -0.15084 -0.01667 0.03333 0.05761 -0.06946 0.26277 -0.00416 -0.00174 -0.01278 -0.03451 0.12429 -0.21438 -0.00241 0.07639 -0.01308 -0.22078 0.00000 0.01649 0.00031 0.12749 -0.00511 -0.14685 -0.09451 0.01697 -0.04821 0.10865 0.05073 0.02758 -0.12846
0.02156 -0.03614 -0.01318 -0.00799 0.00112 -0.01709 0.02897 0.01414 -0.00433 0.01058 -0.00305 0.02311 -0.01823 -0.01287 0.03045 0.00480 -0.02096 -0.01649 0.95957 0.00181 0.03525 -0.01622 -0.03542 -0.03504 -0.00325 0.01839 0.01700 0.04158 -0.34498 -0.00279
0.02875 -0.02358 0.01252 0.12269 -0.06716 -0.25437 -0.11731 0.00143 -0.00032 0.07348 0.03870 0.01406 -0.06073 -0.01880 -0.15570 0.05925 0.02323 -0.00031 -0.00181 0.00000 0.00348 -0.00248 0.14292 0.13867 -0.07237 0.07630 -0.16763 -0.02571 0.00081 0.05612
-0.05743 -0.09048 -0.03793 -0.07249 -0.16467 0.03878 0.12159 -0.00577 0.00130 0.00433 0.04148 0.07064 0.13222 -0.04184 0.00604 -0.06056 0.21814 -0.12749 -0.03525 -0.00348 0.00000 -0.00376 -0.06044 0.02918 -0.13456 -0.17141 0.01332 0.14386 -0.05723 0.09864
0.00549 0.00197 0.00742 -0.00157 -0.00067 -0.01299 0.01786 0.00132 0.00012 0.00348 -0.00980 0.00265 -0.02848 0.00347 -0.00234 0.00748 -0.02414 0.00511 0.01622 0.00248 0.00376 0.99982 0.00236 -0.00350 0.00443 -0.00160 0.01323 -0.00113 -0.05057 -0.01937
0.08238 0.09804 0.01420 -0.05944 -0.05011 -0.02575 -0.07255 0.00271 -0.00113 -0.06635 0.02967 0.03660 -0.03582 -0.12206 -0.24814 -0.15862 0.05712 0.14685 0.03542 -0.14292 0.06044 -0.00236 0.00000 0.00410 -0.08585 0.04296 0.18055 -0.12826 -0.01639 -0.12264
-0.00133 -0.00763 0.01882 0.17904 -0.04001 -0.06675 -0.09096 0.00353 0.00064 0.11802 -0.03503 0.00094 -0.15990 0.09732 -0.14975 0.03161 -0.04248 0.09451 0.03504 -0.13867 -0.02918 0.00350 -0.00410 0.00000 0.16789 -0.08177 0.11155 -0.13986 -0.02588 -0.04414
0.06409 -0.03827 -0.02694 0.05475 -0.06255 -0.17782 0.04254 -0.00706 -0.00036 -0.08636 -0.00570 0.33293 -0.00057 -0.13093 0.03663 0.05365 0.03286 -0.01697 0.00325 0.07237 0.13456 -0.00443 0.08585 -0.16789 0.00000 0.02376 0.23551 0.17640 -0.03321 -0.10445
-0.10667 -0.16521 0.00396 -0.09512 -0.12927 0.12189 -0.24755 0.00024 -0.00099 -0.06035 0.00769 0.02374 0.13688 0.10977 -0.03721 0.17645 -0.04176 0.04821 -0.01839 -0.07630 0.17141 0.00160 -0.04296 0.08177 -0.02376 0.00000 -0.08796 0.01297 0.00716 0.11934
-0.11758 0.00373 -0.00714 0.13056 0.05070 0.01844 -0.00065 0.00278 -0.00416 0.06481 -0.05511 0.11981 0.00075 -0.13917 0.05080 -0.06612 -0.00373 -0.10865 -0.01700 0.16763 -0.01332 -0.01323 -0.18055 -0.11155 -0.23551 0.08796 0.00000 0.03976 0.00915 -0.01297
-0.13256 0.01342 -0.01538 0.15515 -0.07782 0.13100 -0.23886 -0.00163 0.00173 -0.06836 0.02352 0.16009 0.13166 -0.13010 0.07589 -0.00048 -0.02825 -0.05073 -0.04158 0.02571 -0.14386 0.00113 0.12826 0.13986 -0.17640 -0.01297 -0.03976 0.00000 -0.03306 0.11537
-0.02067 0.07458 0.13122 -0.03848 -0.01108 -0.04873 0.03516 -0.05257 0.00690 0.01259 0.20428 -0.03020 -0.10628 0.02602 0.02478 0.05150 -0.13638 -0.02758 0.34498 -0.00081 0.05723 0.05057 0.01639 0.02588 0.03321 -0.00716 -0.00915 0.03306 0.17499 -0.08496
-0.02896 -0.05500 0.00452 -0.14963 0.00422 0.06982 0.04978 0.00067 0.00173 0.08106 0.00150 -0.03870 -0.07461 -0.06968 0.00652 0.30388 0.20885 0.12846 0.00279 -0.05612 -0.09864 0.01937 0.12264 0.04414 0.10445 -0.11934 0.01297 -0.11537 0.08496 0.00000
