0.00000 0.01438 0.00651 0.03595 0.06452 -0.07743 -0.02927 0.00370 -0.00255 0.11432 -0.07966 -0.06566 -0.08493 -0.11261 0.01421 0.04073 -0.06499 -0.06772 -0.10848 -0.02890 0.02064 -0.01559 -0.15533 0.02278 -0.01758 0.00029 -0.04182 0.11271 0.01540 0.10884
-0.01438 0.00000 -0.00908 0.10461 0.04348 -0.03127 0.00011 0.00881 -0.00048 -0.19825 0.18008 0.02531 0.16533 0.03526 -0.15844 0.09184 -0.05380 0.02159 -0.12320 0.04889 -0.10563 -0.02887 -0.00757 -0.03063 0.08068 0.07656 0.19076 0.03978 0.09115 0.11190
-0.00651 0.00908 0.99854 0.00039 0.00092 0.00198 -0.00057 0.00269 -0.00280 -0.00657 0.00605 0.00187 0.00812 -0.00115 -0.00517 0.00750 -0.01047 0.00324 0.02131 0.00087 -0.00213 0.00756 0.00476 -0.00094 0.00077 0.01537 0.01165 -0.00138 -0.04173 0.02548
-0.03595 -0.10461 -0.00039 0.00000 0.06340 0.00162 -0.13180 -0.00088 -0.00045 -0.02605 -0.15371 -0.27669 -0.16027 0.02207 -0.05918 0.05767 0.04033 -0.06119 0.07547 -0.03405 -0.16487 0.01431 -0.04569 0.01958 -0.10140 -0.03148 -0.09327 0.04740 -0.10132 -0.07756
-0.06452 -0.04348 -0.00092 -0.06340 0.00000 0.00874 0.07864 -0.00150 0.00271 -0.08222 -0.08686 -0.14493 -0.02024 -0.11150 0.10641 0.19917 0.02541 0.00464 0.05539 0.15571 0.03452 0.00871 0.13617 0.16517 0.04663 0.11925 0.07422 -0.02443 0.08840 0.04777
0.07743 0.03127 -0.00198 -0.00162 -0.00874 0.00000 0.00789 0.00286 0.00112 -0.11631 -0.11046 -0.15027 0.24283 0.09938 0.04420 -0.03737 -0.03977 0.13867 -0.06043 -0.01202 0.03227 -0.01505 0.04963 -0.04719 -0.08160 -0.08801 0.05808 -0.03008 0.08246 0.17650
0.02927 -0.00011 0.00057 0.13180 -0.07864 -0.00789 0.00000 0.00274 -0.00215 0.14746 -0.06169 0.09886 -0.02511 0.03594 -0.03071 0.06494 -0.13506 -0.02005 -0.10218 -0.05736 0.10203 -0.02122 0.04245 0.04591 0.04108 0.11451 0.14982 0.12890 0.08267 0.09918
-0.00370 -0.00881 -0.00269 0.00088 0.00150 -0.00286 -0.00274 0.99851 0.00015 0.00035 0.00193 -0.00178 -0.00041 -0.00256 -0.00179 0.00003 0.00963 0.00227 -0.01126 0.00528 0.00015 0.00037 -0.00059 -0.00238 0.00032 -0.00998 -0.00102 0.00115 0.02595 -0.01340
0.00255 0.00048 0.00280 0.00045 -0.00271 -0.00112 0.00215 -0.00015 1.00068 0.00358 -0.00669 -0.00213 -0.00065 0.00082 0.00145 -0.00459 0.00105 -0.00174 0.00472 -0.00065 0.00035 0.00003 -0.00333 0.00037 -0.00077 -0.00115 -0.00310 -0.00356 0.00198 -0.00244
-0.11432 0.19825 0.00657 0.02605 0.08222 0.11631 -0.14746 -0.00035 -0.00358 0.00000 -0.00709 0.05505 -0.15259 0.06116 0.04494 0.03054 0.09373 0.00374 0.00008 -0.00998 -0.07865 0.00565 -0.03698 -0.08727 0.05564 0.04679 0.01323 -0.01655 0.10873 -0.04993
0.07966 -0.18008 -0.00605 0.15371 0.08686 0.11046 0.06169 -0.00193 0.00669 0.00709 0.00000 0.02394 -0.17380 0.08939 0.09971 -0.11789 0.14697 -0.01236 0.06991 0.07545 0.11132 0.00580 -0.03007 -0.16229 0.07330 0.05047 -0.10538 -0.05213 -0.14930 0.08983
0.06566 -0.02531 -0.00187 0.27669 0.14493 0.15027 -0.09886 0.00178 0.00213 -0.05505 -0.02394 0.00000 0.05244 -0.13145 -0.02220 -0.03809 0.00448 0.10019 -0.02493 -0.06434 -0.13648 -0.00755 0.10365 0.13655 0.04656 0.06167 0.05995 0.09185 -0.00260 0.03920
0.08493 -0.16533 -0.00812 0.16027 0.02024 -0.24283 0.02511 0.00041 0.00065 0.15259 0.17380 -0.05244 0.00000 0.20748 -0.05261 0.00625 -0.02726 -0.03618 0.07631 0.25238 0.07700 0.01306 -0.01086 -0.04375 0.01599 -0.20407 0.06674 0.17071 -0.04828 0.04151
0.11261 -0.03526 0.00115 -0.02207 0.11150 -0.09938 -0.03594 0.00256 -0.00082 -0.06116 -0.08939 0.13145 -0.20748 0.00000 0.04851 0.01166 -0.01630 -0.00537 -0.06813 -0.03994 -0.14646 -0.01042 0.09087 0.01856 -0.03441 0.01129 0.05787 0.06625 -0.09106 -0.00137
-0.01421 0.15844 0.00517 0.05918 -0.10641 -0.04420 0.03071 0.00179 -0.00145 -0.04494 -0.09971 0.02220 0.05261 -0.04851 0.00000 -0.00694 0.05687 0.08786 -0.07758 -0.02968 -0.04956 -0.01038 -0.10609 0.06083 -0.12079 0.06111 -0.10777 -0.03971 0.08364 -0.03858
-0.04073 -0.09184 -0.00750 -0.05767 -0.19917 0.03737 -0.06494 -0.00003 0.00459 -0.03054 0.11789 0.03809 -0.00625 -0.01166 0.00694 0.00000 0.07429 -0.13646 0.04956 0.04230 0.00677 0.00510 0.05155 0.12073 0.15686 -0.10484 -0.06660 -0.03239 -0.05937 0.00741
0.06499 0.05380 0.01047 -0.04033 -0.02541 0.03977 0.13506 -0.00963 -0.00105 -0.09373 -0.14697 -0.00448 0.02726 0.01630 -0.05687 -0.07429 0.00000 -0.03425 0.07973 0.15975 -0.09664 0.02739 0.11491 0.07272 0.03855 -0.05120 -0.16192 -0.02864 0.09397 0.14990
0.06772 -0.02159 -0.00324 0.06119 -0.00464 -0.13867 0.02005 -0.00227 0.00174 -0.00374 0.01236 -0.10019 0.03618 0.00537 -0.08786 0.13646 0.03425 0.00000 0.04997 -0.18276 0.27567 0.00646 -0.08517 -0.04205 -0.09529 -0.03600 -0.05306 -0.02475 0.00362 -0.09616
0.10848 0.12320 -0.02131 -0.07547 -0.05539 0.06043 0.10218 0.01126 -0.00472 -0.00008 -0.06991 0.02493 -0.07631 0.06813 0.07758 -0.04956 -0.07973 -0.04997 1.01195 -0.02886 -0.01395 -0.01929 0.02901 0.04084 0.01608 0.13057 -0.05651 -0.05621 -0.22091 0.10142
0.02890 -0.04889 -0.00087 0.03405 -0.15571 0.01202 0.05736 -0.00528 0.00065 0.00998 -0.07545 0.06434 -0.25238 0.03994 0.02968 -0.04230 -0.15975 0.18276 0.02886 0.00000 0.04462 0.00832 -0.02010 -0.00015 0.04288 0.26754 0.03169 -0.21919 0.18029 -0.08691
-0.02064 0.10563 0.00213 0.16487 -0.03452 -0.03227 -0.10203 -0.00015 -0.00035 0.07865 -0.11132 0.13648 -0.07700 0.14646 0.04956 -0.00677 0.09664 -0.27567 0.01395 -0.04462 0.00000 0.00396 0.03026 -0.12872 -0.00633 0.08791 0.04673 -0.13428 0.03983 -0.18333
0.01559 0.02887 -0.00756 -0.01431 -0.00871 0.01505 0.02122 -0.00037 -0.00003 -0.00565 -0.00580 0.00755 -0.01306 0.01042 0.01038 -0.00510 -0.02739 -0.00646 0.01929 -0.00832 -0.00396 0.99706 0.01033 0.00485 0.00000 0.03673 0.00101 -0.00765 -0.07999 0.03505
0.15533 0.00757 -0.00476 0.04569 -0.13617 -0.04963 -0.04245 0.00059 0.00333 0.03698 0.03007 -0.10365 0.01086 -0.09087 0.10609 -0.05155 -0.11491 0.08517 -0.02901 0.02010 -0.03026 -0.01033 0.00000 0.01749 0.03914 -0.15431 -0.14722 0.05491 -0.00288 0.05871
-0.02278 0.03063 0.00094 -0.01958 -0.16517 0.04719 -0.04591 0.00238 -0.00037 0.08727 0.16229 -0.13655 0.04375 -0.01856 -0.06083 -0.12073 -0.07272 0.04205 -0.04084 0.00015 0.12872 -0.00485 -0.01749 0.00000 -0.04916 0.10379 0.07133 0.05468 -0.13477 0.19479
0.01758 -0.08068 -0.00077 0.10140 -0.04663 0.08160 -0.04108 -0.00032 0.00077 -0.05564 -0.07330 -0.04656 -0.01599 0.03441 0.12079 -0.15686 -0.03855 0.09529 -0.01608 -0.04288 0.00633 -0.00000 -0.03914 0.04916 0.00000 0.11843 0.06591 0.00056 0.05996 0.06184
-0.00029 -0.07656 -0.01537 0.03148 -0.11925 0.08801 -0.11451 0.00998 0.00115 -0.04679 -0.05047 -0.06167 0.20407 -0.01129 -0.06111 0.10484 0.05120 0.03600 -0.13057 -0.26754 -0.08791 -0.03673 0.15431 -0.10379 -0.11843 0.00000 0.00200 -0.04119 -0.01842 0.05815
0.04182 -0.19076 -0.01165 0.09327 -0.07422 -0.05808 -0.14982 0.00102 0.00310 -0.01323 0.10538 -0.05995 -0.06674 -0.05787 0.10777 0.06660 0.16192 0.05306 0.05651 -0.03169 -0.04673 -0.00101 0.14722 -0.07133 -0.06591 -0.00200 0.00000 0.05621 -0.14491 -0.10226
-0.11271 -0.03978 0.00138 -0.04740 0.02443 0.03008 -0.12890 -0.00115 0.00356 0.01655 0.05213 -0.09185 -0.17071 -0.06625 0.03971 0.03239 0.02864 0.02475 0.05621 0.21919 0.13428 0.00765 -0.05491 -0.05468 -0.00056 0.04119 -0.05621 0.00000 -0.16020 0.05950
-0.01540 -0.09115 0.04173 0.10132 -0.08840 -0.08246 -0.08267 -0.02595 -0.00198 -0.10873 0.14930 0.00260 0.04828 0.09106 -0.08364 0.05937 -0.09397 -0.00362 0.22091 -0.18029 -0.03983 0.07999 0.00288 0.13477 -0.05996 0.01842 0.14491 0.16020 0.00000 -0.10771
-0.10884 -0.11190 -0.02548 0.07756 -0.04777 -0.17650 -0.09918 0.01340 0.00244 0.04993 -0.08983 -0.03920 -0.04151 0.00137 0.03858 -0.00741 -0.14990 0.09616 -0.10142 0.08691 0.18333 -0.03505 -0.05871 -0.19479 -0.06184 -0.05815 0.10226 -0.05950 0.10771 0.01769
