0.00000 0.03533 -0.02299 0.13876 0.00464 0.09307 0.13285 0.00795 -0.00404 -0.02916 -0.17199 -0.13095 0.28543 0.02673 0.08135 -0.08198 -0.02359 0.09352 -0.09072 0.00683 0.01954 -0.03168 -0.15219 -0.05389 0.09292 0.01542 0.11624 0.30025 0.06412 0.15212
-0.03533 0.00000 -0.00047 -0.12341 -0.03525 -0.13815 0.15360 0.01044 0.00139 0.12737 -0.09572 -0.12111 0.12805 -0.07748 0.04013 0.02910 0.12842 0.09327 -0.02520 -0.06165 0.23280 -0.00510 0.01539 -0.06528 0.01250 0.04821 0.09773 -0.02594 0.03483 -0.02867
0.02299 0.00047 1.00406 -0.02894 0.00087 -0.00219 -0.00192 0.00145 -0.00025 -0.01370 0.00755 0.00034 -0.05538 -0.01623 -0.01904 0.01075 -0.00950 0.00482 0.00854 -0.01205 -0.01744 0.00091 0.01279 0.02549 -0.00590 0.00397 0.00076 -0.00256 -0.07706 -0.01161
-0.13876 0.12341 0.02894 0.00000 -0.18571 -0.27777 -0.05526 -0.00336 -0.00089 -0.05345 0.10153 0.11095 0.03363 0.11761 -0.03308 -0.04576 0.02039 -0.02303 0.00054 0.06871 0.00180 -0.00461 -0.12013 -0.02173 -0.09138 -0.10021 0.09525 0.10425 0.00487 0.08285
-0.00464 0.03525 -0.00087 0.18571 0.00000 0.03067 -0.06862 0.00011 -0.00420 -0.01013 0.02053 -0.09187 -0.04821 -0.01674 -0.10863 -0.03249 0.05011 -0.04385 -0.03925 -0.15015 -0.08801 -0.00822 -0.14266 -0.05349 0.25318 -0.08799 0.01782 -0.15475 0.01319 -0.12180
-0.09307 0.13815 0.00219 0.27777 -0.03067 0.00000 0.20385 0.00837 -0.00191 0.02509 -0.07707 -0.01239 0.06589 -0.01007 0.12038 -0.04899 0.08428 -0.08810 -0.05860 -0.13649 -0.01791 -0.02010 -0.01764 0.02440 -0.23299 -0.11494 0.01376 -0.06810 0.06617 -0.19377
-0.13285 -0.15360 0.00192 0.05526 0.06862 -0.20385 0.00000 -0.00425 -0.00518 0.10575 0.03146 0.00031 -0.08946 0.06358 -0.14755 0.00766 0.06030 -0.09537 -0.03135 0.03116 0.07436 -0.00348 -0.17415 -0.14602 -0.05153 0.11493 -0.16057 -0.07491 -0.01276 0.08579
-0.00795 -0.01044 -0.00145 0.00336 -0.00011 -0.00837 0.00425 1.00117 -0.00144 0.00032 -0.00247 -0.00367 -0.01054 -0.00167 -0.01109 -0.00511 -0.00395 -0.00239 -0.01277 -0.00042 -0.00777 -0.00339 -0.00393 -0.00534 -0.00424 -0.00727 0.00671 0.00058 0.03551 -0.00092
0.00404 -0.00139 0.00025 0.00089 0.00420 0.00191 0.00518 0.00144 0.99959 -0.00129 -0.00365 -0.00155 -0.00892 -0.00517 0.00344 0.00010 0.00226 0.00053 0.00251 -0.00296 -0.00153 0.00081 -0.00282 -0.00116 -0.00131 -0.00050 0.00714 -0.00180 -0.01076 -0.00350
0.02916 -0.12737 0.01370 0.05345 0.01013 -0.02509 -0.10575 -0.00032 0.00129 0.00000 0.19828 -0.02128 0.10110 -0.04273 0.01848 0.19066 -0.11717 0.00397 0.03572 0.10711 0.01430 0.01093 -0.13240 0.19700 -0.13836 -0.07142 -0.05964 -0.09328 -0.01876 -0.01822
0.17199 0.09572 -0.00755 -0.10153 -0.02053 0.07707 -0.03146 0.00247 0.00365 -0.19828 0.00000 -0.04969 -0.00562 -0.08425 -0.01297 0.03009 -0.01505 -0.00033 0.02479 0.08455 0.06618 0.00789 -0.08898 0.03335 -0.02465 -0.02113 -0.09805 0.16644 0.00633 -0.04197
0.13095 0.12111 -0.00034 -0.11095 0.09187 0.01239 -0.00031 0.00367 0.00155 0.02128 0.04969 0.00000 -0.16319 0.10376 0.15246 -0.14180 0.17716 0.12765 0.00215 -0.08763 0.03475 0.00688 -0.12199 0.21646 -0.04852 -0.01832 0.16006 -0.10212 0.02400 0.05369
-0.28543 -0.12805 0.05538 -0.03363 0.04821 -0.06589 0.08946 0.01054 0.00892 -0.10110 0.00562 0.16319 0.00000 0.04704 -0.12626 -0.19227 -0.01860 -0.12355 0.03026 0.08296 -0.23471 0.00811 -0.02507 -0.03811 0.06248 0.06511 0.07053 0.08634 0.04346 -0.19279
-0.02673 0.07748 0.01623 -0.11761 0.01674 0.01007 -0.06358 0.00167 0.00517 0.04273 0.08425 -0.10376 -0.04704 0.00000 0.12898 -0.03645 -0.11371 0.01123 0.05763 0.04769 -0.07826 0.01334 0.11143 -0.00781 0.00763 0.22310 -0.16415 0.18241 -0.03004 -0.15744
-0.08135 -0.04013 0.01904 0.03308 0.10863 -0.12038 0.14755 0.01109 -0.00344 -0.01848 0.01297 -0.15246 0.12626 -0.12898 0.00000 0.03762 -0.19253 -0.02978 -0.02087 -0.07868 0.09682 -0.00356 -0.02410 -0.07575 -0.00508 -0.23364 0.00188 0.03127 0.03506 0.11119
0.08198 -0.02910 -0.01075 0.04576 0.03249 0.04899 -0.00766 0.00511 -0.00010 -0.19066 -0.03009 0.14180 0.19227 0.03645 -0.03762 0.00000 -0.04542 -0.08186 -0.03834 0.02397 0.08926 -0.01125 -0.01897 -0.18256 -0.03445 0.03541 -0.00300 -0.05123 0.01668 -0.02753
0.02359 -0.12842 0.00950 -0.02039 -0.05011 -0.08428 -0.06030 0.00395 -0.00226 0.11717 0.01505 -0.17716 0.01860 0.11371 0.19253 0.04542 0.00000 -0.18080 -0.00882 0.00641 -0.04373 -0.00096 -0.07419 -0.10368 -0.00013 -0.07909 -0.00302 0.09112 -0.01737 0.00168
-0.09352 -0.09327 -0.00482 0.02303 0.04385 0.08810 0.09537 0.00239 -0.00053 -0.00397 0.00033 -0.12765 0.12355 -0.01123 0.02978 0.08186 0.18080 0.00000 -0.00399 0.22903 0.10996 -0.00320 0.12355 0.06656 0.02968 -0.08945 -0.18835 -0.01375 -0.02977 -0.08082
0.09072 0.02520 -0.00854 -0.00054 0.03925 0.05860 0.03135 0.01277 -0.00251 -0.03572 -0.02479 -0.00215 -0.03026 -0.05763 0.02087 0.03834 0.00882 0.00399 0.88335 -0.02667 -0.00681 -0.00149 0.01724 0.03646 -0.02000 0.02660 0.02945 0.02371 -0.30042 -0.03004
-0.00683 0.06165 0.01205 -0.06871 0.15015 0.13649 -0.03116 0.00042 0.00296 -0.10711 -0.08455 0.08763 -0.08296 -0.04769 0.07868 -0.02397 -0.00641 -0.22903 0.02667 0.00000 -0.06680 -0.00135 -0.17686 0.10004 -0.13528 0.14968 -0.04015 -0.02626 0.04300 0.07739
-0.01954 -0.23280 0.01744 -0.00180 0.08801 0.01791 -0.07436 0.00777 0.00153 -0.01430 -0.06618 -0.03475 0.23471 0.07826 -0.09682 -0.08926 0.04373 -0.10996 0.00681 0.06680 0.00000 0.00403 -0.02046 -0.04164 0.04915 0.05363 -0.00453 -0.03129 -0.00141 0.10484
0.03168 0.00510 -0.00091 0.00461 0.00822 0.02010 0.00348 0.00339 -0.00081 -0.01093 -0.00789 -0.00688 -0.00811 -0.01334 0.00356 0.01125 0.00096 0.00320 0.00149 0.00135 -0.00403 0.99732 0.00877 0.00651 -0.01159 0.01063 0.00762 0.01008 -0.07720 -0.00669
0.15219 -0.01539 -0.01279 0.12013 0.14266 0.01764 0.17415 0.00393 0.00282 0.13240 0.08898 0.12199 0.02507 -0.11143 0.02410 0.01897 0.07419 -0.12355 -0.01724 0.17686 0.02046 -0.00877 0.00000 -0.05768 -0.11748 0.16935 0.10059 0.13477 0.05291 -0.15651
0.05389 0.06528 -0.02549 0.02173 0.05349 -0.02440 0.14602 0.00534 0.00116 -0.19700 -0.03335 -0.21646 0.03811 0.00781 0.07575 0.18256 0.10368 -0.06656 -0.03646 -0.10004 0.04164 -0.00651 0.05768 0.00000 -0.01066 0.00169 0.06460 -0.09662 0.00962 0.07221
-0.09292 -0.01250 0.00590 0.09138 -0.25318 0.23299 0.05153 0.00424 0.00131 0.13836 0.02465 0.04852 -0.06248 -0.00763 0.00508 0.03445 0.00013 -0.02968 0.02000 0.13528 -0.04915 0.01159 0.11748 0.01066 0.00000 0.12677 -0.01703 -0.03707 -0.03048 0.09601
-0.01542 -0.04821 -0.00397 0.10021 0.08799 0.11494 -0.11493 0.00727 0.00050 0.07142 0.02113 0.01832 -0.06511 -0.22310 0.23364 -0.03541 0.07909 0.08945 -0.02660 -0.14968 -0.05363 -0.01063 -0.16935 -0.00169 -0.12677 0.00000 0.27348 0.01940 0.08009 0.00756
-0.11624 -0.09773 -0.00076 -0.09525 -0.01782 -0.01376 0.16057 -0.00671 -0.00714 0.05964 0.09805 -0.16006 -0.07053 0.16415 -0.00188 0.00300 0.00302 0.18835 -0.02945 0.04015 0.00453 -0.00762 -0.10059 -0.06460 0.01703 -0.27348 0.00000 -0.01777 -0.02986 -0.04019
-0.30025 0.02594 0.00256 -0.10425 0.15475 0.06810 0.07491 -0.00058 0.00180 0.09328 -0.16644 0.10212 -0.08634 -0.18241 -0.03127 0.05123 -0.09112 0.01375 -0.02371 0.02626 0.03129 -0.01008 -0.13477 0.09662 0.03707 -0.01940 0.01777 0.00000 0.03910 -0.02748
-0.06412 -0.03483 0.07706 -0.00487 -0.01319 -0.06617 0.01276 -0.03551 0.01076 0.01876 -0.00633 -0.02400 -0.04346 0.03004 -0.03506 -0.01668 0.01737 0.02977 0.30042 -0.04300 0.00141 0.07720 -0.05291 -0.00962 0.03048 -0.08009 0.02986 -0.03910 0.00000 0.01161
-0.15212 0.02867 0.01161 -0.08285 0.12180 0.19377 -0.08579 0.00092 0.00350 0.01822 0.04197 -0.05369 0.19279 0.15744 -0.11119 0.02753 -0.00168 0.08082 0.03004 -0.07739 -0.10484 0.00669 0.15651 -0.07221 -0.09601 -0.00756 0.04019 0.02748 -0.01161 0.00000
