0.00000 -0.01038 -0.02320 -0.03336 -0.29928 0.00373 -0.04233 0.00863 -0.00033 -0.19538 0.00854 -0.13514 -0.07784 -0.12738 -0.14285 -0.05294 0.19817 -0.02630 -0.01504 0.18754 -0.09986 -0.00339 -0.05425 0.14617 -0.08552 -0.06914 -0.06565 -0.03802 -0.05892 -0.05313
0.01038 0.00000 0.02061 -0.25666 0.08484 -0.04434 0.14942 -0.00608 0.00070 0.12888 -0.02865 0.12209 -0.05750 -0.16791 0.00776 0.04114 0.14474 0.07016 0.03622 -0.04756 0.06561 -0.00568 -0.06360 -0.11835 0.06794 -0.17831 0.02515 0.07104 -0.00246 0.00159
0.02320 -0.02061 1.00581 -0.01650 0.00449 -0.06225 0.00718 0.00817 -0.00486 0.04728 0.04653 -0.00312 0.01648 -0.00408 0.04952 0.00693 0.02643 -0.01223 0.05998 -0.10108 -0.00735 -0.01748 0.03841 -0.00031 0.00014 0.01560 -0.05002 0.00833 -0.12837 0.00445
0.03336 0.25666 0.01650 0.00000 -0.16820 0.01586 0.07252 -0.00534 -0.00185 -0.21192 -0.01644 0.00881 0.02338 0.04490 0.00347 0.12762 -0.01109 0.17100 0.01204 -0.10908 0.07001 -0.00179 0.14732 0.07788 -0.07805 0.02318 0.31477 0.02431 -0.02211 -0.06999
0.29928 -0.08484 -0.00449 0.16820 0.00000 -0.09017 0.01918 0.00551 0.00238 0.10179 0.13549 -0.05898 -0.08156 -0.01221 0.01346 0.02019 0.16538 -0.07136 0.05315 0.04558 -0.10352 -0.00697 -0.05574 0.11698 -0.09073 0.07055 0.03972 -0.05701 -0.03340 0.03531
-0.00373 0.04434 0.06225 -0.01586 0.09017 0.00000 0.13802 -0.02062 -0.00114 0.09035 0.07620 -0.04644 -0.00502 -0.20636 0.02291 -0.00579 -0.09884 -0.04105 0.02300 0.19108 -0.04607 0.02957 0.08263 0.06375 0.06977 -0.01144 0.03671 0.09075 0.08417 0.00151
0.04233 -0.14942 -0.00718 -0.07252 -0.01918 -0.13802 0.00000 -0.00181 0.00218 0.14945 0.01034 -0.11936 0.00784 0.01665 0.22591 -0.08890 0.04056 0.08609 0.02271 -0.02852 -0.03846 -0.00510 0.20942 -0.04448 0.15599 0.11782 -0.13309 0.07319 0.03553 0.10621
-0.00863 0.00608 -0.00817 0.00534 -0.00551 0.02062 0.00181 0.99722 0.00232 -0.00691 -0.01278 0.00207 -0.00835 0.00114 -0.00889 -0.00184 -0.00356 0.00387 -0.03600 0.00804 0.00163 0.00414 -0.00752 -0.00447 0.00237 -0.00316 0.00989 0.01063 0.03994 0.00158
0.00033 -0.00070 0.00486 0.00185 -0.00238 0.00114 -0.00218 -0.00232 1.00162 -0.00493 0.01490 0.00215 0.00424 0.00045 -0.00645 0.00153 -0.00334 -0.00067 0.00579 0.00384 -0.00098 0.00190 -0.00344 -0.00088 0.00106 0.00029 0.00474 -0.00201 -0.00172 0.00203
0.19538 -0.12888 -0.04728 0.21192 -0.10179 -0.09035 -0.14945 0.00691 0.00493 0.00000 0.02092 0.15368 -0.11105 0.03091 -0.14477 0.06761 -0.04765 -0.00257 -0.03884 0.07051 0.11130 -0.00266 0.10720 -0.18130 -0.05564 -0.05558 0.13286 0.05811 -0.03943 -0.06218
-0.00854 0.02865 -0.04653 0.01644 -0.13549 -0.07620 -0.01034 0.01278 -0.01490 -0.02092 0.00000 0.04994 0.09841 0.07875 -0.10144 -0.00853 0.03051 -0.01803 0.14556 -0.39714 0.03857 -0.03726 0.00262 0.09544 -0.05286 -0.05412 0.01426 0.00880 -0.52854 0.02587
0.13514 -0.12209 0.00312 -0.00881 0.05898 0.04644 0.11936 -0.00207 -0.00215 -0.15368 -0.04994 0.00000 -0.10072 -0.09617 -0.02474 0.01293 0.06589 0.01024 -0.00447 -0.05491 0.11656 0.00162 -0.00964 -0.13849 -0.20184 0.24358 -0.15673 0.06975 0.01916 -0.25707
0.07784 0.05750 -0.01648 -0.02338 0.08156 0.00502 -0.00784 0.00835 -0.00424 0.11105 -0.09841 0.10072 0.00000 -0.15131 -0.09775 -0.05512 -0.04465 -0.07209 -0.06396 0.07329 0.14363 -0.01215 -0.02947 0.14604 -0.12439 -0.10216 0.10313 -0.07563 0.01874 -0.00586
0.12738 0.16791 0.00408 -0.04490 0.01221 0.20636 -0.01665 -0.00114 -0.00045 -0.03091 -0.07875 0.09617 0.15131 0.00000 -0.02915 0.04184 0.18822 0.23232 0.00139 0.01888 -0.05032 -0.00278 -0.06272 -0.04191 -0.12964 -0.09301 -0.11384 -0.11480 -0.01014 0.12335
0.14285 -0.00776 -0.04952 -0.00347 -0.01346 -0.02291 -0.22591 0.00889 0.00645 0.14477 0.10144 0.02474 0.09775 0.02915 0.00000 0.12188 -0.03728 0.03989 -0.00822 -0.01237 -0.20626 -0.00767 -0.14980 -0.06246 -0.05662 0.00244 -0.04658 0.17949 -0.00285 -0.15927
0.05294 -0.04114 -0.00693 -0.12762 -0.02019 0.00579 0.08890 0.00184 -0.00153 -0.06761 0.00853 -0.01293 0.05512 -0.04184 -0.12188 0.00000 -0.07899 0.10090 -0.04287 0.01087 -0.07697 0.00863 -0.28052 0.10182 -0.08266 0.08111 0.13317 -0.04680 0.00549 0.08850
-0.19817 -0.14474 -0.02643 0.01109 -0.16538 0.09884 -0.04056 0.00356 0.00334 0.04765 -0.03051 -0.06589 0.04465 -0.18822 0.03728 0.07899 0.00000 0.04289 0.00636 -0.09682 -0.02921 -0.01508 0.04505 -0.08440 -0.28724 0.03223 0.08537 0.03892 -0.01727 0.10739
0.02630 -0.07016 0.01223 -0.17100 0.07136 0.04105 -0.08609 -0.00387 0.00067 0.00257 0.01803 -0.01024 0.07209 -0.23232 -0.03989 -0.10090 -0.04289 0.00000 0.00968 -0.17577 -0.10843 0.00310 0.06958 -0.15164 0.14610 0.07924 0.13788 -0.00537 0.04005 -0.03194
0.01504 -0.03622 -0.05998 -0.01204 -0.05315 -0.02300 -0.02271 0.03600 -0.00579 0.03884 -0.14556 0.00447 0.06396 -0.00139 0.00822 0.04287 -0.00636 -0.00968 0.96567 -0.23425 0.01449 -0.04293 0.04604 -0.00499 0.01259 0.03853 -0.02889 0.00987 -0.22896 0.01634
-0.18754 0.04756 0.10108 0.10908 -0.04558 -0.19108 0.02852 -0.00804 -0.00384 -0.07051 0.39714 0.05491 -0.07329 -0.01888 0.01237 -0.01087 0.09682 0.17577 0.23425 0.00000 0.06203 0.00441 -0.10366 -0.08646 -0.17914 -0.04855 0.02047 0.13527 -0.17877 0.08071
0.09986 -0.06561 0.00735 -0.07001 0.10352 0.04607 0.03846 -0.00163 0.00098 -0.11130 -0.03857 -0.11656 -0.14363 0.05032 0.20626 0.07697 0.02921 0.10843 -0.01449 -0.06203 0.00000 0.00462 0.01344 -0.22489 0.05084 -0.11037 -0.02709 -0.35120 0.03862 0.04640
0.00339 0.00568 0.01748 0.00179 0.00697 -0.02957 0.00510 -0.00414 -0.00190 0.00266 0.03726 -0.00162 0.01215 0.00278 0.00767 -0.00863 0.01508 -0.00310 0.04293 -0.00441 -0.00462 1.00001 0.00304 0.00611 -0.01448 -0.00692 -0.00827 0.00109 -0.03635 -0.00113
0.05425 0.06360 -0.03841 -0.14732 0.05574 -0.08263 -0.20942 0.00752 0.00344 -0.10720 -0.00262 0.00964 0.02947 0.06272 0.14980 0.28052 -0.04505 -0.06958 -0.04604 0.10366 -0.01344 -0.00304 0.00000 0.03825 -0.04152 0.18931 -0.08034 0.09662 0.03672 0.14928
-0.14617 0.11835 0.00031 -0.07788 -0.11698 -0.06375 0.04448 0.00447 0.00088 0.18130 -0.09544 0.13849 -0.14604 0.04191 0.06246 -0.10182 0.08440 0.15164 0.00499 0.08646 0.22489 -0.00611 -0.03825 0.00000 -0.05269 0.03757 0.04087 -0.09982 -0.03117 -0.01645
0.08552 -0.06794 -0.00014 0.07805 0.09073 -0.06977 -0.15599 -0.00237 -0.00106 0.05564 0.05286 0.20184 0.12439 0.12964 0.05662 0.08266 0.28724 -0.14610 -0.01259 0.17914 -0.05084 0.01448 0.04152 0.05269 0.00000 -0.03075 -0.03493 -0.12877 0.04270 0.08375
0.06914 0.17831 -0.01560 -0.02318 -0.07055 0.01144 -0.11782 0.00316 -0.00029 0.05558 0.05412 -0.24358 0.10216 0.09301 -0.00244 -0.08111 -0.03223 -0.07924 -0.03853 0.04855 0.11037 0.00692 -0.18931 -0.03757 0.03075 0.00000 0.12371 0.08163 0.00267 0.15217
0.06565 -0.02515 0.05002 -0.31477 -0.03972 -0.03671 0.13309 -0.00989 -0.00474 -0.13286 -0.01426 0.15673 -0.10313 0.11384 0.04658 -0.13317 -0.08537 -0.13788 0.02889 -0.02047 0.02709 0.00827 0.08034 -0.04087 0.03493 -0.12371 0.00000 0.07250 0.01897 0.02761
0.03802 -0.07104 -0.00833 -0.02431 0.05701 -0.09075 -0.07319 -0.01063 0.00201 -0.05811 -0.00880 -0.06975 0.07563 0.11480 -0.17949 0.04680 -0.03892 0.00537 -0.00987 -0.13527 0.35120 -0.00109 -0.09662 0.09982 0.12877 -0.08163 -0.07250 0.00000 0.00194 0.14387
0.05892 0.00246 0.12837 0.02211 0.03340 -0.08417 -0.03553 -0.03994 0.00172 0.03943 0.52854 -0.01916 -0.01874 0.01014 0.00285 -0.00549 0.01727 -0.04005 0.22896 0.17877 -0.03862 0.03635 -0.03672 0.03117 -0.04270 -0.00267 -0.01897 -0.00194 0.85672 -0.00391
0.05313 -0.00159 -0.00445 0.06999 -0.03531 -0.00151 -0.10621 -0.00158 -0.00203 0.06218 -0.02587 0.25707 0.00586 -0.12335 0.15927 -0.08850 -0.10739 0.03194 -0.01634 -0.08071 -0.04640 0.00113 -0.14928 0.01645 -0.08375 -0.15217 -0.02761 -0.14387 0.00391 0.00000
