0.26704 0.00748 -0.00653 0.03948 0.03500 -0.01190 0.01111 -0.00670 0.00153 -0.00063 -0.00669 -0.01050 -0.00163 -0.00220 0.01409 0.00812 0.00772 0.00227 0.01430 -0.02401 -0.00506 -0.00781 -0.01039 -0.02239 0.00252 0.00763 -0.01025 -0.02420 0.04325 0.04070 -0.00122 0.00529 0.01058 -0.02772 -0.03560 0.01705 -0.00173 -0.00359 0.00209 -0.00084 -0.03465 -0.01478 -0.02312 -0.03451 -0.02467 -0.00551 0.01531 -0.01714 -0.00702 0.00209
-0.00748 0.68179 -0.04935 0.04988 0.04141 -0.02404 0.01597 -0.00286 0.01443 -0.01219 0.06032 -0.00379 0.03501 -0.00721 0.03238 0.03799 0.00710 -0.00779 -0.02056 -0.05732 -0.04671 0.02599 0.04522 -0.03807 0.00029 -0.02089 -0.01515 -0.04057 0.01617 0.02348 -0.00369 -0.02804 0.05644 -0.05075 -0.04162 0.01763 -0.00591 -0.03654 -0.04190 0.01134 0.03875 -0.04657 -0.00908 -0.04491 -0.01352 -0.02464 0.03894 -0.04043 -0.00013 -0.02526
0.00653 0.04935 0.11251 0.01901 0.01180 -0.03668 0.00727 0.00466 0.03433 0.00501 -0.02756 -0.00419 0.03121 0.00292 0.04521 0.04121 0.01694 0.00986 0.02768 -0.02564 -0.03233 -0.01097 0.02438 0.01344 -0.02293 0.02866 -0.00847 -0.02634 0.03586 0.01557 -0.01046 -0.01322 0.02699 -0.01343 -0.01268 0.03969 -0.00322 -0.00907 -0.00495 -0.00255 -0.02251 -0.01716 -0.01344 -0.00343 -0.01159 -0.03145 0.02427 -0.01014 -0.02561 0.02623
-0.03948 -0.04988 -0.01901 0.67879 0.02585 0.01024 -0.00854 -0.01838 0.01274 0.01185 0.03697 0.00207 0.00278 0.00102 -0.03596 0.00539 0.01008 -0.00858 -0.03164 0.00914 0.03672 0.00275 -0.01913 -0.03782 -0.00216 -0.01230 0.01587 0.03763 -0.00887 0.01081 -0.01117 -0.01533 -0.01801 0.04702 0.03685 0.00850 0.01570 0.00143 0.00313 -0.00572 0.02336 0.01782 0.01998 -0.05340 -0.03565 -0.00379 -0.03615 -0.00078 -0.01139 0.00776
-0.03500 -0.04141 -0.01180 -0.02585 0.44406 -0.01482 -0.01380 -0.03081 -0.00258 0.01054 0.03156 -0.00075 -0.00797 0.01016 -0.02854 -0.02813 0.00829 0.00882 -0.03600 0.05364 0.05496 -0.01151 -0.02623 -0.00512 -0.00554 -0.02461 0.02086 0.01702 -0.01335 0.04307 0.01572 0.00314 -0.04033 0.04502 0.02408 0.00073 0.00692 0.01716 0.03442 -0.01374 0.02146 0.03201 0.01532 0.01529 -0.01736 0.01138 -0.04313 0.02358 -0.00244 -0.00585
0.01190 0.02404 0.03668 -0.01024 0.01482 0.71752 -0.02121 0.01397 0.02037 0.05269 -0.02914 0.00253 -0.02460 -0.00188 0.02135 0.01267 -0.00359 0.00036 0.01935 -0.01088 -0.01254 -0.03323 -0.00552 -0.00298 -0.00203 0.01967 -0.02064 -0.02459 0.00256 0.00232 0.00275 0.03654 0.02532 -0.02492 -0.00714 0.00555 0.00009 0.03059 0.00192 0.00080 -0.00800 0.00354 -0.01178 0.00880 -0.00086 -0.01261 0.00066 -0.00243 -0.02071 0.03114
-0.01111 -0.01597 -0.00727 0.00854 0.01380 0.02121 0.55048 -0.01647 -0.05441 -0.02700 0.02155 0.00837 0.00565 0.00971 -0.02951 -0.01105 -0.00948 -0.00390 -0.00261 -0.00796 0.03318 0.01323 -0.00417 -0.00456 -0.00716 -0.01235 0.02479 0.00927 -0.01388 0.01091 0.01457 -0.00240 -0.01875 -0.00744 -0.00163 -0.03306 -0.01049 -0.02688 0.00073 0.01327 0.01568 0.00808 0.01730 -0.01161 0.00706 0.00543 -0.00724 -0.01194 0.00298 -0.02837
0.00670 0.00286 -0.00466 0.01838 0.03081 -0.01397 0.01647 0.60645 0.01692 0.01682 -0.00864 -0.00890 -0.00201 -0.01767 0.02142 0.02475 0.02356 -0.00189 0.01566 -0.02135 -0.01227 -0.01012 0.02473 -0.01667 -0.00243 0.00742 -0.03307 -0.02769 0.02642 0.05741 -0.00681 -0.00276 0.02892 0.00144 -0.04513 0.03008 -0.01137 -0.02172 0.00305 0.02902 -0.01478 -0.02931 -0.02660 -0.00931 0.01413 0.00781 0.03529 -0.03648 0.01069 0.01535
-0.00153 -0.01443 -0.03433 -0.01274 0.00258 -0.02037 0.05441 -0.01692 0.82415 -0.04526 0.01474 -0.02627 0.02458 0.00240 -0.02207 -0.00774 0.02099 -0.03344 0.00019 -0.00007 0.02256 0.02816 -0.01054 -0.00041 -0.01508 -0.01894 0.00501 0.00596 -0.00032 -0.00386 0.00330 -0.02313 -0.01455 0.03369 0.00741 0.00206 0.00805 -0.05202 0.01398 -0.01832 0.00925 0.01913 -0.00146 -0.00778 0.00673 -0.01915 0.00460 -0.00804 -0.00220 -0.01749
0.00063 0.01219 -0.00501 -0.01185 -0.01054 -0.05269 0.02700 -0.01682 0.04526 0.29902 -0.01590 -0.00823 0.01016 -0.00696 0.02341 0.02751 0.00503 -0.00274 0.01749 -0.00744 -0.00490 -0.03069 0.02116 0.00854 -0.00995 0.02801 -0.02599 -0.01291 0.01918 -0.01116 -0.00517 0.00441 0.01397 0.01209 -0.03738 0.01099 0.00942 -0.00301 0.00497 -0.00307 -0.01291 -0.01770 -0.01425 0.00511 0.00658 -0.02128 0.00526 0.01029 -0.03093 0.02430
0.00669 -0.06032 0.02756 -0.03697 -0.03156 0.02914 -0.02155 0.00864 -0.01474 0.01590 0.99133 -0.00523 -0.00972 -0.01309 -0.01121 -0.01919 -0.01711 0.03148 -0.03180 0.02248 0.06213 -0.01964 -0.04591 0.02213 0.02617 0.00650 0.04128 0.02166 -0.01802 -0.01765 0.02945 0.01708 -0.02252 0.02486 0.02810 -0.00584 0.00072 0.01675 0.03426 -0.00026 -0.02975 0.01349 -0.00149 0.02210 0.00999 0.00324 -0.02154 0.00141 0.01270 0.00460
0.01050 0.00379 0.00419 -0.00207 0.00075 -0.00253 -0.00837 0.00890 0.02627 0.00823 0.00523 0.35065 0.00998 -0.00816 0.01752 -0.00866 -0.01984 0.00980 0.01866 -0.01181 -0.02292 -0.01027 0.00661 -0.00627 -0.01358 0.02233 -0.00652 -0.01519 -0.00373 0.01308 0.00475 0.00613 0.02653 -0.00887 -0.03689 0.04251 0.00439 0.01900 0.01339 0.01358 0.00215 0.00154 0.00674 -0.00399 0.01433 0.00606 0.03371 -0.02042 0.00024 0.02863
0.00163 -0.03501 -0.03121 -0.00278 0.00797 0.02460 -0.00565 0.00201 -0.02458 -0.01016 0.00972 -0.00998 0.58722 -0.03463 -0.00836 -0.00764 -0.01149 0.01253 -0.00870 0.02138 0.02732 0.00510 -0.02953 0.01087 0.00213 -0.04818 0.00916 0.02076 -0.00875 -0.01200 -0.01049 -0.01409 -0.01269 0.01474 0.01998 0.00568 0.00292 -0.03048 0.00605 0.00611 0.02041 0.02468 -0.01497 -0.02404 -0.01258 -0.02148 -0.01813 -0.00522 0.00722 0.00762
0.00220 0.00721 -0.00292 -0.00102 -0.01016 0.00188 -0.00971 0.01767 -0.00240 0.00696 0.01309 0.00816 0.03463 0.27568 -0.01057 -0.01290 -0.01740 0.01048 -0.01390 0.01893 -0.00631 0.00859 -0.00947 -0.00261 0.00310 -0.02630 0.02689 0.00066 -0.00604 -0.01710 0.00500 -0.00185 -0.01123 0.00260 0.02516 0.00019 -0.02197 0.00243 -0.01469 0.00238 0.01727 0.01972 0.01338 0.00275 0.02965 0.00275 -0.01512 0.03000 0.01048 -0.01655
-0.01409 -0.03238 -0.04521 0.03596 0.02854 -0.02135 0.02951 -0.02142 0.02207 -0.02341 0.01121 -0.01752 0.00836 0.01057 0.77146 0.02188 0.02761 -0.01756 -0.01149 -0.01073 -0.00318 0.00970 -0.00089 -0.02095 -0.02745 -0.01460 -0.01474 -0.02641 0.02081 0.06161 -0.01685 -0.03907 0.01868 -0.02860 0.00049 0.03943 -0.00851 -0.02945 -0.01017 0.01191 0.03831 -0.03222 0.01013 -0.04154 -0.01791 -0.03033 0.02515 -0.03792 -0.00383 -0.00314
-0.00812 -0.03799 -0.04121 -0.00539 0.02813 -0.01267 0.01105 -0.02475 0.00774 -0.02751 0.01919 0.00866 0.00764 0.01290 -0.02188 0.39821 0.00349 -0.01218 -0.02218 0.00265 0.01784 0.02499 -0.04635 -0.01032 -0.01609 -0.01304 0.01293 0.00788 -0.00272 0.02027 -0.00277 -0.00363 -0.00886 0.00757 0.02254 0.00923 0.00282 -0.03557 0.00540 0.00531 0.01842 -0.00057 -0.01280 -0.00874 0.00942 -0.01420 -0.00267 0.00787 -0.00965 -0.01801
-0.00772 -0.00710 -0.01694 -0.01008 -0.00829 0.00359 0.00948 -0.02356 -0.02099 -0.00503 0.01711 0.01984 0.01149 0.01740 -0.02761 -0.00349 1.04858 0.00500 -0.01883 0.01424 -0.01007 -0.00848 -0.00449 0.00277 -0.00230 -0.00352 -0.01342 -0.01342 0.00173 0.00323 -0.00181 -0.01347 -0.01505 0.01703 0.02669 -0.01302 -0.00980 -0.00493 0.02430 -0.01287 0.02087 0.01510 0.00571 -0.00262 0.00028 -0.01428 -0.01060 0.00632 0.01059 -0.01389
-0.00227 0.00779 -0.00986 0.00858 -0.00882 -0.00036 0.00390 0.00189 0.03344 0.00274 -0.03148 -0.00980 -0.01253 -0.01048 0.01756 0.01218 -0.00500 0.78388 0.00398 0.00348 -0.03250 0.00387 0.01933 -0.00068 -0.01210 0.01475 0.00859 -0.02448 0.01188 0.00645 -0.00473 0.02366 0.03841 -0.00653 -0.02069 0.00971 0.00751 0.02744 -0.01334 0.01014 -0.00737 0.00649 0.01616 0.00264 0.00251 -0.01062 0.01290 0.00957 -0.01785 0.00241
-0.01430 0.02056 -0.02768 0.03164 0.03600 -0.01935 0.00261 -0.01566 -0.00019 -0.01749 0.03180 -0.01866 0.00870 0.01390 0.01149 0.02218 0.01883 -0.00398 1.04414 -0.03873 -0.03298 0.03489 0.03660 -0.02530 -0.02782 -0.02194 -0.01874 -0.02429 0.01430 -0.00188 -0.03893 -0.03664 0.03073 -0.03775 -0.02333 0.00954 0.00632 -0.02519 -0.03533 -0.00397 0.03108 -0.00242 0.01512 -0.02103 -0.01140 -0.01415 0.03291 -0.03148 -0.01269 0.00774
0.02401 0.05732 0.02564 -0.00914 -0.05364 0.01088 0.00796 0.02135 0.00007 0.00744 -0.02248 0.01181 -0.02138 -0.01893 0.01073 -0.00265 -0.01424 -0.00348 0.03873 0.58481 -0.03270 0.01729 0.03075 0.02282 0.00358 0.00115 -0.01592 -0.01920 -0.02370 -0.02552 -0.00602 0.01807 0.02514 -0.04038 -0.03455 0.01434 -0.00421 0.00959 -0.00757 0.00114 -0.02868 0.00508 -0.00446 0.01379 0.03513 0.00678 0.00948 0.00758 0.01341 -0.00171
0.00506 0.04671 0.03233 -0.03672 -0.05496 0.01254 -0.03318 0.01227 -0.02256 0.00490 -0.06213 0.02292 -0.02732 0.00631 0.00318 -0.01784 0.01007 0.03250 0.03298 0.03270 0.73002 -0.01421 -0.00904 0.04482 -0.00559 0.02171 0.01071 0.01544 -0.02215 -0.04847 0.01253 0.01458 -0.03938 0.05071 0.01482 -0.01262 -0.00157 0.01771 0.04326 0.00914 -0.03329 0.02621 0.00636 0.05099 0.03394 0.03429 -0.01809 0.03773 0.00485 0.00538
0.00781 -0.02599 0.01097 -0.00275 0.01151 0.03323 -0.01323 0.01012 -0.02816 0.03069 0.01964 0.01027 -0.00510 -0.00859 -0.00970 -0.02499 0.00848 -0.00387 -0.03489 -0.01729 0.01421 0.20529 -0.02123 0.00041 0.03187 -0.01162 0.02300 0.02793 -0.02094 0.02232 0.01297 -0.00183 -0.01129 0.00808 0.02773 -0.01330 0.01262 0.01936 0.00866 -0.00101 0.01648 0.00534 0.01496 -0.02219 0.00540 0.03315 -0.02548 0.00605 0.02305 -0.00544
0.01039 -0.04522 -0.02438 0.01913 0.02623 0.00552 0.00417 -0.02473 0.01054 -0.02116 0.04591 -0.00661 0.02953 0.00947 0.00089 0.04635 0.00449 -0.01933 -0.03660 -0.03075 0.00904 0.02123 0.56639 -0.02838 -0.00594 -0.02571 -0.03707 -0.00954 0.01008 0.02022 -0.00678 -0.00342 -0.00147 0.00314 0.00676 -0.01371 -0.01519 -0.01823 -0.00581 -0.00655 0.01383 -0.04290 0.01357 0.00232 -0.01456 -0.01940 0.00221 -0.00573 0.00293 -0.00098
0.02239 0.03807 -0.01344 0.03782 0.00512 0.00298 0.00456 0.01667 0.00041 -0.00854 -0.02213 0.00627 -0.01087 0.00261 0.02095 0.01032 -0.00277 0.00068 0.02530 -0.02282 -0.04482 -0.00041 0.02838 0.16843 -0.01762 0.00092 -0.00251 -0.04394 -0.00698 0.00863 0.00178 0.00498 0.03409 -0.02516 -0.05104 0.03099 -0.01232 -0.02654 -0.03934 -0.00578 -0.02381 -0.00769 0.01158 -0.02905 0.00424 0.00879 0.04446 -0.01353 0.01579 -0.00845
-0.00252 -0.00029 0.02293 0.00216 0.00554 0.00203 0.00716 0.00243 0.01508 0.00995 -0.02617 0.01358 -0.00213 -0.00310 0.02745 0.01609 0.00230 0.01210 0.02782 -0.00358 0.00559 -0.03187 0.00594 0.01762 0.21450 0.00815 -0.02651 -0.01956 -0.00150 0.01111 -0.01204 0.02280 0.00352 0.01097 -0.01240 -0.01875 0.00007 0.00529 -0.01583 0.00935 0.00255 -0.00990 -0.02171 0.00387 -0.02370 0.01111 0.01545 -0.00155 -0.01231 0.03884
-0.00763 0.02089 -0.02866 0.01230 0.02461 -0.01967 0.01235 -0.00742 0.01894 -0.02801 -0.00650 -0.02233 0.04818 0.02630 0.01460 0.01304 0.00352 -0.01475 0.02194 -0.00115 -0.02171 0.01162 0.02571 -0.00092 -0.00815 0.16315 -0.02278 -0.01370 0.01858 0.00276 -0.01036 0.00480 0.01209 -0.01088 -0.03197 0.02475 -0.00850 -0.02816 0.00020 0.00723 -0.01118 -0.01719 -0.01435 0.00741 0.00629 -0.01788 0.02986 -0.01088 -0.02478 0.02478
0.01025 0.01515 0.00847 -0.01587 -0.02086 0.02064 -0.02479 0.03307 -0.00501 0.02599 -0.04128 0.00652 -0.00916 -0.02689 0.01474 -0.01293 0.01342 -0.00859 0.01874 0.01592 -0.01071 -0.02300 0.03707 0.00251 0.02651 0.02278 0.69422 0.02071 -0.02148 -0.00868 0.00151 0.00889 0.03229 -0.00438 -0.00828 0.00324 -0.00780 0.03176 -0.00727 0.00780 -0.00323 -0.00018 -0.00551 0.03627 0.01495 0.02666 0.01980 0.00494 0.00079 0.02480
0.02420 0.04057 0.02634 -0.03763 -0.01702 0.02459 -0.00927 0.02769 -0.00596 0.01291 -0.02166 0.01519 -0.02076 -0.00066 0.02641 -0.00788 0.01342 0.02448 0.02429 0.01920 -0.01544 -0.02793 0.00954 0.04394 0.01956 0.01370 -0.02071 0.63041 -0.00460 -0.03648 0.01381 0.00141 0.01313 -0.00419 -0.03278 0.01244 0.01081 0.02453 0.01544 0.00861 -0.04638 0.01084 0.00111 0.02285 0.01752 -0.00565 -0.01053 -0.00961 -0.00925 0.02649
-0.04325 -0.01617 -0.03586 0.00887 0.01335 -0.00256 0.01388 -0.02642 0.00032 -0.01918 0.01802 0.00373 0.00875 0.00604 -0.02081 0.00272 -0.00173 -0.01188 -0.01430 0.02370 0.02215 0.02094 -0.01008 0.00698 0.00150 -0.01858 0.02148 0.00460 1.05772 0.00778 -0.02218 -0.00279 -0.02002 0.02085 0.04082 -0.01417 -0.00393 -0.01863 0.01356 -0.00222 0.04280 0.00252 -0.00379 -0.00992 -0.00708 -0.02037 -0.02890 -0.00529 0.00465 -0.02238
-0.04070 -0.02348 -0.01557 -0.01081 -0.04307 -0.00232 -0.01091 -0.05741 0.00386 0.01116 0.01765 -0.01308 0.01200 0.01710 -0.06161 -0.02027 -0.00323 -0.00645 0.00188 0.02552 0.04847 -0.02232 -0.02022 -0.00863 -0.01111 -0.00276 0.00868 0.03648 -0.00778 0.60230 -0.01048 0.02608 -0.04820 0.02070 0.04704 -0.03446 -0.00044 0.00012 0.01456 -0.01340 0.00618 0.01035 0.00240 -0.00703 -0.00045 0.00861 -0.04638 0.02162 -0.01171 0.01841
0.00122 0.00369 0.01046 0.01117 -0.01572 -0.00275 -0.01457 0.00681 -0.00330 0.00517 -0.02945 -0.00475 0.01049 -0.00500 0.01685 0.00277 0.00181 0.00473 0.03893 0.00602 -0.01253 -0.01297 0.00678 -0.00178 0.01204 0.01036 -0.00151 -0.01381 0.02218 0.01048 1.04990 -0.00711 0.01047 -0.00259 -0.00148 0.01884 -0.00585 -0.00280 -0.01459 0.01715 -0.03899 -0.00396 -0.01799 0.00432 -0.02875 0.00373 0.01868 -0.00730 -0.00645 0.02166
-0.00529 0.02804 0.01322 0.01533 -0.00314 -0.03654 0.00240 0.00276 0.02313 -0.00441 -0.01708 -0.00613 0.01409 0.00185 0.03907 0.00363 0.01347 -0.02366 0.03664 -0.01807 -0.01458 0.00183 0.00342 -0.00498 -0.02280 -0.00480 -0.00889 -0.00141 0.00279 -0.02608 0.00711 0.33053 0.00557 -0.01634 -0.01687 0.02312 0.00312 0.00199 -0.00513 0.00061 -0.00928 -0.01057 -0.01392 0.00517 -0.02094 -0.00586 0.02046 -0.00873 -0.00361 0.01978
-0.01058 -0.05644 -0.02699 0.01801 0.04033 -0.02532 0.01875 -0.02892 0.01455 -0.01397 0.02252 -0.02653 0.01269 0.01123 -0.01868 0.00886 0.01505 -0.03841 -0.03073 -0.02514 0.03938 0.01129 0.00147 -0.03409 -0.00352 -0.01209 -0.03229 -0.01313 0.02002 0.04820 -0.01047 -0.00557 0.69486 -0.00115 0.03111 0.00649 -0.01118 -0.00269 -0.06167 0.02176 0.05335 -0.02109 -0.02184 -0.03655 -0.02821 -0.02840 0.00872 -0.01238 -0.00835 0.00721
0.02772 0.05075 0.01343 -0.04702 -0.04502 0.02492 0.00744 -0.00144 -0.03369 -0.01209 -0.02486 0.00887 -0.01474 -0.00260 0.02860 -0.00757 -0.01703 0.00653 0.03775 0.04038 -0.05071 -0.00808 -0.00314 0.02516 -0.01097 0.01088 0.00438 0.00419 -0.02085 -0.02070 0.00259 0.01634 0.00115 0.44928 -0.02917 -0.00524 0.01436 -0.00784 0.03841 0.00559 -0.03437 0.03157 0.01186 0.02794 0.04384 0.02033 -0.02048 0.00499 0.01146 0.00299
0.03560 0.04162 0.01268 -0.03685 -0.02408 0.00714 0.00163 0.04513 -0.00741 0.03738 -0.02810 0.03689 -0.01998 -0.02516 -0.00049 -0.02254 -0.02669 0.02069 0.02333 0.03455 -0.01482 -0.02773 -0.00676 0.05104 0.01240 0.03197 0.00828 0.03278 -0.04082 -0.04704 0.00148 0.01687 -0.03111 0.02917 0.88132 -0.01410 0.01366 0.00313 0.03456 -0.02232 -0.04753 0.02342 0.01092 0.03484 0.02143 0.00701 -0.04288 0.04162 0.00420 0.01198
-0.01705 -0.01763 -0.03969 -0.00850 -0.00073 -0.00555 0.03306 -0.03008 -0.00206 -0.01099 0.00584 -0.04251 -0.00568 -0.00019 -0.03943 -0.00923 0.01302 -0.00971 -0.00954 -0.01434 0.01262 0.01330 0.01371 -0.03099 0.01875 -0.02475 -0.00324 -0.01244 0.01417 0.03446 -0.01884 -0.02312 -0.00649 0.00524 0.01410 0.48496 -0.02348 -0.00579 -0.02362 0.02049 0.04295 -0.02373 -0.01152 -0.01706 -0.02785 -0.01541 0.00814 -0.01389 -0.00868 0.00404
0.00173 0.00591 0.00322 -0.01570 -0.00692 -0.00009 0.01049 0.01137 -0.00805 -0.00942 -0.00072 -0.00439 -0.00292 0.02197 0.00851 -0.00282 0.00980 -0.00751 -0.00632 0.00421 0.00157 -0.01262 0.01519 0.01232 -0.00007 0.00850 0.00780 -0.01081 0.00393 0.00044 0.00585 -0.00312 0.01118 -0.01436 -0.01366 0.02348 0.99637 -0.00650 -0.01433 -0.00107 -0.00312 0.00605 -0.00181 0.00097 0.02190 0.00516 -0.00417 0.01682 0.00533 0.01126
0.00359 0.03654 0.00907 -0.00143 -0.01716 -0.03059 0.02688 0.02172 0.05202 0.00301 -0.01675 -0.01900 0.03048 -0.00243 0.02945 0.03557 0.00493 -0.02744 0.02519 -0.00959 -0.01771 -0.01936 0.01823 0.02654 -0.00529 0.02816 -0.03176 -0.02453 0.01863 -0.00012 0.00280 -0.00199 0.00269 0.00784 -0.00313 0.00579 0.00650 0.51439 -0.00835 -0.00630 0.00117 -0.00526 -0.01873 0.01744 -0.00654 -0.01098 0.00719 -0.00703 -0.01735 0.01831
-0.00209 0.04190 0.00495 -0.00313 -0.03442 -0.00192 -0.00073 -0.00305 -0.01398 -0.00497 -0.03426 -0.01339 -0.00605 0.01469 0.01017 -0.00540 -0.02430 0.01334 0.03533 0.00757 -0.04326 -0.00866 0.00581 0.03934 0.01583 -0.00020 0.00727 -0.01544 -0.01356 -0.01456 0.01459 0.00513 0.06167 -0.03841 -0.03456 0.02362 0.01433 0.00835 0.29432 -0.01068 -0.03603 0.01611 0.00887 0.01685 0.03875 -0.00439 0.01775 -0.00100 -0.00174 0.02209
0.00084 -0.01134 0.00255 0.00572 0.01374 -0.00080 -0.01327 -0.02902 0.01832 0.00307 0.00026 -0.01358 -0.00611 -0.00238 -0.01191 -0.00531 0.01287 -0.01014 0.00397 -0.00114 -0.00914 0.00101 0.00655 0.00578 -0.00935 -0.00723 -0.00780 -0.00861 0.00222 0.01340 -0.01715 -0.00061 -0.02176 -0.00559 0.02232 -0.02049 0.00107 0.00630 0.01068 0.97583 -0.00171 0.01380 -0.01267 0.00521 -0.01364 -0.01233 0.00191 0.01220 -0.00261 0.02208
0.03465 -0.03875 0.02251 -0.02336 -0.02146 0.00800 -0.01568 0.01478 -0.00925 0.01291 0.02975 -0.00215 -0.02041 -0.01727 -0.03831 -0.01842 -0.02087 0.00737 -0.03108 0.02868 0.03329 -0.01648 -0.01383 0.02381 -0.00255 0.01118 0.00323 0.04638 -0.04280 -0.00618 0.03899 0.00928 -0.05335 0.03437 0.04753 -0.04295 0.00312 -0.00117 0.03603 0.00171 1.02823 0.02613 0.02336 0.02972 0.00363 0.01395 -0.02408 0.02989 -0.00726 -0.02327
0.01478 0.04657 0.01716 -0.01782 -0.03201 -0.00354 -0.00808 0.02931 -0.01913 0.01770 -0.01349 -0.00154 -0.02468 -0.01972 0.03222 0.00057 -0.01510 -0.00649 0.00242 -0.00508 -0.02621 -0.00534 0.04290 0.00769 0.00990 0.01719 0.00018 -0.01084 -0.00252 -0.01035 0.00396 0.01057 0.02109 -0.03157 -0.02342 0.02373 -0.00605 0.00526 -0.01611 -0.01380 -0.02613 0.78255 -0.00028 0.01447 0.00883 0.00274 0.00810 0.00380 -0.00164 0.00822
0.02312 0.00908 0.01344 -0.01998 -0.01532 0.01178 -0.01730 0.02660 0.00146 0.01425 0.00149 -0.00674 0.01497 -0.01338 -0.01013 0.01280 -0.00571 -0.01616 -0.01512 0.00446 -0.00636 -0.01496 -0.01357 -0.01158 0.02171 0.01435 0.00551 -0.00111 0.00379 -0.00240 0.01799 0.01392 0.02184 -0.01186 -0.01092 0.01152 0.00181 0.01873 -0.00887 0.01267 -0.02336 0.00028 0.92564 0.02172 0.02594 0.00811 0.01755 -0.00528 0.01229 -0.00596
0.03451 0.04491 0.00343 0.05340 -0.01529 -0.00880 0.01161 0.00931 0.00778 -0.00511 -0.02210 0.00399 0.02404 -0.00275 0.04154 0.00874 0.00262 -0.00264 0.02103 -0.01379 -0.05099 0.02219 -0.00232 0.02905 -0.00387 -0.00741 -0.03627 -0.02285 0.00992 0.00703 -0.00432 -0.00517 0.03655 -0.02794 -0.03484 0.01706 -0.00097 -0.01744 -0.01685 -0.00521 -0.02972 -0.01447 -0.02172 0.30207 0.02463 -0.00888 0.04766 -0.01764 -0.01480 -0.00384
0.02467 0.01352 0.01159 0.03565 0.01736 0.00086 -0.00706 -0.01413 -0.00673 -0.00658 -0.00999 -0.01433 0.01258 -0.02965 0.01791 -0.00942 -0.00028 -0.00251 0.01140 -0.03513 -0.03394 -0.00540 0.01456 -0.00424 0.02370 -0.00629 -0.01495 -0.01752 0.00708 0.00045 0.02875 0.02094 0.02821 -0.04384 -0.02143 0.02785 -0.02190 0.00654 -0.03875 0.01364 -0.00363 -0.00883 -0.02594 -0.02463 0.57039 0.00952 0.05132 -0.05191 0.01661 -0.02656
0.00551 0.02464 0.03145 0.00379 -0.01138 0.01261 -0.00543 -0.00781 0.01915 0.02128 -0.00324 -0.00606 0.02148 -0.00275 0.03033 0.01420 0.01428 0.01062 0.01415 -0.00678 -0.03429 -0.03315 0.01940 -0.00879 -0.01111 0.01788 -0.02666 0.00565 0.02037 -0.00861 -0.00373 0.00586 0.02840 -0.02033 -0.00701 0.01541 -0.00516 0.01098 0.00439 0.01233 -0.01395 -0.00274 -0.00811 0.00888 -0.00952 0.33397 0.01244 -0.01356 0.00332 0.02268
-0.01531 -0.03894 -0.02427 0.03615 0.04313 -0.00066 0.00724 -0.03529 -0.00460 -0.00526 0.02154 -0.03371 0.01813 0.01512 -0.02515 0.00267 0.01060 -0.01290 -0.03291 -0.00948 0.01809 0.02548 -0.00221 -0.04446 -0.01545 -0.02986 -0.01980 0.01053 0.02890 0.04638 -0.01868 -0.02046 -0.00872 0.02048 0.04288 -0.00814 0.00417 -0.00719 -0.01775 -0.00191 0.02408 -0.00810 -0.01755 -0.04766 -0.05132 -0.01244 0.79564 -0.01671 -0.01858 -0.00264
0.01714 0.04043 0.01014 0.00078 -0.02358 0.00243 0.01194 0.03648 0.00804 -0.01029 -0.00141 0.02042 0.00522 -0.03000 0.03792 -0.00787 -0.00632 -0.00957 0.03148 -0.00758 -0.03773 -0.00605 0.00573 0.01353 0.00155 0.01088 -0.00494 0.00961 0.00529 -0.02162 0.00730 0.00873 0.01238 -0.00499 -0.04162 0.01389 -0.01682 0.00703 0.00100 -0.01220 -0.02989 -0.00380 0.00528 0.01764 0.05191 0.01356 0.01671 0.85956 0.01530 -0.00402
0.00702 0.00013 0.02561 0.01139 0.00244 0.02071 -0.00298 -0.01069 0.00220 0.03093 -0.01270 -0.00024 -0.00722 -0.01048 0.00383 0.00965 -0.01059 0.01785 0.01269 -0.01341 -0.00485 -0.02305 -0.00293 -0.01579 0.01231 0.02478 -0.00079 0.00925 -0.00465 0.01171 0.00645 0.00361 0.00835 -0.01146 -0.00420 0.00868 -0.00533 0.01735 0.00174 0.00261 0.00726 0.00164 -0.01229 0.01480 -0.01661 -0.00332 0.01858 -0.01530 0.17531 0.03732
-0.00209 0.02526 -0.02623 -0.00776 0.00585 -0.03114 0.02837 -0.01535 0.01749 -0.02430 -0.00460 -0.02863 -0.00762 0.01655 0.00314 0.01801 0.01389 -0.00241 -0.00774 0.00171 -0.00538 0.00544 0.00098 0.00845 -0.03884 -0.02478 -0.02480 -0.02649 0.02238 -0.01841 -0.02166 -0.01978 -0.00721 -0.00299 -0.01198 -0.00404 -0.01126 -0.01831 -0.02209 -0.02208 0.02327 -0.00822 0.00596 0.00384 0.02656 -0.02268 0.00264 0.00402 -0.03732 0.92673
