0.44539 0.00546 -0.00011 0.01419 -0.07170 -0.00398 -0.00649 0.01230 -0.00643 -0.01577 -0.07653 0.02313 -0.04519 -0.04184 0.00419 -0.01855 0.03547 -0.03155 -0.01781 0.02044 -0.03900 0.00604 -0.00221 -0.02327 0.01545 -0.03137 -0.00420 0.04718 -0.00421 -0.02260 0.03229 0.00619 0.03302 0.00144 -0.01678 0.11423 -0.00725 -0.00557 0.01875 0.01010 -0.02192 -0.03549 0.00312 -0.01288 -0.01135 0.02783 0.01303 -0.02260 0.06621 -0.06804
-0.00546 0.56051 0.00568 -0.03022 -0.02285 0.01747 0.03081 0.02853 0.00245 0.00030 -0.03566 0.04088 -0.00394 0.01223 0.03753 -0.01042 0.01350 0.01687 -0.01520 0.01940 -0.05392 0.03920 0.00103 -0.00084 0.00090 -0.06585 -0.02971 0.02225 -0.04861 -0.00353 0.00517 0.02495 0.00388 -0.00241 -0.06506 0.01618 0.00217 -0.01809 0.00340 -0.04533 -0.02804 -0.01364 -0.01471 0.01180 -0.00188 0.01921 0.04032 -0.04006 -0.08935 0.01390
0.00011 -0.00568 0.46457 -0.03970 -0.02656 -0.04129 -0.01736 -0.02454 0.02347 0.01439 -0.04338 0.01164 -0.02808 -0.03464 0.00151 -0.01989 0.04309 -0.04999 -0.00280 -0.00541 -0.03473 -0.01165 -0.00661 0.00301 0.02356 -0.04760 -0.02066 0.01756 -0.00554 -0.02904 0.04484 0.01406 0.01792 -0.00878 0.00363 0.00406 0.00548 0.01906 0.00464 -0.01271 -0.01489 -0.04214 0.03889 0.04213 -0.02255 -0.01149 -0.00682 0.01268 -0.02674 -0.04771
-0.01419 0.03022 0.03970 0.73710 0.01625 0.04293 0.07265 0.03942 -0.01316 -0.06875 -0.04826 0.01677 0.03152 -0.05822 0.03892 -0.02979 0.06269 -0.01990 0.01834 -0.00228 0.00381 -0.00657 0.02069 -0.09469 0.00300 0.00400 -0.01038 -0.03060 -0.08122 0.01356 0.08419 -0.05025 0.04716 0.00324 0.09159 0.00471 0.03626 0.05838 0.02095 -0.03168 0.08063 0.00573 -0.03560 0.01832 -0.06349 0.01200 0.06597 0.03255 -0.07927 -0.08986
0.07170 0.02285 0.02656 -0.01625 0.01079 -0.02635 0.00994 0.03340 -0.03291 -0.00046 0.00135 -0.01280 0.02771 0.02384 0.03740 0.00180 0.01029 -0.00988 0.03563 -0.03696 0.03037 0.02564 -0.01446 0.00386 -0.03714 0.02826 -0.01966 -0.02070 -0.01552 -0.00919 -0.07015 -0.00970 -0.00687 -0.02553 0.00658 -0.05474 -0.05107 -0.01119 -0.01306 -0.01450 0.00639 0.04848 0.05075 0.01533 -0.00040 -0.04256 -0.00743 0.02300 -0.06578 0.03119
0.00398 -0.01747 0.04129 -0.04293 0.02635 1.02868 -0.06156 -0.03931 0.00191 0.04044 0.05148 0.04130 -0.04904 -0.05874 -0.01722 0.08212 -0.00342 0.03783 -0.01651 0.06683 -0.03381 -0.04182 -0.04450 0.01013 0.08098 -0.04617 0.03470 0.04144 0.04368 0.09119 0.07338 0.05882 -0.03275 0.10661 -0.02317 -0.02249 0.07341 -0.06260 -0.09397 0.00117 -0.03907 -0.06798 0.04940 -0.06999 0.02816 0.01224 -0.08423 0.06133 0.00608 -0.04319
0.00649 -0.03081 0.01736 -0.07265 -0.00994 0.06156 0.46890 0.02119 -0.00988 0.03243 -0.01093 0.00162 0.02914 -0.01749 0.04876 -0.03447 -0.00072 0.00651 0.01283 -0.02102 -0.03456 -0.03169 -0.05036 0.03151 0.00529 -0.01050 -0.01542 -0.02777 -0.03554 0.03530 -0.01407 0.00251 0.03084 0.00010 0.01171 0.01568 0.01121 0.00432 -0.03979 -0.03529 0.05254 0.06507 0.02018 0.06400 0.02460 -0.02949 0.05068 -0.00325 -0.07121 0.00750
-0.01230 -0.02853 0.02454 -0.03942 -0.03340 0.03931 -0.02119 1.02770 0.04291 -0.02323 -0.02408 0.01981 -0.03922 -0.04177 0.02207 -0.00160 -0.02908 -0.02552 -0.03483 -0.02722 -0.02548 0.00609 0.02023 -0.01047 0.02754 -0.01872 0.00832 0.02810 -0.06341 0.01480 0.00637 -0.00699 -0.02255 -0.00190 -0.03899 0.02825 0.03768 0.03466 -0.01974 0.02297 -0.01582 0.01989 -0.03318 0.04407 0.00752 -0.00012 0.01551 0.02206 -0.02587 0.00310
0.00643 -0.00245 -0.02347 0.01316 0.03291 -0.00191 0.00988 -0.04291 0.95471 -0.00453 0.06982 -0.04197 -0.01026 0.01164 -0.02388 0.05818 -0.00237 0.03289 -0.01628 0.00505 -0.00365 -0.02435 -0.02502 -0.00917 0.02237 0.00287 0.01441 0.00503 0.02082 -0.00450 0.02360 -0.00113 -0.01739 -0.00115 0.01905 -0.02977 -0.00581 -0.00322 -0.05327 -0.02250 -0.00125 -0.03318 -0.06012 -0.05814 0.01269 0.00760 -0.00121 0.00239 0.01270 -0.02243
0.01577 -0.00030 -0.01439 0.06875 0.00046 -0.04044 -0.03243 0.02323 0.00453 0.75391 -0.02559 0.00845 -0.00094 0.03249 0.03651 -0.02247 0.00337 0.00702 0.03061 -0.03246 0.03887 0.04069 -0.02793 0.05987 -0.00801 0.03154 -0.01444 -0.01553 0.05452 0.00833 -0.02015 -0.02423 0.02020 0.02330 0.03141 0.03590 -0.02986 -0.01686 -0.01492 0.01056 0.02822 0.05427 0.02794 -0.01248 0.00260 -0.02359 -0.01479 -0.00146 0.00261 -0.00412
0.07653 0.03566 0.04338 0.04826 -0.00135 -0.05148 0.01093 0.02408 -0.06982 0.02559 0.15175 0.03903 0.03041 0.06869 0.01269 -0.01393 0.04722 0.00420 0.05081 -0.04264 0.02799 0.04807 0.01340 -0.02856 -0.03488 0.03558 -0.02938 -0.03639 0.00704 -0.03514 -0.04279 -0.00691 -0.00769 -0.00878 0.01362 -0.01629 -0.04622 -0.01660 -0.03124 -0.02501 0.00250 0.07513 0.04737 -0.02352 -0.02856 -0.04176 0.02803 -0.01820 -0.03311 0.03892
-0.02313 -0.04088 -0.01164 -0.01677 0.01280 -0.04130 -0.00162 -0.01981 0.04197 -0.00845 -0.03903 0.00000 0.01606 -0.04494 -0.01216 -0.04989 0.05005 -0.02432 0.01541 0.03520 -0.05175 -0.01889 0.01221 -0.03012 0.02716 -0.03120 0.02225 0.04282 0.02548 0.02339 0.05569 -0.00641 -0.02541 0.02204 0.00195 0.01247 -0.01971 0.01191 0.02151 -0.00621 -0.00377 -0.03917 -0.02812 -0.00257 -0.02535 0.03094 0.02282 0.04265 -0.00881 -0.07850
0.04519 0.00394 0.02808 -0.03152 -0.02771 0.04904 -0.02914 0.03922 0.01026 0.00094 -0.03041 -0.01606 0.39445 0.01000 0.01511 -0.02582 0.00097 -0.02761 -0.00858 -0.01289 0.00198 0.02300 -0.03789 0.03165 0.02591 0.01477 -0.02744 0.03572 -0.00540 0.03072 0.00975 0.03823 -0.02173 0.00799 -0.02479 0.03028 -0.00289 -0.00449 -0.02265 -0.03171 -0.07286 0.02644 0.02257 0.02871 0.00294 -0.03306 -0.00242 -0.02941 -0.03203 -0.00524
0.04184 -0.01223 0.03464 0.05822 -0.02384 0.05874 0.01749 0.04177 -0.01164 -0.03249 -0.06869 0.04494 -0.01000 0.66856 0.06616 0.01927 0.04426 -0.02404 0.01238 0.00855 0.01195 0.04794 0.00307 -0.00496 0.02705 0.05769 0.00332 -0.00965 -0.02016 0.00512 0.01745 -0.02343 0.04291 -0.01003 0.06496 0.04644 0.00248 -0.03364 0.00469 -0.02461 0.07022 0.03591 -0.01747 -0.01116 -0.00305 -0.02102 0.06058 -0.04950 -0.03780 -0.06418
-0.00419 -0.03753 -0.00151 -0.03892 -0.03740 0.01722 -0.04876 -0.02207 0.02388 -0.03651 -0.01269 0.01216 -0.01511 -0.06616 0.32414 -0.02372 -0.01337 -0.00795 -0.06853 0.00870 -0.04931 -0.05089 -0.00958 -0.01428 0.04044 -0.02592 -0.00493 0.01276 0.00583 -0.04280 0.06093 -0.01939 0.00270 0.01964 -0.04591 0.06128 0.02829 -0.03606 -0.00078 0.03877 -0.02498 -0.02274 -0.02590 0.00680 -0.01048 0.01907 -0.00360 0.03366 0.00044 -0.03530
0.01855 0.01042 0.01989 0.02979 -0.00180 -0.08212 0.03447 0.00160 -0.05818 0.02247 0.01393 0.04989 0.02582 -0.01927 0.02372 0.18184 0.02377 -0.01400 0.04514 -0.05533 0.00964 -0.00340 0.00052 -0.02151 -0.04211 0.01628 -0.03232 -0.03370 -0.03722 -0.04421 -0.02179 -0.00027 0.06682 -0.01571 0.03501 -0.02656 0.01100 -0.00817 0.00437 -0.03287 0.03764 0.00162 0.05715 0.01889 -0.00925 -0.02040 -0.01421 -0.01678 -0.04523 -0.01892
-0.03547 -0.01350 -0.04309 -0.06269 -0.01029 0.00342 0.00072 0.02908 0.00237 -0.00337 -0.04722 -0.05005 -0.00097 -0.04426 0.01337 -0.02377 0.23275 -0.04725 -0.02486 0.01291 -0.06928 0.00297 0.01407 0.00125 0.01522 -0.05713 -0.05489 0.01127 -0.03094 0.01015 0.04181 -0.01162 0.00729 0.00592 -0.05008 -0.00673 0.00103 0.00030 0.01417 0.01006 -0.03958 -0.00163 -0.00755 0.03391 -0.01116 0.02380 -0.03574 0.01313 -0.01618 -0.01337
0.03155 -0.01687 0.04999 0.01990 0.00988 -0.03783 -0.00651 0.02552 -0.03289 -0.00702 -0.00420 0.02432 0.02761 0.02404 0.00795 0.01400 0.04725 0.27774 0.02646 -0.02726 0.07522 0.00346 -0.01875 0.00764 -0.02367 0.08604 -0.04388 -0.05280 0.00447 -0.04163 -0.04193 0.00558 0.01777 -0.02286 0.01313 0.00244 -0.03614 -0.02640 -0.02012 -0.04556 0.04474 0.04005 0.00482 -0.01538 0.00114 -0.05140 0.03999 0.02866 -0.03541 0.01720
0.01781 0.01520 0.00280 -0.01834 -0.03563 0.01651 -0.01283 0.03483 0.01628 -0.03061 -0.05081 -0.01541 0.00858 -0.01238 0.06853 -0.04514 0.02486 -0.02646 1.03293 -0.01365 -0.00476 0.01814 0.01530 -0.01316 -0.00081 0.00179 -0.03262 -0.00199 -0.01655 -0.03268 -0.00001 -0.01734 0.00980 -0.01612 -0.00512 0.04760 -0.03534 -0.01358 0.01552 -0.01554 -0.01514 0.05669 -0.00701 0.03756 -0.02750 0.00338 0.02762 -0.00262 -0.01241 -0.01266
-0.02044 -0.01940 0.00541 0.00228 0.03696 -0.06683 0.02102 0.02722 -0.00505 0.03246 0.04264 -0.03520 0.01289 -0.00855 -0.00870 0.05533 -0.01291 0.02726 0.01365 0.34354 0.00283 -0.01015 -0.00314 0.02492 -0.04414 -0.02702 -0.04565 -0.02941 -0.02324 -0.00035 -0.01788 0.01061 0.07778 -0.00024 0.03265 -0.02140 0.02134 -0.05212 0.00691 -0.06346 0.02401 -0.02236 0.03000 0.02192 -0.01110 0.01664 0.01255 -0.02164 -0.03316 0.07020
0.03900 0.05392 0.03473 -0.00381 -0.03037 0.03381 0.03456 0.02548 0.00365 -0.03887 -0.02799 0.05175 -0.00198 -0.01195 0.04931 -0.00964 0.06928 -0.07522 0.00476 -0.00283 0.88682 0.00995 0.02412 -0.05872 -0.00289 0.00487 -0.02448 0.00710 -0.02911 -0.01446 0.00871 0.00452 -0.01382 -0.02798 0.04255 0.04758 0.02267 0.00972 0.02514 -0.02477 -0.00485 -0.02816 0.03565 0.00699 -0.03610 -0.03543 0.01416 -0.02984 -0.01516 -0.07772
-0.00604 -0.03920 0.01165 0.00657 -0.02564 0.04182 0.03169 -0.00609 0.02435 -0.04069 -0.04807 0.01889 -0.02300 -0.04794 0.05089 0.00340 -0.00297 -0.00346 -0.01814 0.01015 -0.00995 0.59931 -0.04832 -0.01922 0.01241 -0.00490 0.02722 0.04358 -0.04224 -0.00295 0.04637 -0.00441 -0.01533 0.02133 -0.00955 0.06325 0.01782 0.03112 0.00282 0.00607 0.00880 -0.05875 -0.04408 0.02211 -0.01911 -0.02018 0.03543 0.00233 -0.05802 -0.08508
0.00221 -0.00103 0.00661 -0.02069 0.01446 0.04450 0.05036 -0.02023 0.02502 0.02793 -0.01340 -0.01221 0.03789 -0.00307 0.00958 -0.00052 -0.01407 0.01875 -0.01530 0.00314 -0.02412 0.04832 0.56271 0.01179 0.02151 -0.00265 -0.00184 0.03725 0.00725 0.01589 0.02477 0.00761 -0.00500 0.01179 -0.05478 -0.02509 0.03061 -0.00260 -0.02916 -0.00205 -0.04170 0.02041 -0.01731 0.02083 0.01974 0.02426 -0.02535 -0.03482 0.01031 0.03775
0.02327 0.00084 -0.00301 0.09469 -0.00386 -0.01013 -0.03151 0.01047 0.00917 -0.05987 0.02856 0.03012 -0.03165 0.00496 0.01428 0.02151 -0.00125 -0.00764 0.01316 -0.02492 0.05872 0.01922 -0.01179 0.35115 0.00546 0.03760 0.04593 0.00642 0.03513 0.01234 0.00639 -0.04606 -0.03688 -0.00333 0.07163 0.03035 -0.00993 0.00337 0.00748 0.03232 -0.00474 0.01069 -0.00516 -0.04595 -0.05207 -0.03995 -0.03130 0.02688 0.05556 -0.03018
-0.01545 -0.00090 -0.02356 -0.00300 0.03714 -0.08098 -0.00529 -0.02754 -0.02237 0.00801 0.03488 -0.02716 -0.02591 -0.02705 -0.04044 0.04211 -0.01522 0.02367 0.00081 0.04414 0.00289 -0.01241 -0.02151 -0.00546 0.85947 -0.00616 0.03589 0.04172 0.02036 -0.01033 0.04444 0.03262 -0.04216 0.01726 -0.01085 -0.02865 -0.04048 -0.03416 0.00516 0.00513 -0.05617 -0.05912 0.01818 -0.04469 -0.01499 0.02688 -0.03550 -0.00197 0.02262 0.01234
0.03137 0.06585 0.04760 -0.00400 -0.02826 0.04617 0.01050 0.01872 -0.00287 -0.03154 -0.03558 0.03120 -0.01477 -0.05769 0.02592 -0.01628 0.05713 -0.08604 -0.00179 0.02702 -0.00487 0.00490 0.00265 -0.03760 0.00616 0.79329 -0.02286 0.00048 -0.02712 -0.00501 0.05335 0.00884 -0.02712 -0.02676 0.04425 0.04103 0.00532 0.04795 0.05227 -0.02223 -0.03199 -0.02259 0.03633 0.00801 -0.04086 -0.02174 0.02336 -0.03057 -0.00129 -0.07128
0.00420 0.02971 0.02066 0.01038 0.01966 -0.03470 0.01542 -0.00832 -0.01441 0.01444 0.02938 -0.02225 0.02744 -0.00332 0.00493 0.03232 0.05489 0.04388 0.03262 0.04565 0.02448 -0.02722 0.00184 -0.04593 -0.03589 0.02286 0.47994 -0.08570 -0.02471 -0.01448 0.00718 0.01648 0.00140 0.01767 0.03826 -0.03327 -0.02579 -0.00556 -0.01415 -0.08039 0.05427 -0.00517 -0.00190 -0.05344 -0.03270 -0.00208 0.08330 0.02422 -0.07382 0.01332
-0.04718 -0.02225 -0.01756 0.03060 0.02070 -0.04144 0.02777 -0.02810 -0.00503 0.01553 0.03639 -0.04282 -0.03572 0.00965 -0.01276 0.03370 -0.01127 0.05280 0.00199 0.02941 -0.00710 -0.04358 -0.03725 -0.00642 -0.04172 -0.00048 0.08570 0.67574 0.02055 -0.00796 -0.01567 0.00659 -0.00612 0.02420 0.04748 -0.01935 -0.02289 0.01365 -0.01344 0.02621 0.07519 -0.06503 -0.03856 -0.05525 0.03042 0.03510 0.05686 0.02940 -0.02553 0.00119
0.00421 0.04861 0.00554 0.08122 0.01552 -0.04368 0.03554 0.06341 -0.02082 -0.05452 -0.00704 -0.02548 0.00540 0.02016 -0.00583 0.03722 0.03094 -0.00447 0.01655 0.02324 0.02911 0.04224 -0.00725 -0.03513 -0.02036 0.02712 0.02471 -0.02055 0.50032 -0.00161 -0.00139 -0.02575 -0.03606 -0.00211 0.02707 -0.00474 -0.03560 -0.03143 0.00802 -0.01083 0.00426 0.01826 0.00106 -0.02642 -0.04820 0.02708 0.02751 0.01507 -0.04383 -0.06058
0.02260 0.00353 0.02904 -0.01356 0.00919 -0.09119 -0.03530 -0.01480 0.00450 -0.00833 0.03514 -0.02339 -0.03072 -0.00512 0.04280 0.04421 -0.01015 0.04163 0.03268 0.00035 0.01446 0.00295 -0.01589 -0.01234 0.01033 0.00501 0.01448 0.00796 0.00161 1.02395 -0.00492 -0.00691 -0.02656 0.03146 0.00825 -0.00969 -0.02067 -0.04457 -0.07682 -0.01424 -0.01248 0.04043 -0.00758 -0.03024 0.01210 0.02216 0.00313 0.04813 -0.03307 0.00929
-0.03229 -0.00517 -0.04484 -0.08419 0.07015 -0.07338 0.01407 -0.00637 -0.02360 0.02015 0.04279 -0.05569 -0.00975 -0.01745 -0.06093 0.02179 -0.04181 0.04193 0.00001 0.01788 -0.00871 -0.04637 -0.02477 -0.00639 -0.04444 -0.05335 -0.00718 0.01567 0.00139 0.00492 0.83579 -0.00846 -0.04048 -0.01959 0.00899 -0.03062 -0.04237 0.02213 0.00116 0.02176 -0.02047 -0.05434 -0.06148 -0.00970 0.03190 0.03880 -0.01669 0.05354 -0.01086 0.04169
-0.00619 -0.02495 -0.01406 0.05025 0.00970 -0.05882 -0.00251 0.00699 0.00113 0.02423 0.00691 0.00641 -0.03823 0.02343 0.01939 0.00027 0.01162 -0.00558 0.01734 -0.01061 -0.00452 0.00441 -0.00761 0.04606 -0.03262 -0.00884 -0.01648 -0.00659 0.02575 0.00691 0.00846 0.50771 0.06050 -0.01086 0.07885 -0.00154 0.03870 -0.02482 0.01899 0.00024 0.00945 -0.02131 0.02676 0.00111 0.02159 0.02487 -0.04166 -0.02634 0.02770 -0.02404
-0.03302 -0.00388 -0.01792 -0.04716 0.00687 0.03275 -0.03084 0.02255 0.01739 -0.02020 0.00769 0.02541 0.02173 -0.04291 -0.00270 -0.06682 -0.00729 -0.01777 -0.00980 -0.07778 0.01382 0.01533 0.00500 0.03688 0.04216 0.02712 -0.00140 0.00612 0.03606 0.02656 0.04048 -0.06050 0.67004 0.02525 -0.07458 -0.01128 -0.04211 -0.02130 -0.03518 0.01279 -0.05573 0.07250 -0.01994 0.00427 -0.00663 -0.00518 -0.00281 0.01131 0.01217 0.02323
-0.00144 0.00241 0.00878 -0.00324 0.02553 -0.10661 -0.00010 0.00190 0.00115 -0.02330 0.00878 -0.02204 -0.00799 0.01003 -0.01964 0.01571 -0.00592 0.02286 0.01612 0.00024 0.02798 -0.02133 -0.01179 0.00333 -0.01726 0.02676 -0.01767 -0.02420 0.00211 -0.03146 0.01959 0.01086 -0.02525 0.47093 -0.01854 -0.02615 -0.02804 -0.01182 0.00533 -0.01338 0.01001 -0.00744 0.00543 -0.01222 -0.00053 0.00890 0.00443 0.03898 -0.02014 0.01614
0.01678 0.06506 -0.00363 -0.09159 -0.00658 0.02317 -0.01171 0.03899 -0.01905 -0.03141 -0.01362 -0.00195 0.02479 -0.06496 0.04591 -0.03501 0.05008 -0.01313 0.00512 -0.03265 -0.04255 0.00955 0.05478 -0.07163 0.01085 -0.04425 -0.03826 -0.04748 -0.02707 -0.00825 -0.00899 -0.07885 0.07458 0.01854 0.56166 0.04372 -0.00192 0.01521 0.03303 -0.02773 -0.01065 0.02936 0.03093 0.00592 -0.05502 0.01729 0.05270 0.02858 -0.03910 -0.00564
-0.11423 -0.01618 -0.00406 -0.00471 0.05474 0.02249 -0.01568 -0.02825 0.02977 -0.03590 0.01629 -0.01247 -0.03028 -0.04644 -0.06128 0.02656 0.00673 -0.00244 -0.04760 0.02140 -0.04758 -0.06325 0.02509 -0.03035 0.02865 -0.04103 0.03327 0.01935 0.00474 0.00969 0.03062 0.00154 0.01128 0.02615 -0.04372 0.16508 0.03790 -0.03352 -0.01957 0.01523 -0.01524 -0.04825 -0.03659 -0.01586 -0.01105 0.08998 -0.00883 0.00832 0.07063 -0.00134
0.00725 -0.00217 -0.00548 -0.03626 0.05107 -0.07341 -0.01121 -0.03768 0.00581 0.02986 0.04622 0.01971 0.00289 -0.00248 -0.02829 -0.01100 -0.00103 0.03614 0.03534 -0.02134 -0.02267 -0.01782 -0.03061 0.00993 0.04048 -0.00532 0.02579 0.02289 0.03560 0.02067 0.04237 -0.03870 0.04211 0.02804 0.00192 -0.03790 0.89047 -0.00431 -0.03897 0.01285 0.01492 0.00363 -0.02303 -0.01847 0.04109 0.00126 0.00983 0.00135 0.00235 -0.01044
0.00557 0.01809 -0.01906 -0.05838 0.01119 0.06260 -0.00432 -0.03466 0.00322 0.01686 0.01660 -0.01191 0.00449 0.03364 0.03606 0.00817 -0.00030 0.02640 0.01358 0.05212 -0.00972 -0.03112 0.00260 -0.00337 0.03416 -0.04795 0.00556 -0.01365 0.03143 0.04457 -0.02213 0.02482 0.02130 0.01182 -0.01521 0.03352 0.00431 0.02264 -0.00112 -0.01089 0.02726 0.01900 -0.01393 -0.01160 0.00748 0.01696 0.01609 -0.00400 0.00986 0.05030
-0.01875 -0.00340 -0.00464 -0.02095 0.01306 0.09397 0.03979 0.01974 0.05327 0.01492 0.03124 -0.02151 0.02265 -0.00469 0.00078 -0.00437 -0.01417 0.02012 -0.01552 -0.00691 -0.02514 -0.00282 0.02916 -0.00748 -0.00516 -0.05227 0.01415 0.01344 -0.00802 0.07682 -0.00116 -0.01899 0.03518 -0.00533 -0.03303 0.01957 0.03897 0.00112 0.29988 0.02516 -0.01487 0.00022 -0.01277 0.00997 0.01368 0.03568 -0.02327 -0.04951 0.03615 0.02533
-0.01010 0.04533 0.01271 0.03168 0.01450 -0.00117 0.03529 -0.02297 0.02250 -0.01056 0.02501 0.00621 0.03171 0.02461 -0.03877 0.03287 -0.01006 0.04556 0.01554 0.06346 0.02477 -0.00607 0.00205 -0.03232 -0.00513 0.02223 0.08039 -0.02621 0.01083 0.01424 -0.02176 -0.00024 -0.01279 0.01338 0.02773 -0.01523 -0.01285 0.01089 -0.02516 0.45388 0.05629 -0.01889 -0.02647 -0.06242 -0.00159 0.02231 0.04091 -0.00327 -0.00555 -0.00158
0.02192 0.02804 0.01489 -0.08063 -0.00639 0.03907 -0.05254 0.01582 0.00125 -0.02822 -0.00250 0.00377 0.07286 -0.07022 0.02498 -0.03764 0.03958 -0.04474 0.01514 -0.02401 0.00485 -0.00880 0.04170 0.00474 0.05617 0.03199 -0.05427 -0.07519 -0.00426 0.01248 0.02047 -0.00945 0.05573 -0.01001 0.01065 0.01524 -0.01492 -0.02726 0.01487 -0.05629 0.64662 0.04447 0.04078 0.01057 -0.03499 -0.03485 0.00496 0.01826 -0.00975 0.01978
0.03549 0.01364 0.04214 -0.00573 -0.04848 0.06798 -0.06507 -0.01989 0.03318 -0.05427 -0.07513 0.03917 -0.02644 -0.03591 0.02274 -0.00162 0.00163 -0.04005 -0.05669 0.02236 0.02816 0.05875 -0.02041 -0.01069 0.05912 0.02259 0.00517 0.06503 -0.01826 -0.04043 0.05434 0.02131 -0.07250 0.00744 -0.02936 0.04825 -0.00363 -0.01900 -0.00022 0.01889 -0.04447 0.50371 -0.02140 -0.01340 -0.06341 -0.00408 -0.02487 0.03082 -0.00682 -0.07416
-0.00312 0.01471 -0.03889 0.03560 -0.05075 -0.04940 -0.02018 0.03318 0.06012 -0.02794 -0.04737 0.02812 -0.02257 0.01747 0.02590 -0.05715 0.00755 -0.00482 0.00701 -0.03000 -0.03565 0.04408 0.01731 0.00516 -0.01818 -0.03633 0.00190 0.03856 -0.00106 0.00758 0.06148 -0.02676 0.01994 -0.00543 -0.03093 0.03659 0.02303 0.01393 0.01277 0.02647 -0.04078 0.02140 0.48981 0.03814 -0.04292 -0.01385 -0.03186 -0.02026 0.01626 -0.03009
0.01288 -0.01180 -0.04213 -0.01832 -0.01533 0.06999 -0.06400 -0.04407 0.05814 0.01248 0.02352 0.00257 -0.02871 0.01116 -0.00680 -0.01889 -0.03391 0.01538 -0.03756 -0.02192 -0.00699 -0.02211 -0.02083 0.04595 0.04469 -0.00801 0.05344 0.05525 0.02642 0.03024 0.00970 -0.00111 -0.00427 0.01222 -0.00592 0.01586 0.01847 0.01160 -0.00997 0.06242 -0.01057 0.01340 -0.03814 0.15950 0.05942 -0.01423 -0.04900 0.02744 0.03464 0.01355
0.01135 0.00188 0.02255 0.06349 0.00040 -0.02816 -0.02460 -0.00752 -0.01269 -0.00260 0.02856 0.02535 -0.00294 0.00305 0.01048 0.00925 0.01116 -0.00114 0.02750 0.01110 0.03610 0.01911 -0.01974 0.05207 0.01499 0.04086 0.03270 -0.03042 0.04820 -0.01210 -0.03190 -0.02159 0.00663 0.00053 0.05502 0.01105 -0.04109 -0.00748 -0.01368 0.00159 0.03499 0.06341 0.04292 -0.05942 0.52768 -0.01285 0.01762 -0.00903 0.00425 -0.00749
-0.02783 -0.01921 0.01149 -0.01200 0.04256 -0.01224 0.02949 0.00012 -0.00760 0.02359 0.04176 -0.03094 0.03306 0.02102 -0.01907 0.02040 -0.02380 0.05140 -0.00338 -0.01664 0.03543 0.02018 -0.02426 0.03995 -0.02688 0.02174 0.00208 -0.03510 -0.02708 -0.02216 -0.03880 -0.02487 0.00518 -0.00890 -0.01729 -0.08998 -0.00126 -0.01696 -0.03568 -0.02231 0.03485 0.00408 0.01385 0.01423 0.01285 0.46268 0.03171 0.02406 -0.09068 0.05579
-0.01303 -0.04032 0.00682 -0.06597 0.00743 0.08423 -0.05068 -0.01551 0.00121 0.01479 -0.02803 -0.02282 0.00242 -0.06058 0.00360 0.01421 0.03574 -0.03999 -0.02762 -0.01255 -0.01416 -0.03543 0.02535 0.03130 0.03550 -0.02336 -0.08330 -0.05686 -0.02751 -0.00313 0.01669 0.04166 0.00281 -0.00443 -0.05270 0.00883 -0.00983 -0.01609 0.02327 -0.04091 -0.00496 0.02487 0.03186 0.04900 -0.01762 -0.03171 0.69911 0.05965 -0.02853 0.00646
0.02260 0.04006 -0.01268 -0.03255 -0.02300 -0.06133 0.00325 -0.02206 -0.00239 0.00146 0.01820 -0.04265 0.02941 0.04950 -0.03366 0.01678 -0.01313 -0.02866 0.00262 0.02164 0.02984 -0.00233 0.03482 -0.02688 0.00197 0.03057 -0.02422 -0.02940 -0.01507 -0.04813 -0.05354 0.02634 -0.01131 -0.03898 -0.02858 -0.00832 -0.00135 0.00400 0.04951 0.00327 -0.01826 -0.03082 0.02026 -0.02744 0.00903 -0.02406 -0.05965 0.72648 0.03229 0.04717
-0.06621 0.08935 0.02674 0.07927 0.06578 -0.00608 0.07121 0.02587 -0.01270 -0.00261 0.03311 0.00881 0.03203 0.03780 -0.00044 0.04523 0.01618 0.03541 0.01241 0.03316 0.01516 0.05802 -0.01031 -0.05556 -0.02262 0.00129 0.07382 0.02553 0.04383 0.03307 0.01086 -0.02770 -0.01217 0.02014 0.03910 -0.07063 -0.00235 -0.00986 -0.03615 0.00555 0.00975 0.00682 -0.01626 -0.03464 -0.00425 0.09068 0.02853 -0.03229 0.56548 -0.02765
0.06804 -0.01390 0.04771 0.08986 -0.03119 0.04319 -0.00750 -0.00310 0.02243 0.00412 -0.03892 0.07850 0.00524 0.06418 0.03530 0.01892 0.01337 -0.01720 0.01266 -0.07020 0.07772 0.08508 -0.03775 0.03018 -0.01234 0.07128 -0.01332 -0.00119 0.06058 -0.00929 -0.04169 0.02404 -0.02323 -0.01614 0.00564 0.00134 0.01044 -0.05030 -0.02533 0.00158 -0.01978 0.07416 0.03009 -0.01355 0.00749 -0.05579 -0.00646 -0.04717 0.02765 0.00000
