0.26022 0.01580 -0.00263 0.03533 0.02630 -0.01015 0.00671 -0.00232 0.00114 0.00208 -0.00451 -0.00763 -0.00400 -0.00297 0.01628 0.00487 0.01019 0.00480 0.01893 -0.02167 -0.01086 -0.00957 -0.00784 -0.02127 0.00260 0.00882 -0.00864 -0.02362 0.04450 0.02926 -0.00304 0.00644 0.00919 -0.02755 -0.03680 0.01775 0.00472 0.00294 0.00213 -0.00502 -0.03118 -0.01251 -0.02131 -0.02796 -0.01772 0.00152 0.01523 -0.01473 -0.00851 0.00658
-0.01580 0.69393 -0.03304 0.03259 0.01956 -0.01097 -0.00037 -0.01007 0.01083 0.00496 0.03514 0.00574 0.02077 -0.00146 0.00835 0.02003 0.01440 0.00258 -0.00502 -0.02199 -0.00516 0.00669 0.01338 -0.01723 -0.00297 -0.01342 0.00132 -0.02255 0.02366 0.00541 -0.00901 -0.00959 -0.00546 0.00043 -0.00111 -0.01074 0.00374 -0.01960 -0.00280 0.00758 0.02720 -0.03268 -0.01582 -0.03188 -0.01664 -0.01840 -0.00037 -0.01945 -0.00871 -0.00331
0.00263 0.03304 0.09011 0.02559 0.02266 -0.02994 0.00075 0.00176 0.02527 0.00742 -0.01836 -0.00636 0.02666 0.00014 0.03495 0.03378 0.01458 0.00639 0.01634 -0.03485 -0.02394 -0.00435 0.02331 -0.00031 -0.01297 0.02874 -0.00199 -0.02175 0.03221 0.02802 -0.00561 -0.01322 0.02893 -0.01683 -0.00683 0.03841 -0.00718 -0.00487 -0.01510 0.00070 -0.01419 -0.01948 -0.01560 -0.01319 -0.01878 -0.01544 0.02422 -0.01897 -0.01860 0.02395
-0.03533 -0.03259 -0.02559 0.66069 0.01932 0.00555 -0.00246 -0.01377 0.01666 0.00650 0.02822 0.00453 0.00644 0.00229 -0.02421 0.01468 0.00465 -0.00898 -0.02945 0.01092 0.02098 0.00588 -0.00973 -0.02601 -0.00679 -0.01388 0.00792 0.02302 -0.01335 -0.00339 -0.00788 -0.01844 -0.00969 0.03991 0.02673 0.01281 0.00740 -0.00453 0.00777 -0.00456 0.01470 0.01727 0.01987 -0.03754 -0.01825 -0.01207 -0.02864 -0.00114 -0.01202 0.00800
-0.02630 -0.01956 -0.02266 -0.01932 0.42844 -0.02184 -0.00383 -0.02287 0.00222 0.00146 0.02407 0.00024 -0.00202 0.00969 -0.01406 -0.01504 0.00415 0.00719 -0.03238 0.04673 0.03376 -0.00442 -0.01086 0.01012 -0.00921 -0.02742 0.01066 0.00227 -0.01585 0.02472 0.01636 -0.00252 -0.02328 0.02853 0.00949 0.00798 0.00090 0.00593 0.03129 -0.01432 0.01372 0.02935 0.01917 0.02342 0.00410 0.00098 -0.03137 0.01975 -0.00245 -0.00960
0.01015 0.01097 0.02994 -0.00555 0.02184 0.70168 -0.01582 0.01114 0.01153 0.03895 -0.02333 0.00011 -0.02098 -0.00232 0.01679 0.01280 -0.00306 -0.00670 0.01481 -0.01673 -0.00911 -0.02036 -0.00585 -0.01202 0.00011 0.01534 -0.01905 -0.02451 0.00288 0.00997 0.00248 0.02421 0.02726 -0.02798 -0.00539 0.00618 -0.00046 0.02339 -0.00521 0.00071 -0.00311 0.00004 -0.01071 0.00143 -0.00451 -0.01168 0.00194 -0.00669 -0.01832 0.02632
-0.00671 0.00037 -0.00075 0.00246 0.00383 0.01582 0.53519 -0.01282 -0.04314 -0.01626 0.01704 0.01181 0.00724 0.00844 -0.02195 -0.00996 -0.00775 0.00941 0.00572 0.00113 0.02764 -0.00013 -0.00458 0.00879 -0.01009 -0.00901 0.02158 0.00800 -0.01175 -0.00069 0.01138 0.00443 -0.02230 -0.00281 -0.00519 -0.03318 -0.00797 -0.01906 0.01192 0.01120 0.01214 0.01173 0.01825 -0.00175 0.01402 0.00201 -0.00808 -0.00560 -0.00018 -0.02480
0.00232 0.01007 -0.00176 0.01377 0.02287 -0.01114 0.01282 0.60427 0.01415 0.01923 -0.00637 -0.00399 -0.00577 -0.01495 0.02038 0.02010 0.03058 0.00172 0.03047 -0.01590 -0.01510 -0.01245 0.02315 -0.01246 -0.00669 0.00812 -0.02830 -0.02526 0.03308 0.04640 -0.01379 -0.00118 0.02395 0.00534 -0.04384 0.02790 -0.00221 -0.01650 0.00668 0.01975 -0.01062 -0.02447 -0.02186 -0.00554 0.01862 0.01294 0.03133 -0.02914 0.00889 0.01691
-0.00114 -0.01083 -0.02527 -0.01666 -0.00222 -0.01153 0.04314 -0.01415 0.81449 -0.03119 0.00874 -0.02496 0.01644 0.00229 -0.02134 -0.00994 0.01871 -0.02774 0.00126 0.00312 0.02316 0.01515 -0.01018 0.00376 -0.01415 -0.01324 0.00539 0.00797 -0.00262 -0.00691 0.00649 -0.01093 -0.01612 0.03582 0.00801 0.00087 0.00729 -0.04139 0.01777 -0.01632 0.00335 0.02348 -0.00369 -0.00209 0.00642 -0.01473 0.00292 -0.00566 -0.00365 -0.01146
-0.00208 -0.00496 -0.00742 -0.00650 -0.00146 -0.03895 0.01626 -0.01923 0.03119 0.27941 -0.01007 -0.01072 0.00424 -0.00887 0.01481 0.02394 0.00332 -0.01092 0.00815 -0.01628 0.00179 -0.01653 0.02071 -0.00434 -0.00342 0.02687 -0.02144 -0.01029 0.01679 -0.00000 -0.00198 0.00190 0.01698 0.00798 -0.03274 0.01031 0.00688 -0.00040 -0.00572 -0.00095 -0.00783 -0.02032 -0.01542 -0.00318 0.00040 -0.01326 0.00562 0.00366 -0.02559 0.02090
0.00451 -0.03514 0.01836 -0.02822 -0.02407 0.02333 -0.01704 0.00637 -0.00874 0.01007 0.98572 -0.00435 -0.00485 -0.01116 0.00302 -0.00986 -0.01146 0.03001 -0.02434 0.01759 0.04135 -0.01260 -0.03615 0.02014 0.02034 0.00257 0.02956 0.00678 -0.01187 -0.02376 0.02027 0.01072 -0.01568 0.01717 0.01439 0.00026 0.00654 0.01209 0.02579 -0.00656 -0.02379 0.00845 0.00025 0.01635 0.01153 -0.00180 -0.01236 0.00251 0.00755 0.00955
0.00763 -0.00574 0.00636 -0.00453 -0.00024 -0.00011 -0.01181 0.00399 0.02496 0.01072 0.00435 0.33818 0.00804 -0.00760 0.00950 -0.01238 -0.01414 0.01058 0.02249 -0.00837 -0.01425 -0.01165 0.00150 -0.00930 -0.01275 0.02279 -0.00295 -0.00802 0.00132 0.01404 -0.00049 0.00746 0.01634 -0.00037 -0.02829 0.03685 0.00732 0.02244 0.01554 0.01191 0.00397 0.00248 0.00552 -0.00552 0.00996 0.00876 0.02544 -0.01470 -0.00045 0.03061
0.00400 -0.02077 -0.02666 -0.00644 0.00202 0.02098 -0.00724 0.00577 -0.01644 -0.00424 0.00485 -0.00804 0.56947 -0.03475 -0.00182 -0.00643 -0.01197 0.01695 -0.00395 0.02584 0.02243 -0.00242 -0.02779 0.01882 0.00023 -0.04208 0.00619 0.01967 -0.00888 -0.01853 -0.01014 -0.00318 -0.01279 0.01598 0.01610 0.00643 0.00333 -0.02592 0.01185 0.00616 0.01533 0.02650 -0.01524 -0.01759 -0.00945 -0.02255 -0.01763 -0.00167 0.00413 0.01138
0.00297 0.00146 -0.00014 -0.00229 -0.00969 0.00232 -0.00844 0.01495 -0.00229 0.00887 0.01116 0.00760 0.03475 0.26890 -0.01322 -0.01335 -0.01800 0.00926 -0.01543 0.02112 -0.00044 0.00465 -0.01400 0.00028 0.00506 -0.02566 0.02724 0.00258 -0.00627 -0.01569 0.00551 0.00080 -0.01402 0.00607 0.02795 -0.00194 -0.02299 -0.00020 -0.01116 0.00362 0.01527 0.02010 0.01273 0.00406 0.02845 -0.00308 -0.01737 0.03136 0.01160 -0.01834
-0.01628 -0.00835 -0.03495 0.02421 0.01406 -0.01679 0.02195 -0.02038 0.02134 -0.01481 -0.00302 -0.00950 0.00182 0.01322 0.77098 0.01443 0.03167 -0.01273 -0.00013 0.00578 0.00004 -0.00002 -0.00630 -0.00595 -0.02972 -0.01009 -0.00997 -0.01665 0.02446 0.04727 -0.01933 -0.03063 -0.00449 -0.00937 0.01772 0.02585 -0.00199 -0.02065 0.00779 0.00998 0.02777 -0.02450 0.00784 -0.03018 -0.01693 -0.02609 0.00130 -0.02399 -0.00786 0.00691
-0.00487 -0.02003 -0.03378 -0.01468 0.01504 -0.01280 0.00996 -0.02010 0.00994 -0.02394 0.00986 0.01238 0.00643 0.01335 -0.01443 0.38363 0.00604 -0.00857 -0.01257 0.01225 0.00938 0.01797 -0.04283 0.00291 -0.02017 -0.01063 0.00426 0.00728 -0.00015 0.00810 -0.00601 0.00030 -0.01029 0.01068 0.01920 0.00843 0.00718 -0.03234 0.01420 0.00296 0.01308 0.00847 -0.01168 0.00430 0.01688 -0.01579 -0.00514 0.01571 -0.01416 -0.01033
-0.01019 -0.01440 -0.01458 -0.00465 -0.00415 0.00306 0.00775 -0.03058 -0.01871 -0.00332 0.01146 0.01414 0.01197 0.01800 -0.03167 -0.00604 1.03432 0.00263 -0.01808 0.01273 -0.00277 -0.00968 -0.00985 -0.00437 -0.00218 -0.00490 -0.01205 -0.01002 0.00384 0.01276 0.00296 -0.01299 -0.02066 0.02145 0.03006 -0.01455 -0.01207 -0.00383 0.02145 -0.00599 0.01459 0.01036 0.00001 -0.00981 -0.01037 -0.01242 -0.01266 0.00431 0.00792 -0.00907
-0.00480 -0.00258 -0.00639 0.00898 -0.00719 0.00670 -0.00941 -0.00172 0.02774 0.01092 -0.03001 -0.01058 -0.01695 -0.00926 0.01273 0.00857 -0.00263 0.77204 0.00497 0.00286 -0.02682 0.00114 0.01596 -0.00558 -0.01093 0.01579 0.01203 -0.02106 0.01377 0.01025 -0.00612 0.02583 0.03444 -0.00355 -0.01719 0.00815 0.00883 0.03708 -0.01538 0.00959 -0.00543 0.00659 0.01600 -0.00034 -0.00256 -0.00533 0.01045 0.00994 -0.01844 0.00305
-0.01893 0.00502 -0.01634 0.02945 0.03238 -0.01481 -0.00572 -0.03047 -0.00126 -0.00815 0.02434 -0.02249 0.00395 0.01543 0.00013 0.01257 0.01808 -0.00497 1.02847 -0.03358 -0.01684 0.02512 0.02236 -0.02754 -0.02887 -0.01851 -0.01069 -0.01374 0.01385 0.00686 -0.03424 -0.02984 0.01687 -0.02416 -0.01203 0.00181 0.00365 -0.01633 -0.03122 0.00219 0.02496 -0.00320 0.00720 -0.02310 -0.03047 -0.00737 0.02340 -0.02779 -0.01655 0.01548
0.02167 0.02199 0.03485 -0.01092 -0.04673 0.01673 -0.00113 0.01590 -0.00312 0.01628 -0.01759 0.00837 -0.02584 -0.02112 -0.00578 -0.01225 -0.01273 -0.00286 0.03358 0.57228 -0.00280 0.01029 0.00657 -0.00424 0.01021 0.00464 -0.00851 -0.00575 -0.02272 -0.00629 -0.00504 0.02396 0.00288 -0.01610 -0.01792 0.00728 -0.00348 0.01848 -0.01235 0.00409 -0.02556 0.00450 -0.00796 0.00786 0.01654 0.01542 -0.00170 0.00856 0.01353 0.00111
0.01086 0.00516 0.02394 -0.02098 -0.03376 0.00911 -0.02764 0.01510 -0.02316 -0.00179 -0.04135 0.01425 -0.02243 0.00044 -0.00004 -0.00938 0.00277 0.02682 0.01684 0.00280 0.72441 -0.00478 0.00508 0.02100 0.00156 0.01949 0.00553 0.00642 -0.02941 -0.02658 0.01920 0.00804 0.00160 0.01782 0.00129 0.00015 -0.01147 0.01033 0.00983 0.01451 -0.02432 0.01611 0.00975 0.03683 0.02964 0.03441 0.01122 0.01840 0.01123 -0.00699
0.00957 -0.00669 0.00435 -0.00588 0.00442 0.02036 0.00013 0.01245 -0.01515 0.01653 0.01260 0.01165 0.00242 -0.00465 0.00002 -0.01797 0.00968 -0.00114 -0.02512 -0.01029 0.00478 0.18239 -0.01830 0.01224 0.02236 -0.01344 0.01672 0.02288 -0.01857 0.01177 0.00974 -0.00625 -0.01125 0.00895 0.02144 -0.01138 0.01443 0.00552 0.01707 -0.00290 0.01026 0.00587 0.01609 -0.01624 0.01208 0.01980 -0.02412 0.01154 0.01666 -0.00280
0.00784 -0.01338 -0.02331 0.00973 0.01086 0.00585 0.00458 -0.02315 0.01018 -0.02071 0.03615 -0.00150 0.02779 0.01400 0.00630 0.04283 0.00985 -0.01596 -0.02236 -0.00657 -0.00508 0.01830 0.55687 -0.00848 -0.01311 -0.02550 -0.03348 -0.00959 0.01535 0.00253 -0.01340 -0.00198 -0.00945 0.01384 0.00561 -0.01672 -0.00797 -0.01737 0.01226 -0.01139 0.01160 -0.03365 0.01478 0.01355 -0.00554 -0.02267 -0.00567 0.00511 0.00025 0.00692
0.02127 0.01723 0.00031 0.02601 -0.01012 0.01202 -0.00879 0.01246 -0.00376 0.00434 -0.02014 0.00930 -0.01882 -0.00028 0.00595 -0.00291 0.00437 0.00558 0.02754 0.00424 -0.02100 -0.01224 0.00848 0.15511 -0.01101 0.00683 0.00713 -0.02829 -0.00092 0.00712 -0.00206 0.01432 0.00393 0.00695 -0.03223 0.01966 -0.00587 -0.01137 -0.01752 -0.00716 -0.01838 -0.00235 0.00874 -0.02295 -0.00916 0.02032 0.02573 -0.00101 0.01612 -0.00126
-0.00260 0.00297 0.01297 0.00679 0.00921 -0.00011 0.01009 0.00669 0.01415 0.00342 -0.02034 0.01275 -0.00023 -0.00506 0.02972 0.02017 0.00218 0.01093 0.02887 -0.01021 -0.00156 -0.02236 0.01311 0.01101 0.20448 0.00552 -0.02753 -0.02346 -0.00164 0.01215 -0.01231 0.01646 0.01057 0.00303 -0.01683 -0.01475 0.00007 0.00203 -0.02390 0.00812 0.00645 -0.01323 -0.01938 -0.00127 -0.02061 0.01225 0.02055 -0.00570 -0.01052 0.03473
-0.00882 0.01342 -0.02874 0.01388 0.02742 -0.01534 0.00901 -0.00812 0.01324 -0.02687 -0.00257 -0.02279 0.04208 0.02566 0.01009 0.01063 0.00490 -0.01579 0.01851 -0.00464 -0.01949 0.01344 0.02550 -0.00683 -0.00552 0.14784 -0.01994 -0.01217 0.01921 0.00597 -0.01117 0.00508 0.01312 -0.01257 -0.02897 0.02389 -0.00795 -0.02573 -0.00547 0.00668 -0.00618 -0.01737 -0.01431 0.00423 0.00482 -0.01412 0.02917 -0.01304 -0.02265 0.02359
0.00864 -0.00132 0.00199 -0.00792 -0.01066 0.01905 -0.02158 0.02830 -0.00539 0.02144 -0.02956 0.00295 -0.00619 -0.02724 0.00997 -0.00426 0.01205 -0.01203 0.01069 0.00851 -0.00553 -0.01672 0.03348 -0.00713 0.02753 0.01994 0.68115 0.01847 -0.02257 0.00139 0.00281 0.00422 0.03335 -0.00683 -0.00655 0.00494 -0.01061 0.02730 -0.01288 0.00864 0.00342 -0.00872 -0.00365 0.02587 0.01015 0.02420 0.02306 -0.00164 0.00345 0.00945
0.02362 0.02255 0.02175 -0.02302 -0.00227 0.02451 -0.00800 0.02526 -0.00797 0.01029 -0.00678 0.00802 -0.01967 -0.00258 0.01665 -0.00728 0.01002 0.02106 0.01374 0.00575 -0.00642 -0.02288 0.00959 0.02829 0.02346 0.01217 -0.01847 0.61614 -0.00786 -0.01965 0.01745 -0.00161 0.02013 -0.01226 -0.02999 0.01587 0.00425 0.02185 0.00182 0.01137 -0.03459 0.00399 0.00296 0.00829 0.01025 -0.00350 -0.00148 -0.02347 -0.00676 0.02121
-0.04450 -0.02366 -0.03221 0.01335 0.01585 -0.00288 0.01175 -0.03308 0.00262 -0.01679 0.01187 -0.00132 0.00888 0.00627 -0.02446 0.00015 -0.00384 -0.01377 -0.01385 0.02272 0.02941 0.01857 -0.01535 0.00092 0.00164 -0.01921 0.02257 0.00786 1.04562 0.01672 -0.01460 -0.00162 -0.02577 0.02539 0.04422 -0.01587 -0.00716 -0.01686 0.01136 0.00678 0.03583 -0.00174 -0.00958 -0.01523 -0.01717 -0.01826 -0.03085 -0.00766 0.00191 -0.01722
-0.02926 -0.00541 -0.02802 0.00339 -0.02472 -0.00997 0.00069 -0.04640 0.00691 0.00000 0.02376 -0.01404 0.01853 0.01569 -0.04727 -0.00810 -0.01276 -0.01025 -0.00686 0.00629 0.02658 -0.01177 -0.00253 -0.00712 -0.01215 -0.00597 -0.00139 0.01965 -0.01672 0.58943 -0.00426 0.01808 -0.02098 -0.00409 0.02928 -0.02368 -0.01026 -0.01284 -0.00060 -0.01133 0.00546 0.00537 0.00918 -0.00873 0.02065 0.00029 -0.02822 0.00139 -0.00861 0.00968
0.00304 0.00901 0.00561 0.00788 -0.01636 -0.00248 -0.01138 0.01379 -0.00649 0.00198 -0.02027 0.00049 0.01014 -0.00551 0.01933 0.00601 -0.00296 0.00612 0.03424 0.00504 -0.01920 -0.00974 0.01340 0.00206 0.01231 0.01117 -0.00281 -0.01745 0.01460 0.00426 1.03394 -0.00853 0.01751 -0.00892 -0.00439 0.02022 -0.00529 -0.00577 -0.01390 0.00932 -0.03001 0.00073 -0.01048 0.00968 -0.01665 0.00128 0.02140 -0.00956 -0.00207 0.01402
-0.00644 0.00959 0.01322 0.01844 0.00252 -0.02421 -0.00443 0.00118 0.01093 -0.00190 -0.01072 -0.00746 0.00318 -0.00080 0.03063 -0.00030 0.01299 -0.02583 0.02984 -0.02396 -0.00804 0.00625 0.00198 -0.01432 -0.01646 -0.00508 -0.00422 0.00161 0.00162 -0.01808 0.00853 0.30927 0.00683 -0.01858 -0.01220 0.02207 0.00201 0.00538 -0.01229 0.00158 -0.00369 -0.01107 -0.01370 -0.00012 -0.02474 0.00101 0.02020 -0.01358 0.00193 0.01571
-0.00919 0.00546 -0.02893 0.00969 0.02328 -0.02726 0.02230 -0.02395 0.01612 -0.01698 0.01568 -0.01634 0.01279 0.01402 0.00449 0.01029 0.02066 -0.03444 -0.01687 -0.00288 -0.00160 0.01125 0.00945 -0.00393 -0.01057 -0.01312 -0.03335 -0.02013 0.02577 0.02098 -0.01751 -0.00683 0.68994 0.00269 0.01132 0.00744 -0.00353 -0.00430 -0.02828 0.01285 0.05135 -0.01417 -0.01653 -0.02439 -0.01255 -0.03229 0.00535 -0.00030 -0.01074 0.00937
0.02755 -0.00043 0.01683 -0.03991 -0.02853 0.02798 0.00281 -0.00534 -0.03582 -0.00798 -0.01717 0.00037 -0.01598 -0.00607 0.00937 -0.01068 -0.02145 0.00355 0.02416 0.01610 -0.01782 -0.00895 -0.01384 -0.00695 -0.00303 0.01257 0.00683 0.01226 -0.02539 0.00409 0.00892 0.01858 -0.00269 0.44120 -0.01258 -0.00735 0.00813 -0.00501 0.00453 0.01270 -0.03176 0.02568 0.00725 0.01605 0.02852 0.02565 -0.01856 -0.00531 0.01403 0.00097
0.03680 0.00111 0.00683 -0.02673 -0.00949 0.00539 0.00519 0.04384 -0.00801 0.03274 -0.01439 0.02829 -0.01610 -0.02795 -0.01772 -0.01920 -0.03006 0.01719 0.01203 0.01792 -0.00129 -0.02144 -0.00561 0.03223 0.01683 0.02897 0.00655 0.02999 -0.04422 -0.02928 0.00439 0.01220 -0.01132 0.01258 0.87462 -0.00500 0.00774 -0.00204 0.01509 -0.01921 -0.03900 0.01789 0.01282 0.02374 0.01673 0.00587 -0.01927 0.02774 0.00803 0.00362
-0.01775 0.01074 -0.03841 -0.01281 -0.00798 -0.00618 0.03318 -0.02790 -0.00087 -0.01031 -0.00026 -0.03685 -0.00643 0.00194 -0.02585 -0.00843 0.01455 -0.00815 -0.00181 -0.00728 -0.00015 0.01138 0.01672 -0.01966 0.01475 -0.02389 -0.00494 -0.01587 0.01587 0.02368 -0.02022 -0.02207 -0.00744 0.00735 0.00500 0.47100 -0.02098 -0.00477 -0.01494 0.01862 0.03736 -0.02144 -0.01152 -0.01051 -0.02375 -0.01682 0.00621 -0.00727 -0.01115 0.00749
-0.00472 -0.00374 0.00718 -0.00740 -0.00090 0.00046 0.00797 0.00221 -0.00729 -0.00688 -0.00654 -0.00732 -0.00333 0.02299 0.00199 -0.00718 0.01207 -0.00883 -0.00365 0.00348 0.01147 -0.01443 0.00797 0.00587 -0.00007 0.00795 0.01061 -0.00425 0.00716 0.01026 0.00529 -0.00201 0.00353 -0.00813 -0.00774 0.02098 0.98699 -0.00428 -0.01715 0.00155 -0.00564 0.00296 -0.01029 -0.01120 0.00459 0.00821 -0.00890 0.01728 0.00254 0.01614
-0.00294 0.01960 0.00487 0.00453 -0.00593 -0.02339 0.01906 0.01650 0.04139 0.00040 -0.01209 -0.02244 0.02592 0.00020 0.02065 0.03234 0.00383 -0.03708 0.01633 -0.01848 -0.01033 -0.00552 0.01737 0.01137 -0.00203 0.02573 -0.02730 -0.02185 0.01686 0.01284 0.00577 -0.00538 0.00430 0.00501 0.00204 0.00477 0.00428 0.49639 -0.01976 -0.00408 0.00541 -0.00802 -0.02035 0.00617 -0.01598 -0.00484 0.00654 -0.01291 -0.01385 0.01607
-0.00213 0.00280 0.01510 -0.00777 -0.03129 0.00521 -0.01192 -0.00668 -0.01777 0.00572 -0.02579 -0.01554 -0.01185 0.01116 -0.00779 -0.01420 -0.02145 0.01538 0.03122 0.01235 -0.00983 -0.01707 -0.01226 0.01752 0.02390 0.00547 0.01288 -0.00182 -0.01136 0.00060 0.01390 0.01229 0.02828 -0.00453 -0.01509 0.01494 0.01715 0.01976 0.28443 -0.00850 -0.03016 0.01668 0.00912 0.01611 0.02466 0.00530 0.00646 0.00140 -0.00043 0.02444
0.00502 -0.00758 -0.00070 0.00456 0.01432 -0.00071 -0.01120 -0.01975 0.01632 0.00095 0.00656 -0.01191 -0.00616 -0.00362 -0.00998 -0.00296 0.00599 -0.00959 -0.00219 -0.00409 -0.01451 0.00290 0.01139 0.00716 -0.00812 -0.00668 -0.00864 -0.01137 -0.00678 0.01133 -0.00932 -0.00158 -0.01285 -0.01270 0.01921 -0.01862 -0.00155 0.00408 0.00850 0.96782 0.00278 0.01583 -0.00784 0.00829 -0.00538 -0.01362 0.00592 0.00592 0.00043 0.01708
0.03118 -0.02720 0.01419 -0.01470 -0.01372 0.00311 -0.01214 0.01062 -0.00335 0.00783 0.02379 -0.00397 -0.01533 -0.01527 -0.02777 -0.01308 -0.01459 0.00543 -0.02496 0.02556 0.02432 -0.01026 -0.01160 0.01838 -0.00645 0.00618 -0.00342 0.03459 -0.03583 -0.00546 0.03001 0.00369 -0.05135 0.03176 0.03900 -0.03736 0.00564 -0.00541 0.03016 -0.00278 1.01690 0.02030 0.02010 0.02193 -0.00054 0.00920 -0.01805 0.02920 -0.01211 -0.01759
0.01251 0.03268 0.01948 -0.01727 -0.02935 -0.00004 -0.01173 0.02447 -0.02348 0.02032 -0.00845 -0.00248 -0.02650 -0.02010 0.02450 -0.00847 -0.01036 -0.00659 0.00320 -0.00450 -0.01611 -0.00587 0.03365 0.00235 0.01323 0.01737 0.00872 -0.00399 0.00174 -0.00537 -0.00073 0.01107 0.01417 -0.02568 -0.01789 0.02144 -0.00296 0.00802 -0.01668 -0.01583 -0.02030 0.76744 0.00110 0.00867 0.00192 0.01084 0.00391 0.00487 -0.00105 0.00514
0.02131 0.01582 0.01560 -0.01987 -0.01917 0.01071 -0.01825 0.02186 0.00369 0.01542 -0.00025 -0.00552 0.01524 -0.01273 -0.00784 0.01168 -0.00001 -0.01600 -0.00720 0.00796 -0.00975 -0.01609 -0.01478 -0.00874 0.01938 0.01431 0.00365 -0.00296 0.00958 -0.00918 0.01048 0.01370 0.01653 -0.00725 -0.01282 0.01152 0.01029 0.02035 -0.00912 0.00784 -0.02010 -0.00110 0.91850 0.02220 0.02066 0.01006 0.01627 0.00100 0.00831 -0.00110
0.02796 0.03188 0.01319 0.03754 -0.02342 -0.00143 0.00175 0.00554 0.00209 0.00318 -0.01635 0.00552 0.01759 -0.00406 0.03018 -0.00430 0.00981 0.00034 0.02310 -0.00786 -0.03683 0.01624 -0.01355 0.02295 0.00127 -0.00423 -0.02587 -0.00829 0.01523 0.00873 -0.00968 0.00012 0.02439 -0.01605 -0.02374 0.01051 0.01120 -0.00617 -0.01611 -0.00829 -0.02193 -0.00867 -0.02220 0.28481 0.00467 0.00284 0.03722 -0.00963 -0.01340 -0.00058
0.01772 0.01664 0.01878 0.01825 -0.00410 0.00451 -0.01402 -0.01862 -0.00642 -0.00040 -0.01153 -0.00996 0.00945 -0.02845 0.01693 -0.01688 0.01037 0.00256 0.03047 -0.01654 -0.02964 -0.01208 0.00554 0.00916 0.02061 -0.00482 -0.01015 -0.01025 0.01717 -0.02065 0.01665 0.02474 0.01255 -0.02852 -0.01673 0.02375 -0.00459 0.01598 -0.02466 0.00538 0.00054 -0.00192 -0.02066 -0.00467 0.56017 0.01510 0.04229 -0.03556 0.01064 -0.01854
-0.00152 0.01840 0.01544 0.01207 -0.00098 0.01168 -0.00201 -0.01294 0.01473 0.01326 0.00180 -0.00876 0.02255 0.00308 0.02609 0.01579 0.01242 0.00533 0.00737 -0.01542 -0.03441 -0.01980 0.02267 -0.02032 -0.01225 0.01412 -0.02420 0.00350 0.01826 -0.00029 -0.00128 -0.00101 0.03229 -0.02565 -0.00587 0.01682 -0.00821 0.00484 -0.00530 0.01362 -0.00920 -0.01084 -0.01006 -0.00284 -0.01510 0.32310 0.01464 -0.02045 0.00671 0.01985
-0.01523 0.00037 -0.02422 0.02864 0.03137 -0.00194 0.00808 -0.03133 -0.00292 -0.00562 0.01236 -0.02544 0.01763 0.01737 -0.00130 0.00514 0.01266 -0.01045 -0.02340 0.00170 -0.01122 0.02412 0.00567 -0.02573 -0.02055 -0.02917 -0.02306 0.00148 0.03085 0.02822 -0.02140 -0.02020 -0.00535 0.01856 0.01927 -0.00621 0.00890 -0.00654 -0.00646 -0.00592 0.01805 -0.00391 -0.01627 -0.03722 -0.04229 -0.01464 0.78253 -0.00683 -0.02097 0.00142
0.01473 0.01945 0.01897 0.00114 -0.01975 0.00669 0.00560 0.02914 0.00566 -0.00366 -0.00251 0.01470 0.00167 -0.03136 0.02399 -0.01571 -0.00431 -0.00994 0.02779 -0.00856 -0.01840 -0.01154 -0.00511 0.00101 0.00570 0.01304 0.00164 0.02347 0.00766 -0.00139 0.00956 0.01358 0.00030 0.00531 -0.02774 0.00727 -0.01728 0.01291 -0.00140 -0.00592 -0.02920 -0.00487 -0.00100 0.00963 0.03556 0.02045 0.00683 0.84458 0.01531 -0.00176
0.00851 0.00871 0.01860 0.01202 0.00245 0.01832 0.00018 -0.00889 0.00365 0.02559 -0.00755 0.00045 -0.00413 -0.01160 0.00786 0.01416 -0.00792 0.01844 0.01655 -0.01353 -0.01123 -0.01666 -0.00025 -0.01612 0.01052 0.02265 -0.00345 0.00676 -0.00191 0.00861 0.00207 -0.00193 0.01074 -0.01403 -0.00803 0.01115 -0.00254 0.01385 0.00043 -0.00043 0.01211 0.00105 -0.00831 0.01340 -0.01064 -0.00671 0.02097 -0.01531 0.16834 0.02805
-0.00658 0.00331 -0.02395 -0.00800 0.00960 -0.02632 0.02480 -0.01691 0.01146 -0.02090 -0.00955 -0.03061 -0.01138 0.01834 -0.00691 0.01033 0.00907 -0.00305 -0.01548 -0.00111 0.00699 0.00280 -0.00692 0.00126 -0.03473 -0.02359 -0.00945 -0.02121 0.01722 -0.00968 -0.01402 -0.01571 -0.00937 -0.00097 -0.00362 -0.00749 -0.01614 -0.01607 -0.02444 -0.01708 0.01759 -0.00514 0.00110 0.00058 0.01854 -0.01985 -0.00142 0.00176 -0.02805 0.92221
