0.27301 -0.01124 0.00962 0.04662 0.03851 -0.00491 -0.00293 -0.00841 0.00114 0.00864 -0.01544 -0.01813 -0.00521 -0.01199 0.01206 -0.01100 0.01214 0.00469 0.03003 -0.02507 0.01230 -0.01400 -0.03330 -0.03637 0.02173 0.00834 -0.00570 -0.01190 0.05083 0.05068 -0.00690 0.01165 0.00236 -0.01346 -0.03583 0.01572 0.00816 0.00945 -0.00852 -0.00141 -0.03935 -0.02087 -0.03262 -0.04624 -0.04473 0.01539 0.01337 -0.00096 -0.02059 0.01924
0.01124 0.67728 -0.04496 0.03816 0.02807 -0.01545 0.01725 0.01020 0.00353 -0.00753 0.07692 0.00986 0.03196 -0.01936 0.02083 0.04210 0.01132 -0.00080 -0.02158 -0.04918 -0.04792 0.01829 0.05543 -0.01853 0.00546 -0.01225 -0.00316 -0.03532 0.01958 0.01239 -0.00669 -0.01973 0.05693 -0.05719 -0.02909 0.01163 -0.00297 -0.03783 -0.02337 0.00823 0.04804 -0.03476 0.00661 -0.02985 0.01119 -0.03635 0.03367 -0.04170 0.02568 -0.05130
-0.00962 0.04496 0.11816 0.03328 0.02717 -0.04526 0.00524 -0.00613 0.04303 0.00146 -0.03898 -0.01460 0.03309 0.01618 0.04910 0.03833 0.00928 0.00336 0.02606 -0.03290 -0.03039 -0.00225 0.01708 -0.00447 -0.02509 0.02402 -0.01869 -0.03254 0.03044 0.02493 -0.00458 -0.01845 0.02742 -0.00769 -0.01770 0.04343 -0.00966 -0.00503 -0.02147 0.00216 -0.03048 -0.02874 -0.02204 -0.02073 -0.03350 -0.01631 0.02793 -0.01045 -0.04875 0.04169
-0.04662 -0.03816 -0.03328 0.68033 0.03369 0.00110 0.00216 -0.02222 0.01778 0.00274 0.04110 0.00428 0.00704 0.00953 -0.03145 0.02211 0.00480 -0.01233 -0.03935 0.00756 0.02460 0.01033 -0.00312 -0.02889 -0.01745 -0.01521 0.00628 0.02367 -0.01515 0.00336 -0.00629 -0.02356 -0.01170 0.03796 0.03340 0.01187 0.00606 -0.00777 0.00629 -0.00670 0.02497 0.01920 0.02786 -0.04688 -0.01606 -0.01708 -0.03194 -0.01201 -0.00916 0.00013
-0.03851 -0.02807 -0.02717 -0.03369 0.44708 -0.02292 -0.00258 -0.03207 0.00090 0.00154 0.03912 0.00418 -0.00349 0.01737 -0.02502 -0.01001 0.00370 0.00591 -0.04483 0.05487 0.04169 -0.00375 -0.00683 0.01365 -0.01991 -0.02675 0.01344 0.00559 -0.01912 0.03163 0.02197 -0.00489 -0.03257 0.03222 0.02280 0.00325 -0.00262 0.00668 0.04678 -0.01216 0.02380 0.03621 0.02484 0.03362 0.00838 -0.00467 -0.03968 0.01065 0.00812 -0.02090
0.00491 0.01545 0.04526 -0.00110 0.02292 0.72578 -0.03832 0.00847 0.03195 0.06428 -0.03684 -0.00412 -0.02735 -0.00061 0.02477 0.00437 -0.00768 -0.00302 0.01958 -0.01559 -0.00832 -0.03330 -0.01473 -0.01964 0.00704 0.01751 -0.02556 -0.02540 -0.00020 0.01023 0.00641 0.04006 0.02493 -0.01971 -0.01135 0.00791 -0.00139 0.04414 -0.01273 0.00260 -0.01344 -0.00624 -0.01881 -0.00353 -0.02366 0.00360 0.00362 -0.00082 -0.03988 0.04744
0.00293 -0.01725 -0.00524 -0.00216 0.00258 0.03832 0.55464 -0.00585 -0.06881 -0.01645 0.02888 0.01616 0.00157 -0.00504 -0.03617 -0.01091 -0.00175 0.00959 0.00320 -0.00251 0.03611 0.00362 -0.00165 0.01102 -0.00289 -0.00598 0.03646 0.01622 -0.00692 0.00533 0.00819 0.00736 -0.02096 -0.01180 0.00505 -0.03726 -0.00538 -0.03548 0.01629 0.01137 0.02087 0.01811 0.02238 0.00185 0.02628 -0.00797 -0.01151 -0.01098 0.02582 -0.04306
0.00841 -0.01020 0.00613 0.02222 0.03207 -0.00847 0.00585 0.60945 0.01616 0.02412 -0.01473 -0.01535 -0.00499 -0.02464 0.01987 0.01349 0.02444 0.00014 0.02204 -0.02180 -0.00230 -0.01498 0.01137 -0.02712 0.01391 0.00894 -0.03059 -0.02145 0.02887 0.06425 -0.00853 0.00290 0.02481 0.00917 -0.04469 0.02940 -0.00850 -0.01221 -0.00369 0.03188 -0.01909 -0.03337 -0.03306 -0.01692 -0.00426 0.02309 0.03434 -0.02965 0.00013 0.02644
-0.00114 -0.00353 -0.04303 -0.01778 -0.00090 -0.03195 0.06881 -0.01616 0.82824 -0.05583 0.01967 -0.02313 0.02925 0.00749 -0.02293 0.00088 0.02243 -0.03566 -0.00158 0.00311 0.01732 0.03211 -0.00271 0.01140 -0.02703 -0.02020 0.00402 0.00384 0.00010 -0.01035 0.00139 -0.03096 -0.01392 0.03125 0.00909 0.00118 0.00785 -0.06214 0.02302 -0.02010 0.01330 0.02562 0.00381 -0.00095 0.02550 -0.03156 0.00276 -0.00935 0.00554 -0.02979
-0.00864 0.00753 -0.00146 -0.00274 -0.00154 -0.06428 0.01645 -0.02412 0.05583 0.30469 -0.02367 -0.01527 0.01267 0.00008 0.02710 0.02461 -0.00036 -0.01120 0.01601 -0.01199 -0.00291 -0.02415 0.01485 -0.00601 -0.00835 0.02377 -0.03322 -0.01629 0.01522 -0.00427 -0.00066 -0.00067 0.01408 0.01677 -0.04158 0.01391 0.00621 0.00945 -0.00824 -0.00077 -0.01870 -0.02698 -0.02014 -0.00690 -0.01270 -0.00880 0.00826 0.01049 -0.04991 0.03786
0.01544 -0.07692 0.03898 -0.04110 -0.03912 0.03684 -0.02888 0.01473 -0.01967 0.02367 0.98834 -0.00642 -0.01236 -0.02162 -0.01801 -0.02782 -0.01927 0.03389 -0.03316 0.02377 0.07391 -0.02700 -0.05538 0.02341 0.03963 0.01024 0.05201 0.03011 -0.01897 -0.00962 0.03504 0.02538 -0.02491 0.02708 0.03565 -0.00691 -0.00194 0.02249 0.04021 0.00992 -0.03771 0.01380 -0.00464 0.02561 0.00912 0.00945 -0.02282 -0.00119 0.02043 -0.00378
0.01813 -0.00986 0.01460 -0.00428 -0.00418 0.00412 -0.01616 0.01535 0.02313 0.01527 0.00642 0.34923 0.00687 -0.01480 0.01382 -0.01660 -0.01610 0.01304 0.02314 -0.01000 -0.01325 -0.01588 -0.00214 -0.00937 -0.00286 0.02597 -0.00127 -0.00671 0.00067 0.01652 0.00245 0.01307 0.02220 -0.00374 -0.03350 0.03930 0.00910 0.02566 0.01358 0.01251 0.00222 0.00186 0.00675 -0.00251 0.00499 0.01377 0.03150 -0.01316 0.00109 0.03012
0.00521 -0.03196 -0.03309 -0.00704 0.00349 0.02735 -0.00157 0.00499 -0.02925 -0.01267 0.01236 -0.00687 0.59191 -0.03687 -0.01006 -0.00666 -0.00770 0.01452 -0.00627 0.02419 0.02695 0.00433 -0.02826 0.01956 0.00050 -0.04721 0.01270 0.02241 -0.00583 -0.01544 -0.01519 -0.01413 -0.01372 0.01394 0.02177 0.00419 0.00564 -0.03397 0.01406 0.00314 0.02396 0.02822 -0.01266 -0.01826 -0.00088 -0.02568 -0.02003 -0.00380 0.01669 0.00375
0.01199 0.01936 -0.01618 -0.00953 -0.01737 0.00061 0.00504 0.02464 -0.00749 -0.00008 0.02162 0.01480 0.03687 0.28193 -0.01279 0.00213 -0.01672 0.01146 -0.02007 0.02211 -0.01453 0.01116 0.00777 0.01290 -0.01791 -0.02513 0.03029 -0.00156 -0.00643 -0.02489 0.00673 -0.00446 -0.00798 -0.00724 0.02855 -0.00107 -0.02387 -0.01208 -0.00103 0.00335 0.02142 0.02931 0.02057 0.01548 0.05112 -0.02619 -0.01596 0.02345 0.03260 -0.03621
-0.01206 -0.02083 -0.04910 0.03145 0.02502 -0.02477 0.03617 -0.01987 0.02293 -0.02710 0.01801 -0.01382 0.01006 0.01279 0.77141 0.02989 0.02672 -0.01831 -0.01553 -0.00697 -0.01139 0.01024 0.00741 -0.00983 -0.03391 -0.01443 -0.01754 -0.03045 0.01914 0.05501 -0.01636 -0.04145 0.02061 -0.03092 0.00614 0.03981 -0.01106 -0.03374 -0.00031 0.01157 0.04131 -0.02853 0.01852 -0.03593 0.00004 -0.03786 0.02323 -0.04075 -0.00071 -0.01502
0.01100 -0.04210 -0.03833 -0.02211 0.01001 -0.00437 0.01091 -0.01349 -0.00088 -0.02461 0.02782 0.01660 0.00666 -0.00213 -0.02989 0.40351 0.01283 -0.00772 -0.01484 0.01332 0.02642 0.01781 -0.04910 0.00822 -0.01059 -0.00957 0.03771 0.02161 0.00628 0.01389 -0.01174 0.00171 -0.01427 0.00534 0.03125 0.00389 0.01321 -0.03706 0.02452 0.00057 0.02353 0.01163 -0.00593 0.00896 0.03121 -0.02667 -0.00953 0.01171 0.01805 -0.03454
-0.01214 -0.01132 -0.00928 -0.00480 -0.00370 0.00768 0.00175 -0.02444 -0.02243 0.00036 0.01927 0.01610 0.00770 0.01672 -0.02672 -0.01283 1.05067 0.00792 -0.01880 0.01284 -0.00750 -0.00997 -0.01144 -0.00591 0.00766 -0.00206 -0.01501 -0.01116 0.00171 0.00372 -0.00364 -0.01005 -0.01554 0.02234 0.02489 -0.01325 -0.00641 0.00264 0.01731 -0.01573 0.02413 0.01446 0.00739 -0.01012 -0.01072 -0.00214 -0.01068 0.01449 0.00105 -0.00868
-0.00469 0.00080 -0.00336 0.01233 -0.00591 0.00302 -0.00959 -0.00014 0.03566 0.01120 -0.03389 -0.01304 -0.01452 -0.01146 0.01831 0.00772 -0.00792 0.78526 0.00197 0.00213 -0.02921 0.00078 0.01340 -0.00929 -0.00428 0.01500 0.00698 -0.02435 0.00970 0.01025 -0.00160 0.02758 0.03790 -0.00280 -0.02146 0.01070 0.00586 0.03877 -0.02012 0.01225 -0.00999 0.00229 0.01422 -0.00350 -0.00997 -0.00005 0.01383 0.00998 -0.02813 0.00779
-0.03003 0.02158 -0.02606 0.03935 0.04483 -0.01958 -0.00320 -0.02204 0.00158 -0.01601 0.03316 -0.02314 0.00627 0.02007 0.01553 0.01484 0.01880 -0.00197 1.04612 -0.04109 -0.03461 0.03782 0.03034 -0.03589 -0.02235 -0.02368 -0.02493 -0.02649 0.01355 -0.00241 -0.04139 -0.03772 0.03109 -0.03101 -0.02847 0.01055 0.01016 -0.01853 -0.04594 -0.01028 0.03483 -0.00430 0.01653 -0.03143 -0.02395 -0.00064 0.03395 -0.02185 -0.02929 0.01702
0.02507 0.04918 0.03290 -0.00756 -0.05487 0.01559 0.00251 0.02180 -0.00311 0.01199 -0.02377 0.01000 -0.02419 -0.02211 0.00697 -0.01332 -0.01284 -0.00213 0.04109 0.58498 -0.02526 0.01355 0.01839 0.01423 0.01158 0.00251 -0.01105 -0.01396 -0.02188 -0.02125 -0.00764 0.02267 0.02001 -0.03084 -0.03153 0.01195 -0.00183 0.01423 -0.00737 0.00235 -0.02886 0.00429 -0.00709 0.00945 0.02176 0.01516 0.00647 0.01202 0.00879 0.00269
-0.01230 0.04792 0.03039 -0.02460 -0.04169 0.00832 -0.03611 0.00230 -0.01732 0.00291 -0.07391 0.01325 -0.02695 0.01453 0.01139 -0.02642 0.00750 0.02921 0.03461 0.02526 0.73012 -0.00853 -0.02245 0.02650 -0.00616 0.01701 0.00064 0.01005 -0.02426 -0.04030 0.01352 0.00984 -0.03972 0.05909 0.00148 -0.00863 -0.00309 0.02031 0.02455 0.01094 -0.03856 0.01765 -0.00538 0.03615 0.01069 0.04663 -0.01328 0.04064 -0.01641 0.02460
0.01400 -0.01829 0.00225 -0.01033 0.00375 0.03330 -0.00362 0.01498 -0.03211 0.02415 0.02700 0.01588 -0.00433 -0.01116 -0.01024 -0.01781 0.00997 -0.00078 -0.03782 -0.01355 0.00853 0.21111 -0.01123 0.01486 0.02641 -0.00948 0.02575 0.02726 -0.02077 0.01521 0.01273 -0.00309 -0.00910 0.00205 0.02946 -0.01435 0.01296 0.00902 0.02100 -0.00288 0.02133 0.01320 0.02109 -0.01060 0.02541 0.02001 -0.02625 0.00350 0.03970 -0.01840
0.03330 -0.05543 -0.01708 0.00312 0.00683 0.01473 0.00165 -0.01137 0.00271 -0.01485 0.05538 0.00214 0.02826 -0.00777 -0.00741 0.04910 0.01144 -0.01340 -0.03034 -0.01839 0.02245 0.01123 0.56574 -0.00810 0.00211 -0.02013 -0.01671 0.00251 0.01767 0.01383 -0.01162 0.00467 -0.00726 -0.00460 0.01730 -0.01856 -0.00712 -0.01754 0.01689 -0.00937 0.01740 -0.03298 0.02202 0.02100 0.00733 -0.03261 -0.00349 -0.00407 0.03154 -0.01841
0.03637 0.01853 0.00447 0.02889 -0.01365 0.01964 -0.01102 0.02712 -0.01140 0.00601 -0.02341 0.00937 -0.01956 -0.01290 0.00983 -0.00822 0.00591 0.00929 0.03589 -0.01423 -0.02650 -0.01486 0.00810 0.15454 0.00094 0.00902 0.01703 -0.02718 0.00249 0.02241 -0.00568 0.02123 0.01970 -0.01197 -0.04134 0.02202 -0.00019 -0.01324 -0.02784 -0.00940 -0.02214 -0.00513 0.00507 -0.01910 -0.02037 0.02315 0.03461 -0.00179 0.02774 -0.00314
-0.02173 -0.00546 0.02509 0.01745 0.01991 -0.00704 0.00289 -0.01391 0.02703 0.00835 -0.03963 0.00286 -0.00050 0.01791 0.03391 0.01059 -0.00766 0.00428 0.02235 -0.01158 0.00616 -0.02641 -0.00211 -0.00094 0.22273 0.00324 -0.04022 -0.02688 -0.01018 0.02103 -0.00325 0.01833 0.00496 0.01714 -0.01963 -0.01380 -0.00816 0.01178 -0.03283 0.01429 -0.00676 -0.02483 -0.03270 -0.01377 -0.04719 0.03826 0.02075 -0.00287 -0.03869 0.05991
-0.00834 0.01225 -0.02402 0.01521 0.02675 -0.01751 0.00598 -0.00894 0.02020 -0.02377 -0.01024 -0.02597 0.04721 0.02513 0.01443 0.00957 0.00206 -0.01500 0.02368 -0.00251 -0.01701 0.00948 0.02013 -0.00902 -0.00324 0.16679 -0.02302 -0.01247 0.01826 0.00710 -0.00900 0.00852 0.01055 -0.00775 -0.03232 0.02543 -0.00894 -0.02294 -0.00595 0.00917 -0.01515 -0.02034 -0.01731 0.00250 -0.00554 -0.01183 0.03039 -0.00986 -0.03167 0.02998
0.00570 0.00316 0.01869 -0.00628 -0.01344 0.02556 -0.03646 0.03059 -0.00402 0.03322 -0.05201 0.00127 -0.01270 -0.03029 0.01754 -0.03771 0.01501 -0.00698 0.02493 0.01105 -0.00064 -0.02575 0.01671 -0.01703 0.04022 0.02302 0.70004 0.02641 -0.01913 -0.00056 -0.00163 0.01338 0.02908 0.00453 -0.01343 0.00396 -0.00224 0.04166 -0.02491 0.00477 -0.00602 -0.00944 -0.01556 0.02376 -0.01395 0.04623 0.02117 0.01218 -0.02732 0.05521
0.01190 0.03532 0.03254 -0.02367 -0.00559 0.02540 -0.01622 0.02145 -0.00384 0.01629 -0.03011 0.00671 -0.02241 0.00156 0.03045 -0.02161 0.01116 0.02435 0.02649 0.01396 -0.01005 -0.02726 -0.00251 0.02718 0.02688 0.01247 -0.02641 0.63481 -0.00581 -0.02911 0.01474 0.00215 0.01211 0.00357 -0.03939 0.01477 0.01090 0.03071 0.00024 0.01081 -0.05067 0.00417 -0.00824 0.00834 -0.00579 0.00831 -0.00670 -0.00422 -0.02626 0.04086
-0.05083 -0.01958 -0.03044 0.01515 0.01912 0.00020 0.00692 -0.02887 -0.00010 -0.01522 0.01897 -0.00067 0.00583 0.00643 -0.01914 -0.00628 -0.00171 -0.00970 -0.01355 0.02188 0.02426 0.02077 -0.01767 -0.00249 0.01018 -0.01826 0.01913 0.00581 1.05958 0.00910 -0.02389 -0.00088 -0.02046 0.02680 0.03820 -0.01393 -0.00023 -0.01184 0.00532 -0.00567 0.04542 0.00104 -0.00346 -0.01824 -0.01900 -0.00834 -0.02861 0.00480 -0.00618 -0.01588
-0.05068 -0.01239 -0.02493 -0.00336 -0.03163 -0.01023 -0.00533 -0.06425 0.01035 0.00427 0.00962 -0.01652 0.01544 0.02489 -0.05501 -0.01389 -0.00372 -0.01025 0.00241 0.02125 0.04030 -0.01521 -0.01383 -0.02241 -0.02103 -0.00710 0.00056 0.02911 -0.00910 0.59877 -0.01333 0.01821 -0.04494 0.01904 0.04013 -0.03062 -0.00117 -0.00412 0.00368 -0.01996 0.00631 0.00575 -0.00492 -0.01717 -0.00855 0.00513 -0.04298 0.02146 -0.01953 0.03005
0.00690 0.00669 0.00458 0.00629 -0.02197 -0.00641 -0.00819 0.00853 -0.00139 0.00066 -0.03504 -0.00245 0.01519 -0.00673 0.01636 0.01174 0.00364 0.00160 0.04139 0.00764 -0.01352 -0.01273 0.01162 0.00568 0.00325 0.00900 0.00163 -0.01474 0.02389 0.01333 1.05124 -0.01009 0.01038 -0.00742 0.00021 0.01998 -0.00848 -0.00939 -0.00821 0.02287 -0.04484 -0.00503 -0.02395 0.01179 -0.02184 -0.00796 0.01932 -0.01525 0.00322 0.01855
-0.01165 0.01973 0.01845 0.02356 0.00489 -0.04006 -0.00736 -0.00290 0.03096 0.00067 -0.02538 -0.01307 0.01413 0.00446 0.04145 -0.00171 0.01005 -0.02758 0.03772 -0.02267 -0.00984 0.00309 -0.00467 -0.02123 -0.01833 -0.00852 -0.01338 -0.00215 0.00088 -0.01821 0.01009 0.33953 0.00452 -0.01139 -0.02034 0.02527 0.00169 0.01072 -0.01960 0.00272 -0.01541 -0.01899 -0.02094 -0.00657 -0.04292 0.00532 0.02288 -0.00747 -0.02134 0.03423
-0.00236 -0.05693 -0.02742 0.01170 0.03257 -0.02493 0.02096 -0.02481 0.01392 -0.01408 0.02491 -0.02220 0.01372 0.00798 -0.02061 0.01427 0.01554 -0.03790 -0.03109 -0.02001 0.03972 0.00910 0.00726 -0.01970 -0.00496 -0.01055 -0.02908 -0.01211 0.02046 0.04494 -0.01038 -0.00452 0.69571 -0.01245 0.03605 0.00589 -0.01142 -0.00460 -0.04231 0.02201 0.05301 -0.01833 -0.01830 -0.02765 -0.01288 -0.03464 0.00761 -0.01525 0.00321 -0.00152
0.01346 0.05719 0.00769 -0.03796 -0.03222 0.01971 0.01180 -0.00917 -0.03125 -0.01677 -0.02708 0.00374 -0.01394 0.00724 0.03092 -0.00534 -0.02234 0.00280 0.03101 0.03084 -0.05909 -0.00205 0.00460 0.01197 -0.01714 0.00775 -0.00453 -0.00357 -0.02680 -0.01904 0.00742 0.01139 0.01245 0.44882 -0.03323 -0.00278 0.00710 -0.01109 0.02067 0.01071 -0.03535 0.02857 0.00942 0.01686 0.03259 0.02088 -0.01731 -0.00023 -0.00408 0.00550
0.03583 0.02909 0.01770 -0.03340 -0.02280 0.01135 -0.00505 0.04469 -0.00909 0.04158 -0.03565 0.03350 -0.02177 -0.02855 -0.00614 -0.03125 -0.02489 0.02146 0.02847 0.03153 -0.00148 -0.02946 -0.01730 0.04134 0.01963 0.03232 0.01343 0.03939 -0.03820 -0.04013 -0.00021 0.02034 -0.03605 0.03323 0.88214 -0.01620 0.01711 0.00744 0.02683 -0.02173 -0.05071 0.02019 0.00193 0.03049 0.00540 0.01395 -0.04289 0.04534 0.00345 0.02260
-0.01572 -0.01163 -0.04343 -0.01187 -0.00325 -0.00791 0.03726 -0.02940 -0.00118 -0.01391 0.00691 -0.03930 -0.00419 0.00107 -0.03981 -0.00389 0.01325 -0.01070 -0.01055 -0.01195 0.00863 0.01435 0.01856 -0.02202 0.01380 -0.02543 -0.00396 -0.01477 0.01393 0.03062 -0.01998 -0.02527 -0.00589 0.00278 0.01620 0.48772 -0.02440 -0.00899 -0.01488 0.01962 0.04348 -0.02229 -0.00867 -0.01252 -0.01495 -0.02049 0.00655 -0.01574 -0.00490 -0.00000
-0.00816 0.00297 0.00966 -0.00606 0.00262 0.00139 0.00538 0.00850 -0.00785 -0.00621 0.00194 -0.00910 -0.00564 0.02387 0.01106 -0.01321 0.00641 -0.00586 -0.01016 0.00183 0.00309 -0.01296 0.00712 0.00019 0.00816 0.00894 0.00224 -0.01090 0.00023 0.00117 0.00848 -0.00169 0.01142 -0.00710 -0.01711 0.02440 0.99777 -0.00086 -0.02545 -0.00384 -0.00005 0.00454 0.00068 -0.01135 0.00809 0.01840 -0.00309 0.02542 -0.01021 0.01726
-0.00945 0.03783 0.00503 0.00777 -0.00668 -0.04414 0.03548 0.01221 0.06214 -0.00945 -0.02249 -0.02566 0.03397 0.01208 0.03374 0.03706 -0.00264 -0.03877 0.01853 -0.01423 -0.02031 -0.00902 0.01754 0.01324 -0.01178 0.02294 -0.04166 -0.03071 0.01184 0.00412 0.00939 -0.01072 0.00460 0.01109 -0.00744 0.00899 0.00086 0.51596 -0.02153 -0.00342 -0.00319 -0.01298 -0.02232 0.00519 -0.02251 -0.00214 0.01018 -0.00912 -0.03871 0.02785
0.00852 0.02337 0.02147 -0.00629 -0.04678 0.01273 -0.01629 0.00369 -0.02302 0.00824 -0.04021 -0.01358 -0.01406 0.00103 0.00031 -0.02452 -0.01731 0.02012 0.04594 0.00737 -0.02455 -0.02100 -0.01689 0.02784 0.03283 0.00595 0.02491 -0.00024 -0.00532 -0.00368 0.00821 0.01960 0.04231 -0.02067 -0.02683 0.01488 0.02545 0.02153 0.28768 -0.01506 -0.03581 0.01480 -0.00050 0.01884 0.01406 0.01147 0.00943 0.01065 0.00508 0.03721
0.00141 -0.00823 -0.00216 0.00670 0.01216 -0.00260 -0.01137 -0.03188 0.02010 0.00077 -0.00992 -0.01251 -0.00314 -0.00335 -0.01157 -0.00057 0.01573 -0.01225 0.01028 -0.00235 -0.01094 0.00288 0.00937 0.00940 -0.01429 -0.00917 -0.00477 -0.01081 0.00567 0.01996 -0.02287 -0.00272 -0.02201 -0.01071 0.02173 -0.01962 0.00384 0.00342 0.01506 0.97406 -0.00794 0.01105 -0.02301 0.00761 -0.01157 -0.02014 0.00345 0.00712 0.00595 0.02631
0.03935 -0.04804 0.03048 -0.02497 -0.02380 0.01344 -0.02087 0.01909 -0.01330 0.01870 0.03771 -0.00222 -0.02396 -0.02142 -0.04131 -0.02353 -0.02413 0.00999 -0.03483 0.02886 0.03856 -0.02133 -0.01740 0.02214 0.00676 0.01515 0.00602 0.05067 -0.04542 -0.00631 0.04484 0.01541 -0.05301 0.03535 0.05071 -0.04348 0.00005 0.00319 0.03581 0.00794 1.02668 0.02840 0.02874 0.03038 0.00193 0.01988 -0.02420 0.02841 -0.00683 -0.03041
0.02087 0.03476 0.02874 -0.01920 -0.03621 0.00624 -0.01811 0.03337 -0.02562 0.02698 -0.01380 -0.00186 -0.02822 -0.02931 0.02853 -0.01163 -0.01446 -0.00229 0.00430 -0.00429 -0.01765 -0.01320 0.03298 0.00513 0.02483 0.02034 0.00944 -0.00417 -0.00104 -0.00575 0.00503 0.01899 0.01833 -0.02857 -0.02019 0.02229 -0.00454 0.01298 -0.01480 -0.01105 -0.02840 0.78188 -0.00183 0.01512 0.00056 0.01254 0.00694 0.00551 0.00453 0.00693
0.03262 -0.00661 0.02204 -0.02786 -0.02484 0.01881 -0.02238 0.03306 -0.00381 0.02014 0.00464 -0.00675 0.01266 -0.02057 -0.01852 0.00593 -0.00739 -0.01422 -0.01653 0.00709 0.00538 -0.02109 -0.02202 -0.00507 0.03270 0.01731 0.01556 0.00824 0.00346 0.00492 0.02395 0.02094 0.01830 -0.00942 -0.00193 0.00867 -0.00068 0.02232 0.00050 0.02301 -0.02874 0.00183 0.92267 0.02918 0.03304 0.01160 0.01431 -0.00789 0.02042 -0.01682
0.04624 0.02985 0.02073 0.04688 -0.03362 0.00353 -0.00185 0.01692 0.00095 0.00690 -0.02561 0.00251 0.01826 -0.01548 0.03593 -0.00896 0.01012 0.00350 0.03143 -0.00945 -0.03615 0.01060 -0.02100 0.01910 0.01377 -0.00250 -0.02376 -0.00834 0.01824 0.01717 -0.01179 0.00657 0.02765 -0.01686 -0.03049 0.01252 0.01135 -0.00519 -0.01884 -0.00761 -0.03038 -0.01512 -0.02918 0.30174 0.00023 0.00593 0.04229 -0.00434 -0.01448 0.00582
0.04473 -0.01119 0.03350 0.01606 -0.00838 0.02366 -0.02628 0.00426 -0.02550 0.01270 -0.00912 -0.00499 0.00088 -0.05112 -0.00004 -0.03121 0.01072 0.00997 0.02395 -0.02176 -0.01069 -0.02541 -0.00733 0.02037 0.04719 0.00554 0.01395 0.00579 0.01900 0.00855 0.02184 0.04292 0.01288 -0.03259 -0.00540 0.01495 -0.00809 0.02251 -0.01406 0.01157 -0.00193 -0.00056 -0.03304 -0.00023 0.55181 0.02430 0.03772 -0.04005 0.04637 -0.03263
-0.01539 0.03635 0.01631 0.01708 0.00467 -0.00360 0.00797 -0.02309 0.03156 0.00880 -0.00945 -0.01377 0.02568 0.02619 0.03786 0.02667 0.00214 0.00005 0.00064 -0.01516 -0.04663 -0.02001 0.03261 -0.02315 -0.03826 0.01183 -0.04623 -0.00831 0.00834 -0.00513 0.00796 -0.00532 0.03464 -0.02088 -0.01395 0.02049 -0.01840 0.00214 -0.01147 0.02014 -0.01988 -0.01254 -0.01160 -0.00593 -0.02430 0.33318 0.01798 -0.02113 -0.02256 0.03070
-0.01337 -0.03367 -0.02793 0.03194 0.03968 -0.00362 0.01151 -0.03434 -0.00276 -0.00826 0.02282 -0.03150 0.02003 0.01596 -0.02323 0.00953 0.01068 -0.01383 -0.03395 -0.00647 0.01328 0.02625 0.00349 -0.03461 -0.02075 -0.03039 -0.02117 0.00670 0.02861 0.04298 -0.01932 -0.02288 -0.00761 0.01731 0.04289 -0.00655 0.00309 -0.01018 -0.00943 -0.00345 0.02420 -0.00694 -0.01431 -0.04229 -0.03772 -0.01798 0.79784 -0.01873 -0.01446 -0.00643
0.00096 0.04170 0.01045 0.01201 -0.01065 0.00082 0.01098 0.02965 0.00935 -0.01049 0.00119 0.01316 0.00380 -0.02345 0.04075 -0.01171 -0.01449 -0.00998 0.02185 -0.01202 -0.04064 -0.00350 0.00407 0.00179 0.00287 0.00986 -0.01218 0.00422 -0.00480 -0.02146 0.01525 0.00747 0.01525 0.00023 -0.04534 0.01574 -0.02542 0.00912 -0.01065 -0.00712 -0.02841 -0.00551 0.00789 0.00434 0.04005 0.02113 0.01873 0.86141 0.00018 -0.00180
0.02059 -0.02568 0.04875 0.00916 -0.00812 0.03988 -0.02582 -0.00013 -0.00554 0.04991 -0.02043 -0.00109 -0.01669 -0.03260 0.00071 -0.01805 -0.00105 0.02813 0.02929 -0.00879 0.01641 -0.03970 -0.03154 -0.02774 0.03869 0.03167 0.02732 0.02626 0.00618 0.01953 -0.00322 0.02134 -0.00321 0.00408 -0.00345 0.00490 0.01021 0.03871 -0.00508 -0.00595 0.00683 -0.00453 -0.02042 0.01448 -0.04637 0.02256 0.01446 -0.00018 0.18204 0.07226
-0.01924 0.05130 -0.04169 -0.00013 0.02090 -0.04744 0.04306 -0.02644 0.02979 -0.03786 0.00378 -0.03012 -0.00375 0.03621 0.01502 0.03454 0.00868 -0.00779 -0.01702 -0.00269 -0.02460 0.01840 0.01841 0.00314 -0.05991 -0.02998 -0.05521 -0.04086 0.01588 -0.03005 -0.01855 -0.03423 0.00152 -0.00550 -0.02260 0.00000 -0.01726 -0.02785 -0.03721 -0.02631 0.03041 -0.00693 0.01682 -0.00582 0.03263 -0.03070 0.00643 0.00180 -0.07226 0.91590
