0.26159 -0.00025 -0.00290 0.05306 0.05390 -0.01595 0.00619 -0.02505 0.00645 0.00882 -0.02349 -0.02598 -0.01005 -0.00754 0.00544 -0.00962 0.01203 0.00769 0.04924 -0.03353 0.00813 -0.00571 -0.01812 -0.04338 0.02238 -0.00244 -0.01226 -0.02929 0.05778 0.06728 -0.01551 -0.00760 0.00145 -0.03209 -0.05016 0.03703 -0.03069 -0.00322 -0.02205 0.02387 -0.06513 -0.03108 -0.04577 -0.06683 -0.05263 0.00934 0.02818 -0.00956 -0.00781 0.01804
0.00025 0.66669 -0.03580 0.03607 0.02642 -0.00390 0.01506 0.00864 -0.00171 -0.00601 0.09053 0.01155 0.03313 -0.01191 0.02597 0.02795 0.01355 0.00938 -0.02242 -0.05608 -0.04185 0.00963 0.05003 -0.01455 0.01233 -0.00730 0.00381 -0.02093 0.02093 0.00260 -0.00474 -0.01189 0.05707 -0.03106 -0.02765 -0.00875 -0.00574 -0.02030 -0.02174 0.00679 0.05534 -0.03395 0.02355 -0.02694 0.00863 -0.01637 0.03133 -0.02616 -0.00638 -0.04418
0.00290 0.03580 0.15601 0.01743 0.00640 -0.05929 0.02431 0.00166 0.05368 -0.01029 -0.05353 -0.02033 0.04717 0.02149 0.04863 0.06129 0.02575 -0.00996 0.06206 -0.02933 -0.01633 -0.02945 0.03712 0.00071 -0.05698 0.02515 -0.01169 -0.02137 0.05743 0.03671 -0.01546 -0.02733 0.02314 -0.01141 -0.00904 0.05138 -0.04712 -0.01845 -0.01753 0.04446 -0.06853 -0.03087 -0.02665 -0.01188 -0.03234 -0.03482 0.02427 -0.01086 -0.04806 0.04047
-0.05306 -0.03607 -0.01743 0.67796 0.05708 -0.00795 -0.00841 -0.00893 0.01616 0.03762 0.05256 0.00100 -0.01872 0.02141 -0.03474 0.00484 -0.00079 -0.01514 -0.05562 0.03547 0.01434 0.02080 -0.01864 -0.03693 0.01036 -0.01253 -0.01264 -0.01087 -0.02434 -0.01383 -0.00433 -0.01810 -0.02803 0.03382 0.04053 0.04402 0.03192 -0.01204 -0.00059 -0.02447 0.04086 0.03923 0.04228 -0.08197 -0.02701 -0.00699 -0.04699 -0.01924 -0.00943 -0.01559
-0.05390 -0.02642 -0.00640 -0.05708 0.46134 -0.01031 -0.01015 -0.03267 -0.00246 0.01715 0.06376 0.00618 -0.01570 0.01306 -0.03126 -0.02072 0.00837 0.01579 -0.05937 0.05915 0.04263 -0.01511 -0.00887 0.01200 -0.00862 -0.01769 0.01669 0.01176 -0.01900 0.02417 0.04516 0.01099 -0.04054 0.04300 0.02312 -0.01055 0.00803 0.02433 0.05482 -0.04243 0.04443 0.04217 0.03406 0.04013 0.00854 0.01157 -0.04575 0.03366 -0.00804 -0.02089
0.01595 0.00390 0.05929 0.00795 0.01031 0.73139 -0.05814 0.02286 0.02126 0.05619 -0.03591 -0.00746 -0.03416 0.00265 0.03294 -0.00278 -0.00212 -0.02928 0.02947 0.00039 -0.01142 -0.04488 -0.03117 -0.02488 0.01002 0.02964 -0.04201 -0.03029 0.00771 0.00504 0.00645 0.06590 0.03430 -0.01801 -0.00742 0.01170 -0.01484 0.03969 -0.01373 0.01333 -0.02251 0.01577 -0.02106 0.00421 -0.02341 0.01473 -0.01142 -0.00013 -0.04146 0.05014
-0.00619 -0.01506 -0.02431 0.00841 0.01015 0.05814 0.52728 -0.03255 -0.07028 -0.05477 0.02962 0.02357 0.02229 -0.03658 -0.03768 -0.00793 -0.00099 0.04649 -0.00024 -0.03944 0.04250 0.00991 -0.00515 0.00693 -0.03642 -0.01677 0.03957 0.03126 -0.00777 0.01418 0.01418 0.00543 -0.01557 -0.01778 -0.00730 -0.06284 0.00160 -0.02943 0.01177 0.01212 0.02739 -0.01033 0.03854 0.00967 0.03119 -0.00776 0.00636 0.00218 0.00610 -0.04445
0.02505 -0.00864 -0.00166 0.00893 0.03267 -0.02286 0.03255 0.61340 0.01984 0.02489 -0.02745 -0.01775 -0.00502 -0.01795 0.01165 0.03156 0.03092 -0.00242 0.05133 -0.01760 0.00114 -0.01638 0.04404 -0.01878 -0.00195 0.00194 -0.02069 -0.03526 0.04251 0.09003 -0.02285 -0.01672 0.02108 -0.00305 -0.04700 0.04317 -0.04142 -0.03237 -0.00117 0.06976 -0.04704 -0.03934 -0.04168 -0.02007 -0.00652 0.00577 0.03728 -0.03309 0.01588 0.02657
-0.00645 0.00171 -0.05368 -0.01616 0.00246 -0.02126 0.07028 -0.01984 0.82418 -0.07183 0.02210 -0.01928 0.04960 0.01438 -0.02035 0.00322 0.02445 -0.04229 -0.00234 0.00164 0.01335 0.04083 -0.00165 0.01677 -0.03320 -0.02474 0.01654 0.01174 -0.00079 -0.01753 -0.00117 -0.03677 -0.01245 0.04402 0.01176 -0.00768 0.01580 -0.05791 0.02808 -0.04101 0.02573 0.03275 -0.01184 0.00069 0.02923 -0.03356 0.00239 -0.01466 0.01065 -0.01317
-0.00882 0.00601 0.01029 -0.03762 -0.01715 -0.05619 0.05477 -0.02489 0.07183 0.31698 -0.02994 -0.02657 0.04655 0.00504 0.01998 0.04335 0.01001 0.02103 0.03510 -0.03612 0.02463 -0.07546 0.03962 0.00676 -0.03322 0.02877 -0.00115 0.01910 0.02919 0.00230 -0.01290 -0.01289 0.00282 0.04190 -0.03810 0.00057 0.00074 0.03348 0.00141 0.01179 -0.03205 -0.05543 -0.02324 0.00347 -0.00756 -0.02182 0.02344 0.02121 -0.05675 0.03355
0.02349 -0.09053 0.05353 -0.05256 -0.06376 0.03591 -0.02962 0.02745 -0.02210 0.02994 0.98006 -0.01505 -0.01246 -0.02337 -0.01157 -0.02691 -0.01633 0.03689 -0.02530 0.02915 0.08867 -0.04253 -0.06724 0.03081 0.04111 0.01450 0.05211 0.03805 -0.01274 -0.01815 0.03073 0.03419 -0.02414 0.04585 0.04480 -0.00458 -0.01980 0.02859 0.04876 0.05849 -0.06007 0.01198 0.03603 0.03890 0.00864 0.01083 -0.03503 0.00699 0.00513 -0.01918
0.02598 -0.01155 0.02033 -0.00100 -0.00618 0.00746 -0.02357 0.01775 0.01928 0.02657 0.01505 0.29749 -0.00693 -0.02253 0.00558 -0.03348 -0.02354 0.02995 0.01748 -0.02422 -0.00502 -0.02146 -0.01740 -0.00814 0.01091 0.02985 -0.01019 -0.00488 -0.00472 0.00857 0.01138 0.02029 0.01488 -0.01419 -0.04405 0.05127 0.00529 0.02946 0.00279 0.03881 -0.00193 -0.01422 0.03554 -0.00714 0.01319 0.01946 0.04878 -0.00013 -0.00166 0.01185
0.01005 -0.03313 -0.04717 0.01872 0.01570 0.03416 -0.02229 0.00502 -0.04960 -0.04655 0.01246 0.00693 0.59700 -0.04401 0.00120 -0.01575 -0.01434 -0.00921 -0.02201 0.03669 0.01069 0.03310 -0.04933 0.01212 0.00412 -0.05427 -0.00226 0.01516 -0.01808 -0.02655 -0.01004 0.00031 0.00042 0.00754 0.01911 -0.00128 0.02541 -0.04823 0.00886 -0.01909 0.04517 0.05283 -0.01416 -0.01906 0.00431 -0.01815 -0.03235 -0.01134 0.02237 0.02206
0.00754 0.01191 -0.02149 -0.02141 -0.01306 -0.00265 0.03658 0.01795 -0.01438 -0.00504 0.02337 0.02253 0.04401 0.19971 -0.02305 0.02803 -0.01250 0.01045 -0.01490 0.03143 -0.01584 0.01046 0.04500 0.02656 -0.03779 -0.02945 0.05827 -0.00886 -0.00209 -0.00425 0.00948 -0.01327 -0.00994 -0.00220 0.03819 -0.01768 -0.02034 -0.02383 0.01752 0.00496 0.02687 0.03697 0.03160 0.02509 0.05038 -0.04619 -0.02850 0.04143 0.04328 -0.02738
-0.00544 -0.02597 -0.04863 0.03474 0.03126 -0.03294 0.03768 -0.01165 0.02035 -0.01998 0.01157 -0.00558 -0.00120 0.02305 0.76610 0.02586 0.02954 -0.02810 -0.01268 0.02232 -0.01950 0.01924 0.00443 -0.00933 -0.02785 -0.01760 -0.02732 -0.04685 0.02099 0.05136 -0.02241 -0.04517 0.01454 -0.03636 0.02522 0.07333 0.00010 -0.04594 0.00024 0.01369 0.04001 -0.01023 0.02476 -0.04641 -0.00371 -0.03632 -0.00297 -0.04997 0.00688 -0.01805
0.00962 -0.02795 -0.06129 -0.00484 0.02072 0.00278 0.00793 -0.03156 -0.00322 -0.04335 0.02691 0.03348 0.01575 -0.02803 -0.02586 0.37299 0.00285 0.01057 -0.02917 -0.02040 0.02171 0.03099 -0.06680 0.00303 -0.02812 -0.01708 0.03376 0.02654 -0.00626 0.01953 -0.00442 -0.00219 -0.00380 -0.02712 0.00652 -0.00561 0.02163 -0.04003 0.01235 -0.02115 0.03534 -0.01946 -0.00585 0.00773 0.03599 -0.03499 0.02092 0.01751 0.01705 -0.01851
-0.01203 -0.01355 -0.02575 0.00079 -0.00837 0.00212 0.00099 -0.03092 -0.02445 -0.01001 0.01633 0.02354 0.01434 0.01250 -0.02954 -0.00285 1.05454 -0.00146 -0.00759 0.01984 -0.01236 -0.00449 -0.00954 -0.00934 0.00415 -0.00426 -0.01538 -0.02823 0.00224 0.01406 -0.02315 -0.01701 -0.00958 0.01342 0.02823 -0.01212 -0.00533 -0.00894 0.01703 -0.01738 0.02180 0.01912 -0.00571 -0.00349 -0.01155 -0.01400 -0.01463 0.00536 0.01327 -0.00730
-0.00769 -0.00938 0.00996 0.01514 -0.01579 0.02928 -0.04649 0.00242 0.04229 -0.02103 -0.03689 -0.02995 0.00921 -0.01045 0.02810 -0.01057 0.00146 0.74021 0.00633 -0.01870 -0.01860 -0.02028 -0.01196 -0.01531 -0.00978 0.02617 0.00212 0.00638 0.01817 -0.00820 0.00392 0.04576 0.04754 0.03571 -0.02083 -0.01430 0.01268 0.09509 -0.02074 0.01288 -0.00953 0.00038 0.01815 0.01163 -0.00224 0.03355 0.01678 0.01650 -0.07282 0.00357
-0.04924 0.02242 -0.06206 0.05562 0.05937 -0.02947 0.00024 -0.05133 0.00234 -0.03510 0.02530 -0.01748 0.02201 0.01490 0.01268 0.02917 0.00759 -0.00633 1.03473 -0.04192 -0.03814 0.06657 0.02743 -0.04555 -0.02826 -0.04667 -0.02235 -0.04272 -0.00703 0.00364 -0.06856 -0.05846 0.03671 -0.03999 -0.02755 0.00756 0.02978 -0.03493 -0.04889 -0.01837 0.04021 -0.00470 0.00227 -0.03881 -0.02848 -0.02372 0.03542 -0.04758 -0.00950 0.01849
0.03353 0.05608 0.02933 -0.03547 -0.05915 -0.00039 0.03944 0.01760 -0.00164 0.03612 -0.02915 0.02422 -0.03669 -0.03143 -0.02232 0.02040 -0.01984 0.01870 0.04192 0.54776 -0.01002 0.01129 0.08051 0.03966 0.00943 0.00174 0.02428 -0.02646 -0.02873 0.02374 -0.03167 0.00620 -0.00731 -0.07620 -0.03125 0.03429 0.00601 -0.00913 0.01490 0.01359 -0.03148 -0.03929 -0.01296 0.00842 0.02575 -0.02045 0.02591 0.00896 0.05525 -0.02178
-0.00813 0.04185 0.01633 -0.01434 -0.04263 0.01142 -0.04250 -0.00114 -0.01335 -0.02463 -0.08867 0.00502 -0.01069 0.01584 0.01950 -0.02171 0.01236 0.01860 0.03814 0.01002 0.71490 -0.00258 -0.03134 0.02213 -0.02372 0.01395 -0.00571 0.02896 -0.02033 -0.04507 0.01384 0.00799 -0.02372 0.06438 0.00468 -0.02733 0.00990 0.02234 0.02415 0.01586 -0.04177 0.01501 -0.01138 0.04342 0.01959 0.04090 -0.00792 0.03153 -0.01114 0.02274
0.00571 -0.00963 0.02945 -0.02080 0.01511 0.04488 -0.00991 0.01638 -0.04083 0.07546 0.04253 0.02146 -0.03310 -0.01046 -0.01924 -0.03099 0.00449 0.02028 -0.06657 -0.01129 0.00258 0.23170 -0.01084 0.01819 0.05077 -0.00130 0.02800 0.01750 -0.03305 0.01105 0.03412 0.01075 -0.01773 0.00208 0.02668 -0.01481 0.04363 0.02174 0.02339 -0.03652 0.04956 0.01233 0.02720 -0.01806 0.02513 0.03152 -0.02659 0.01437 0.04014 -0.02047
0.01812 -0.05003 -0.03712 0.01864 0.00887 0.03117 0.00515 -0.04404 0.00165 -0.03962 0.06724 0.01740 0.04933 -0.04500 -0.00443 0.06680 0.00954 0.01196 -0.02743 -0.08051 0.03134 0.01084 0.51889 -0.01446 -0.04259 -0.02753 -0.00985 0.02308 0.01777 0.03470 -0.01221 0.00558 0.00596 -0.02325 -0.00568 -0.05607 -0.03981 -0.00032 0.00672 0.00292 0.01540 -0.06826 0.04180 0.03165 0.00481 -0.03514 0.03102 0.02132 -0.01128 0.00425
0.04338 0.01455 -0.00071 0.03693 -0.01200 0.02488 -0.00693 0.01878 -0.01677 -0.00676 -0.03081 0.00814 -0.01212 -0.02656 0.00933 -0.00303 0.00934 0.01531 0.04555 -0.03966 -0.02213 -0.01819 0.01446 0.14530 -0.00940 0.00630 0.01746 -0.02246 0.00748 0.03865 -0.01178 0.01968 0.03148 -0.01939 -0.05124 0.00731 -0.00893 -0.01645 -0.03822 0.00602 -0.03159 -0.01653 0.01230 -0.00981 -0.01352 0.01923 0.04465 0.00825 0.03017 -0.00326
-0.02238 -0.01233 0.05698 -0.01036 0.00862 -0.01002 0.03642 0.00195 0.03320 0.03322 -0.04111 -0.01091 -0.00412 0.03779 0.02785 0.02812 -0.00415 0.00978 0.02826 -0.00943 0.02372 -0.05077 0.04259 0.00940 0.17609 0.01659 -0.01529 -0.01386 -0.00692 0.02309 -0.01447 0.02151 -0.00756 0.05631 -0.00728 -0.01480 -0.00252 0.03044 -0.02239 0.02391 -0.00863 -0.03130 -0.03388 -0.01161 -0.05040 0.05254 0.01488 0.00257 -0.05146 0.05332
0.00244 0.00730 -0.02515 0.01253 0.01769 -0.02964 0.01677 -0.00194 0.02474 -0.02877 -0.01450 -0.02985 0.05427 0.02945 0.01760 0.01708 0.00426 -0.02617 0.04667 -0.00174 -0.01395 0.00130 0.02753 -0.00630 -0.01659 0.19087 -0.02448 -0.01321 0.02747 0.01396 -0.02028 0.00082 0.01227 -0.01145 -0.03118 0.03569 -0.04103 -0.03264 -0.00710 0.04087 -0.04463 -0.01917 -0.01438 0.00407 -0.00690 -0.01812 0.03043 -0.00785 -0.03152 0.03409
0.01226 -0.00381 0.01169 0.01264 -0.01669 0.04201 -0.03957 0.02069 -0.01654 0.00115 -0.05211 0.01019 0.00226 -0.05827 0.02732 -0.03376 0.01538 -0.00212 0.02235 -0.02428 0.00571 -0.02800 0.00985 -0.01746 0.01529 0.02448 0.66609 0.04891 -0.02028 -0.00142 0.00691 0.02415 0.04882 0.01397 -0.02488 -0.03870 0.00209 0.04868 -0.02798 0.01016 0.00223 -0.02472 0.00101 0.04665 -0.00083 0.04737 0.03099 0.03346 -0.04818 0.07330
0.02929 0.02093 0.02137 0.01087 -0.01176 0.03029 -0.03126 0.03526 -0.01174 -0.01910 -0.03805 0.00488 -0.01516 0.00886 0.04685 -0.02654 0.02823 -0.00638 0.04272 0.02646 -0.02896 -0.01750 -0.02308 0.02246 0.01386 0.01321 -0.04891 0.63228 0.01346 -0.04124 0.02048 0.00812 0.03959 0.00857 -0.02873 0.00617 0.00462 0.02384 0.00229 0.02681 -0.06039 0.02912 -0.00686 0.01817 0.00464 0.01046 -0.03433 -0.01111 -0.02248 0.04877
-0.05778 -0.02093 -0.05743 0.02434 0.01900 -0.00771 0.00777 -0.04251 0.00079 -0.02919 0.01274 0.00472 0.01808 0.00209 -0.02099 0.00626 -0.00224 -0.01817 0.00703 0.02873 0.02033 0.03305 -0.01777 -0.00748 0.00692 -0.02747 0.02028 -0.01346 1.06330 0.01938 -0.04497 -0.01450 -0.01535 0.02064 0.04198 -0.01247 0.00567 -0.02423 0.00430 -0.00668 0.04312 0.00264 -0.01941 -0.01681 -0.02430 -0.02541 -0.02987 -0.01198 0.00874 -0.01401
-0.06728 -0.00260 -0.03671 0.01383 -0.02417 -0.00504 -0.01418 -0.09003 0.01753 -0.00230 0.01815 -0.00857 0.02655 0.00425 -0.05136 -0.01953 -0.01406 0.00820 -0.00364 -0.02374 0.04507 -0.01105 -0.03470 -0.03865 -0.02309 -0.01396 0.00142 0.04124 -0.01938 0.56298 -0.02143 0.01650 -0.04354 0.01193 0.02180 -0.03874 -0.01218 0.01273 -0.01538 -0.03396 0.01220 -0.02784 0.00139 -0.02213 -0.01508 0.01342 -0.00869 0.02767 -0.04299 0.03784
0.01551 0.00474 0.01546 0.00433 -0.04516 -0.00645 -0.01418 0.02285 0.00117 0.01290 -0.03073 -0.01138 0.01004 -0.00948 0.02241 0.00442 0.02315 -0.00392 0.06856 0.03167 -0.01384 -0.03412 0.01221 0.01178 0.01447 0.02028 -0.00691 -0.02048 0.04497 0.02143 1.02176 -0.00285 0.00352 -0.00533 0.00584 0.04308 -0.04045 -0.00509 -0.01071 0.05347 -0.06413 -0.00044 -0.02115 0.01529 -0.03348 0.00260 0.01461 -0.00728 -0.00393 0.02107
0.00760 0.01189 0.02733 0.01810 -0.01099 -0.06590 -0.00543 0.01672 0.03677 0.01289 -0.03419 -0.02029 -0.00031 0.01327 0.04517 0.00219 0.01701 -0.04576 0.05846 -0.00620 -0.00799 -0.01075 -0.00558 -0.01968 -0.02151 -0.00082 -0.02415 -0.00812 0.01450 -0.01650 0.00285 0.36176 0.00249 -0.02026 -0.01399 0.04727 -0.01911 -0.00672 -0.02092 0.03076 -0.04276 -0.01004 -0.02188 -0.00652 -0.04343 -0.00259 0.01492 -0.01348 -0.00989 0.02638
-0.00145 -0.05707 -0.02314 0.02803 0.04054 -0.03430 0.01557 -0.02108 0.01245 -0.00282 0.02414 -0.01488 -0.00042 0.00994 -0.01454 0.00380 0.00958 -0.04754 -0.03671 0.00731 0.02372 0.01773 -0.00596 -0.03148 0.00756 -0.01227 -0.04882 -0.03959 0.01535 0.04354 -0.00352 -0.00249 0.69232 -0.03292 0.03246 0.03929 -0.01924 -0.01571 -0.05828 0.03299 0.04643 -0.00518 -0.00853 -0.04149 -0.02393 -0.02613 -0.00608 -0.02006 -0.00333 0.00077
0.03209 0.03106 0.01141 -0.03382 -0.04300 0.01801 0.01778 0.00305 -0.04402 -0.04190 -0.04585 0.01419 -0.00754 0.00220 0.03636 0.02712 -0.01342 -0.03571 0.03999 0.07620 -0.06438 -0.00208 0.02325 0.01939 -0.05631 0.01145 -0.01397 -0.00857 -0.02064 -0.01193 0.00533 0.02026 0.03292 0.38692 -0.00389 -0.02317 0.03182 -0.03796 0.04524 0.02585 -0.03431 0.06610 0.01301 0.03866 0.04869 -0.00047 -0.07200 -0.00743 0.01045 0.01069
0.05016 0.02765 0.00904 -0.04053 -0.02312 0.00742 0.00730 0.04700 -0.01176 0.03810 -0.04480 0.04405 -0.01911 -0.03819 -0.02522 -0.00652 -0.02823 0.02083 0.02755 0.03125 -0.00468 -0.02668 0.00568 0.05124 0.00728 0.03118 0.02488 0.02873 -0.04198 -0.02180 -0.00584 0.01399 -0.03246 0.00389 0.88131 -0.01306 0.02450 -0.00797 0.03650 -0.02732 -0.04866 0.01567 -0.00972 0.03746 0.01633 -0.01131 -0.03656 0.04090 0.03746 0.02245
-0.03703 0.00875 -0.05138 -0.04402 0.01055 -0.01170 0.06284 -0.04317 0.00768 -0.00057 0.00458 -0.05127 0.00128 0.01768 -0.07333 0.00561 0.01212 0.01430 -0.00756 -0.03429 0.02733 0.01481 0.05607 -0.00731 0.01480 -0.03569 0.03870 -0.00617 0.01247 0.03874 -0.04308 -0.04727 -0.03929 0.02317 0.01306 0.48399 -0.02109 -0.00197 -0.00558 0.02645 0.04438 -0.05015 -0.01109 -0.03322 -0.02618 -0.03137 0.03313 -0.01790 -0.00735 -0.00797
0.03069 0.00574 0.04712 -0.03192 -0.00803 0.01484 -0.00160 0.04142 -0.01580 -0.00074 0.01980 -0.00529 -0.02541 0.02034 -0.00010 -0.02163 0.00533 -0.01268 -0.02978 -0.00601 -0.00990 -0.04363 0.03981 0.00893 0.00252 0.04103 -0.00209 -0.00462 -0.00567 0.01218 0.04045 0.01911 0.01924 -0.03182 -0.02450 0.02109 0.96870 0.00263 -0.03072 -0.08004 0.00499 0.01532 -0.01429 0.01718 0.04349 0.04078 0.00029 0.05823 -0.00352 0.02549
0.00322 0.02030 0.01845 0.01204 -0.02433 -0.03969 0.02943 0.03237 0.05791 -0.03348 -0.02859 -0.02946 0.04823 0.02383 0.04594 0.04003 0.00894 -0.09509 0.03493 0.00913 -0.02234 -0.02174 0.00032 0.01645 -0.03044 0.03264 -0.04868 -0.02384 0.02423 -0.01273 0.00509 0.00672 0.01571 0.03796 0.00797 0.00197 -0.00263 0.48160 -0.01210 0.00265 -0.01074 0.02089 -0.03089 0.02061 -0.01511 0.00259 -0.01366 -0.01500 -0.04258 0.04041
0.02205 0.02174 0.01753 0.00059 -0.05482 0.01373 -0.01177 0.00117 -0.02808 -0.00141 -0.04876 -0.00279 -0.00886 -0.01752 -0.00024 -0.01235 -0.01703 0.02074 0.04889 -0.01490 -0.02415 -0.02339 -0.00672 0.03822 0.02239 0.00710 0.02798 -0.00229 -0.00430 0.01538 0.01071 0.02092 0.05828 -0.04524 -0.03650 0.00558 0.03072 0.01210 0.28743 -0.01739 -0.03815 0.00325 -0.00585 0.03666 0.02639 0.00053 0.01990 0.01738 0.02679 0.04957
-0.02387 -0.00679 -0.04446 0.02447 0.04243 -0.01333 -0.01212 -0.06976 0.04101 -0.01179 -0.05849 -0.03881 0.01909 -0.00496 -0.01369 0.02115 0.01738 -0.01288 0.01837 -0.01359 -0.01586 0.03652 -0.00292 -0.00602 -0.02391 -0.04087 -0.01016 -0.02681 0.00668 0.03396 -0.05347 -0.03076 -0.03299 -0.02585 0.02732 -0.02645 0.08004 -0.00265 0.01739 0.93567 -0.00486 -0.00862 -0.04008 -0.01176 -0.01934 -0.06156 0.01957 -0.05452 0.03879 0.00320
0.06513 -0.05534 0.06853 -0.04086 -0.04443 0.02251 -0.02739 0.04704 -0.02573 0.03205 0.06007 0.00193 -0.04517 -0.02687 -0.04001 -0.03534 -0.02180 0.00953 -0.04021 0.03148 0.04177 -0.04956 -0.01540 0.03159 0.00863 0.04463 -0.00223 0.06039 -0.04312 -0.01220 0.06413 0.04276 -0.04643 0.03431 0.04866 -0.04438 -0.00499 0.01074 0.03815 0.00486 1.01275 0.03692 0.04949 0.05146 0.02160 0.04460 -0.03433 0.05658 -0.02208 -0.03296
0.03108 0.03395 0.03087 -0.03923 -0.04217 -0.01577 0.01033 0.03934 -0.03275 0.05543 -0.01198 0.01422 -0.05283 -0.03697 0.01023 0.01946 -0.01912 -0.00038 0.00470 0.03929 -0.01501 -0.01233 0.06826 0.01653 0.03130 0.01917 0.02472 -0.02912 -0.00264 0.02784 0.00044 0.01004 0.00518 -0.06610 -0.01567 0.05015 -0.01532 -0.02089 -0.00325 0.00862 -0.03692 0.73970 0.00023 0.01002 -0.00472 -0.02519 -0.00468 0.00286 0.05380 -0.00773
0.04577 -0.02355 0.02665 -0.04228 -0.03406 0.02106 -0.03854 0.04168 0.01184 0.02324 -0.03603 -0.03554 0.01416 -0.03160 -0.02476 0.00585 0.00571 -0.01815 -0.00227 0.01296 0.01138 -0.02720 -0.04180 -0.01230 0.03388 0.01438 -0.00101 0.00686 0.01941 -0.00139 0.02115 0.02188 0.00853 -0.01301 0.00972 0.01109 0.01429 0.03089 0.00585 0.04008 -0.04949 -0.00023 0.89740 0.04318 0.05568 0.00299 0.01702 -0.04623 0.03242 -0.07172
0.06683 0.02694 0.01188 0.08197 -0.04013 -0.00421 -0.00967 0.02007 -0.00069 -0.00347 -0.03890 0.00714 0.01906 -0.02509 0.04641 -0.00773 0.00349 -0.01163 0.03881 -0.00842 -0.04342 0.01806 -0.03165 0.00981 0.01161 -0.00407 -0.04665 -0.01817 0.01681 0.02213 -0.01529 0.00652 0.04149 -0.03866 -0.03746 0.03322 -0.01718 -0.02061 -0.03666 0.01176 -0.05146 -0.01002 -0.04318 0.30219 0.00359 0.00036 0.04568 -0.02038 0.00104 0.01182
0.05263 -0.00863 0.03234 0.02701 -0.00854 0.02341 -0.03119 0.00652 -0.02923 0.00756 -0.00864 -0.01319 -0.00431 -0.05038 0.00371 -0.03599 0.01155 0.00224 0.02848 -0.02575 -0.01959 -0.02513 -0.00481 0.01352 0.05040 0.00690 0.00083 -0.00464 0.02430 0.01508 0.03348 0.04343 0.02393 -0.04869 -0.01633 0.02618 -0.04349 0.01511 -0.02639 0.01934 -0.02160 0.00472 -0.05568 -0.00359 0.54503 0.02652 0.04223 -0.04145 0.05953 -0.02475
-0.00934 0.01637 0.03482 0.00699 -0.01157 -0.01473 0.00776 -0.00577 0.03356 0.02182 -0.01083 -0.01946 0.01815 0.04619 0.03632 0.03499 0.01400 -0.03355 0.02372 0.02045 -0.04090 -0.03152 0.03514 -0.01923 -0.05254 0.01812 -0.04737 -0.01046 0.02541 -0.01342 -0.00260 0.00259 0.02613 0.00047 0.01131 0.03137 -0.04078 -0.00259 -0.00053 0.06156 -0.04460 0.02519 -0.00299 -0.00036 -0.02652 0.30951 -0.01384 -0.02807 -0.02435 0.01927
-0.02818 -0.03133 -0.02427 0.04699 0.04575 0.01142 -0.00636 -0.03728 -0.00239 -0.02344 0.03503 -0.04878 0.03235 0.02850 0.00297 -0.02092 0.01463 -0.01678 -0.03542 -0.02591 0.00792 0.02659 -0.03102 -0.04465 -0.01488 -0.03043 -0.03099 0.03433 0.02987 0.00869 -0.01461 -0.01492 0.00608 0.07200 0.03656 -0.03313 -0.00029 0.01366 -0.01990 -0.01957 0.03433 0.00468 -0.01702 -0.04568 -0.04223 0.01384 0.78227 -0.01460 -0.05346 0.00809
0.00956 0.02616 0.01086 0.01924 -0.03366 0.00013 -0.00218 0.03309 0.01466 -0.02121 -0.00699 0.00013 0.01134 -0.04143 0.04997 -0.01751 -0.00536 -0.01650 0.04758 -0.00896 -0.03153 -0.01437 -0.02132 -0.00825 -0.00257 0.00785 -0.03346 0.01111 0.01198 -0.02767 0.00728 0.01348 0.02006 0.00743 -0.04090 0.01790 -0.05823 0.01500 -0.01738 0.05452 -0.05658 -0.00286 0.04623 0.02038 0.04145 0.02807 0.01460 0.85096 -0.02237 -0.01873
0.00781 0.00638 0.04806 0.00943 0.00804 0.04146 -0.00610 -0.01588 -0.01065 0.05675 -0.00513 0.00166 -0.02237 -0.04328 -0.00688 -0.01705 -0.01327 0.07282 0.00950 -0.05525 0.01114 -0.04014 0.01128 -0.03017 0.05146 0.03152 0.04818 0.02248 -0.00874 0.04299 0.00393 0.00989 0.00333 -0.01045 -0.03746 0.00735 0.00352 0.04258 -0.02679 -0.03879 0.02208 -0.05380 -0.03242 -0.00104 -0.05953 0.02435 0.05346 0.02237 0.14338 0.10879
-0.01804 0.04418 -0.04047 0.01559 0.02089 -0.05014 0.04445 -0.02657 0.01317 -0.03355 0.01918 -0.01185 -0.02206 0.02738 0.01805 0.01851 0.00730 -0.00357 -0.01849 0.02178 -0.02274 0.02047 -0.00425 0.00326 -0.05332 -0.03409 -0.07330 -0.04877 0.01401 -0.03784 -0.02107 -0.02638 -0.00077 -0.01069 -0.02245 0.00797 -0.02549 -0.04041 -0.04957 -0.00320 0.03296 0.00773 0.07172 -0.01182 0.02475 -0.01927 -0.00809 0.01873 -0.10879 0.88289
