0.23166 0.03830 -0.00351 0.07491 0.03835 -0.03869 -0.00862 -0.02634 -0.00339 0.00002 -0.01309 -0.03440 -0.00471 0.01520 -0.01101 0.00610 0.01958 -0.01381 0.04669 -0.05377 0.02297 0.02336 0.00451 -0.05051 0.01976 0.02247 -0.01455 -0.04941 0.07615 0.04654 0.00884 -0.04372 0.00617 -0.01048 -0.06207 0.01995 -0.02310 0.00750 0.01084 0.03547 -0.07521 -0.04771 -0.06405 -0.09090 -0.07963 0.03112 0.03018 -0.01565 0.02677 0.02177
-0.03830 0.63658 -0.05113 0.03454 0.05620 0.03803 0.04075 0.00061 -0.02100 -0.03303 0.10645 -0.02988 0.07172 -0.02172 0.07074 0.08499 0.01171 0.01091 -0.02946 -0.05666 -0.07851 0.01784 0.01250 0.00940 -0.02530 -0.01610 -0.02839 -0.04405 0.01490 0.02809 0.00418 -0.00747 0.02723 -0.04671 -0.00069 0.06012 0.00240 -0.03363 -0.02011 0.05747 0.04862 -0.06989 -0.02261 -0.04298 0.02521 -0.03583 -0.00065 0.01119 -0.00071 -0.00920
0.00351 0.05113 0.14413 0.00523 0.02368 -0.05828 0.06298 -0.00973 0.07554 0.04111 -0.07018 -0.00496 0.05236 0.03850 0.05728 0.07615 0.05542 0.00539 0.05720 -0.03516 -0.03603 -0.02146 0.04118 -0.01948 -0.06686 0.00592 -0.00752 0.00528 0.08167 0.04783 0.01217 -0.01235 0.01609 -0.02961 -0.00263 0.06246 -0.05789 -0.03718 -0.05844 0.04285 -0.07246 -0.03457 -0.02209 -0.00899 -0.01331 -0.05055 0.04409 -0.03771 -0.06135 0.05343
-0.07491 -0.03454 -0.00523 0.66591 0.04046 -0.00198 -0.01228 -0.01480 0.01653 0.06062 0.06879 0.04043 -0.01650 0.04600 -0.02901 0.01557 -0.00384 -0.02123 -0.05590 0.03721 0.00593 0.07056 -0.01128 -0.08449 0.04776 -0.00712 -0.01875 0.00609 -0.03605 -0.01287 -0.01556 -0.01624 -0.03950 0.03472 0.06708 0.03259 0.03338 -0.03238 -0.02419 -0.01686 0.04255 0.04590 0.05252 -0.07081 -0.03074 0.02081 -0.04633 -0.01589 0.03329 0.00145
-0.03835 -0.05620 -0.02368 -0.04046 0.41900 -0.02093 -0.04529 -0.03346 0.01456 -0.01758 0.05097 -0.03492 -0.03591 0.00945 -0.05673 -0.04837 0.01049 -0.00522 -0.05904 0.03524 0.07180 -0.04153 0.01977 0.05046 -0.01842 -0.00920 0.05475 -0.01278 -0.02415 0.04399 0.04439 -0.00588 -0.01040 0.06878 -0.01409 -0.03104 -0.01091 0.03654 0.14952 -0.07803 0.03788 0.05520 0.05054 0.02327 -0.00588 0.02018 -0.05370 0.00842 -0.00550 -0.02401
0.03869 -0.03803 0.05828 0.00198 0.02093 0.64312 -0.07165 0.03472 0.02966 0.05637 -0.04083 -0.02543 -0.04857 0.01082 0.01532 -0.01005 -0.00168 -0.03954 0.02890 -0.02536 -0.00806 -0.08053 -0.00444 -0.02108 -0.00191 0.03939 -0.00405 -0.02705 0.01281 0.02504 0.00697 0.06200 0.08212 0.01531 -0.03526 0.00132 -0.02050 0.03249 0.04690 -0.01803 -0.03253 0.03672 0.00303 0.00104 -0.03160 0.02272 -0.01022 -0.02157 -0.05055 0.05791
0.00862 -0.04075 -0.06298 0.01228 0.04529 0.07165 0.43940 -0.03091 -0.07819 -0.09499 0.03710 -0.02043 0.03618 -0.06858 -0.05525 -0.00750 -0.01771 0.02995 0.00163 -0.04729 0.04270 -0.02805 -0.01747 0.04466 -0.11415 -0.02329 0.05000 0.01334 -0.01379 0.05006 0.00895 -0.00655 -0.00458 0.00868 -0.03549 -0.04421 0.00262 -0.01114 0.08210 0.00288 0.02092 -0.00899 0.02702 -0.00773 0.02275 -0.06138 -0.00752 0.00119 -0.06402 -0.05454
0.02634 -0.00061 0.00973 0.01480 0.03346 -0.03472 0.03091 0.60034 0.02958 0.03201 -0.03273 -0.01098 -0.00200 0.00020 0.00490 0.05078 0.05053 -0.01139 0.04586 -0.04045 -0.00172 0.00924 0.05845 -0.03908 -0.00028 0.01750 -0.02253 -0.02963 0.05666 0.09292 0.00356 -0.02751 0.02795 0.00992 -0.05310 0.02927 -0.04566 -0.04176 0.01292 0.07337 -0.05763 -0.04697 -0.04048 -0.02660 -0.00695 0.03267 0.04492 -0.04295 0.05761 0.04715
0.00339 0.02100 -0.07554 -0.01653 -0.01456 -0.02966 0.07819 -0.02958 0.80213 -0.06302 0.02125 -0.00822 0.05446 0.02418 -0.03811 -0.03763 0.01638 -0.04341 -0.00582 0.01250 0.01297 0.01110 0.01381 0.01057 -0.02446 -0.03946 0.05250 0.01505 -0.00955 -0.01523 -0.00148 -0.04640 0.00567 0.06536 0.00115 -0.02690 0.00080 -0.05995 0.02640 -0.05379 0.02275 0.06083 -0.01173 0.01380 0.01509 -0.04592 0.02584 -0.06408 -0.05801 -0.02060
-0.00002 0.03303 -0.04111 -0.06062 0.01758 -0.05637 0.09499 -0.03201 0.06302 0.27785 -0.02818 -0.06749 0.08145 -0.02713 0.00509 0.04544 0.01235 0.05216 0.03047 -0.02769 0.01937 -0.14937 -0.00306 0.04690 -0.09115 -0.00471 0.00585 0.01247 0.03929 0.01408 0.00411 0.00248 0.01406 0.03885 -0.06028 0.03298 0.01559 0.05103 0.01401 0.03175 -0.03673 -0.07210 -0.06534 -0.00585 0.00649 -0.09058 0.02253 0.02005 -0.13449 0.02804
0.01309 -0.10645 0.07018 -0.06879 -0.05097 0.04083 -0.03710 0.03273 -0.02125 0.02818 0.96850 -0.04406 -0.02360 -0.01976 0.00002 -0.02840 -0.00737 0.04614 -0.02002 0.01330 0.09173 -0.03873 -0.08257 0.04042 0.04110 -0.00008 0.07110 0.04290 -0.00602 -0.01391 0.02378 0.04548 -0.02014 0.02330 0.03852 0.01638 -0.01386 0.02036 0.04456 0.05838 -0.06740 0.01351 0.04883 0.03962 0.04069 0.02179 -0.04594 0.01889 0.01281 0.00167
0.03440 0.02988 0.00496 -0.04043 0.03492 0.02543 0.02043 0.01098 0.00822 0.06749 0.04406 0.26223 0.00254 -0.05921 0.00645 -0.05915 -0.03982 0.05695 0.02234 0.00969 -0.03596 -0.07307 -0.08206 0.01384 -0.02339 -0.01343 0.00830 0.02029 0.00220 0.02859 0.01181 0.06435 0.00106 -0.03757 -0.06846 0.10657 0.04262 0.01671 -0.00739 0.05998 -0.01223 0.00498 0.01892 0.02381 0.05559 -0.03438 0.06236 -0.00365 -0.11475 0.02717
0.00471 -0.07172 -0.05236 0.01650 0.03591 0.04857 -0.03618 0.00200 -0.05446 -0.08145 0.02360 -0.00254 0.57526 -0.06136 0.00236 -0.00576 -0.03734 -0.01989 -0.01784 0.03137 -0.00345 0.02281 -0.06927 0.02075 -0.00945 -0.04998 -0.01773 0.00758 -0.02267 0.00762 -0.02431 0.02517 -0.00161 0.00690 0.02040 0.00702 0.03171 -0.06557 0.03799 -0.02599 0.04214 0.06385 -0.00793 -0.01614 0.02309 -0.01167 -0.05097 0.00435 0.03889 0.03710
-0.01520 0.02172 -0.03850 -0.04600 -0.00945 -0.01082 0.06858 -0.00020 -0.02418 0.02713 0.01976 0.05921 0.06136 0.16822 -0.02700 -0.00358 -0.01894 0.04889 -0.01599 0.05477 -0.03474 -0.01801 0.00300 -0.01218 -0.01577 -0.07831 0.07940 0.01760 -0.00422 0.01264 -0.00032 0.01788 0.02330 -0.02065 0.04259 -0.02113 -0.02514 -0.05831 -0.05246 0.00925 0.02872 0.07443 0.03168 0.07698 0.08593 -0.06741 -0.01292 0.01764 -0.05074 -0.00657
0.01101 -0.07074 -0.05728 0.02901 0.05673 -0.01532 0.05525 -0.00490 0.03811 -0.00509 -0.00002 -0.00645 -0.00236 0.02700 0.68942 0.04221 0.03838 -0.03114 -0.01989 0.01789 -0.05036 -0.00727 0.02575 -0.01363 -0.03556 -0.01160 0.01245 -0.04017 0.01936 0.08425 -0.01751 -0.03421 0.03840 -0.00118 0.02200 0.08068 -0.01632 -0.05675 0.04721 -0.00835 0.03706 0.00126 0.03585 -0.04428 -0.01123 -0.04310 0.00668 -0.07399 -0.02640 -0.01163
-0.00610 -0.08499 -0.07615 -0.01557 0.04837 0.01005 0.00750 -0.05078 0.03763 -0.04544 0.02840 0.05915 0.00576 0.00358 -0.04221 0.31853 -0.00788 -0.00748 -0.02186 -0.04959 -0.00156 0.04965 -0.05789 -0.02927 0.00345 -0.02551 0.06394 0.04446 -0.00705 0.08781 0.00036 0.01451 -0.00589 -0.00098 0.01842 -0.03108 0.00460 -0.08952 0.03152 -0.06817 0.02211 0.02125 0.03442 0.01116 0.06514 0.01124 0.02872 -0.00328 0.06773 0.02587
-0.01958 -0.01171 -0.05542 0.00384 -0.01049 0.00168 0.01771 -0.05053 -0.01638 -0.01235 0.00737 0.03982 0.03734 0.01894 -0.03838 0.00788 1.02761 -0.00399 -0.00866 0.03335 -0.02357 -0.00723 -0.01020 -0.01168 0.00388 -0.01194 -0.02349 -0.03609 -0.00597 0.03240 -0.01457 -0.02383 -0.02308 0.02036 0.03927 -0.01100 -0.01761 -0.01725 0.01912 -0.01249 0.02294 0.01587 -0.01952 -0.01366 -0.02800 -0.03347 -0.01269 -0.00528 0.01811 -0.00768
0.01381 -0.01091 -0.00539 0.02123 0.00522 0.03954 -0.02995 0.01139 0.04341 -0.05216 -0.04614 -0.05695 0.01989 -0.04889 0.03114 0.00748 0.00399 0.72431 0.00328 -0.01384 -0.02101 -0.05354 -0.01747 0.02168 -0.05888 0.02907 -0.01422 -0.00113 0.02079 -0.00444 0.01039 0.04529 0.05530 0.04346 -0.02943 0.00013 0.01601 0.12484 0.00331 0.01612 -0.00861 -0.01999 -0.00165 -0.00384 -0.01562 -0.00629 0.01210 0.02709 -0.12915 -0.02261
-0.04669 0.02946 -0.05720 0.05590 0.05904 -0.02890 -0.00163 -0.04586 0.00582 -0.03047 0.02002 -0.02234 0.01784 0.01599 0.01989 0.02186 0.00866 -0.00328 1.02693 -0.04019 -0.03893 0.06570 0.02937 -0.04537 -0.02401 -0.05278 -0.01404 -0.03632 -0.01189 -0.00215 -0.06787 -0.05989 0.03740 -0.04288 -0.02953 0.01215 0.02447 -0.03412 -0.05740 -0.01791 0.03568 -0.00207 0.00285 -0.03674 -0.02725 -0.02216 0.04381 -0.06155 -0.01912 0.01905
0.05377 0.05666 0.03516 -0.03721 -0.03524 0.02536 0.04729 0.04045 -0.01250 0.02769 -0.01330 -0.00969 -0.03137 -0.05477 -0.01789 0.04959 -0.03335 0.01384 0.04019 0.53339 -0.00993 0.00712 0.07826 0.07428 -0.03141 0.01591 0.00138 -0.02660 -0.03498 0.01237 -0.04855 -0.00254 -0.02415 -0.06058 -0.04432 0.05956 0.02895 0.01280 0.05526 0.02708 -0.03352 -0.06989 -0.02345 -0.02111 0.00121 -0.04733 0.01189 0.03927 0.02632 -0.05571
-0.02297 0.07851 0.03603 -0.00593 -0.07180 0.00806 -0.04270 0.00172 -0.01297 -0.01937 -0.09173 0.03596 0.00345 0.03474 0.05036 0.00156 0.02357 0.02101 0.03893 0.00993 0.66178 0.05969 -0.01834 -0.00758 0.00274 0.02631 -0.04805 0.04037 -0.01971 -0.08042 0.01770 -0.00405 -0.05417 0.04960 0.03150 -0.04397 0.01306 0.01971 -0.03956 0.04009 -0.03246 -0.00357 -0.01825 0.04198 0.01370 0.06407 0.00327 0.05029 0.05793 0.02278
-0.02336 -0.01784 0.02146 -0.07056 0.04153 0.08053 0.02805 -0.00924 -0.01110 0.14937 0.03873 0.07307 -0.02281 0.01801 0.00727 -0.04965 0.00723 0.05354 -0.06570 -0.00712 -0.05969 0.23156 -0.03320 -0.03722 0.08904 -0.05753 0.05901 0.06804 -0.03778 0.05230 0.03477 0.07201 -0.02857 -0.02370 0.04796 -0.00752 0.03319 -0.05159 -0.03604 -0.03940 0.04177 0.04619 0.05288 0.03918 0.08155 0.03974 -0.00079 -0.02845 0.03214 0.04600
-0.00451 -0.01250 -0.04118 0.01128 -0.01977 0.00444 0.01747 -0.05845 -0.01381 0.00306 0.08257 0.08206 0.06927 -0.00300 -0.02575 0.05789 0.01020 0.01747 -0.02937 -0.07826 0.01834 0.03320 0.45996 -0.08356 0.03437 -0.04014 0.00546 0.04387 0.01688 0.03488 -0.00328 0.00413 0.03947 -0.00649 0.01359 -0.09583 -0.03819 -0.04090 -0.03644 0.02219 0.00724 -0.04238 0.03663 0.06755 0.00705 -0.00462 0.05691 -0.00141 0.01230 0.04298
0.05051 -0.00940 0.01948 0.08449 -0.05046 0.02108 -0.04466 0.03908 -0.01057 -0.04690 -0.04042 -0.01384 -0.02075 0.01218 0.01363 0.02927 0.01168 -0.02168 0.04537 -0.07428 0.00758 0.03722 0.08356 0.07823 0.00022 0.06473 0.01027 -0.05225 0.00018 0.01427 -0.00941 -0.02900 0.03338 0.03646 -0.04684 -0.03003 -0.02939 0.00328 0.05380 -0.01027 -0.03354 -0.03540 0.02708 -0.05473 -0.08920 0.06573 0.03758 0.00816 0.12536 -0.02085
-0.01976 0.02530 0.06686 -0.04776 0.01842 0.00191 0.11415 0.00028 0.02446 0.09115 -0.04110 0.02339 0.00945 0.01577 0.03556 -0.00345 -0.00388 0.05888 0.02401 0.03141 -0.00274 -0.08904 -0.03437 -0.00022 0.12807 -0.02471 -0.02518 0.02890 -0.00707 0.02158 -0.02098 0.07033 -0.00892 0.00439 0.00479 0.01347 0.01411 0.01047 -0.08775 0.05217 -0.00361 -0.01604 -0.04550 0.02483 -0.02219 -0.01930 0.02734 0.00577 -0.15207 0.05840
-0.02247 0.01610 -0.00592 0.00712 0.00920 -0.03939 0.02329 -0.01750 0.03946 0.00471 0.00008 0.01343 0.04998 0.07831 0.01160 0.02551 0.01194 -0.02907 0.05278 -0.01591 -0.02631 0.05753 0.04014 -0.06473 0.02471 0.13662 -0.01359 0.01124 0.03538 0.02026 -0.00462 0.00423 0.00338 -0.00049 -0.00812 0.00769 -0.03986 -0.07916 -0.03905 0.03660 -0.05177 -0.00569 0.00275 0.01182 0.00417 0.03154 0.04368 -0.02732 0.03417 0.06372
0.01455 0.02839 0.00752 0.01875 -0.05475 0.00405 -0.05000 0.02253 -0.05250 -0.00585 -0.07110 -0.00830 0.01773 -0.07940 -0.01245 -0.06394 0.02349 0.01422 0.01404 -0.00138 0.04805 -0.05901 -0.00546 -0.01027 0.02518 0.01359 0.62260 0.02977 -0.02561 -0.03120 0.00345 0.00663 0.09520 0.00692 -0.04880 -0.05182 -0.00200 0.06693 -0.03413 0.03445 0.01653 -0.02419 -0.02771 0.05646 -0.02216 0.02131 0.02247 0.03618 -0.11526 0.04545
0.04941 0.04405 -0.00528 -0.00609 0.01278 0.02705 -0.01334 0.02963 -0.01505 -0.01247 -0.04290 -0.02029 -0.00758 -0.01760 0.04017 -0.04446 0.03609 0.00113 0.03632 0.02660 -0.04037 -0.06804 -0.04387 0.05225 -0.02890 -0.01124 -0.02977 0.60999 0.02315 -0.02816 0.03901 0.01883 0.06115 0.00622 -0.06505 0.01717 0.01519 0.02619 0.02039 0.03128 -0.07389 0.03322 -0.02613 0.02324 0.01695 -0.03061 -0.02773 -0.02948 -0.09729 0.05475
-0.07615 -0.01490 -0.08167 0.03605 0.02415 -0.01281 0.01379 -0.05666 0.00955 -0.03929 0.00602 -0.00220 0.02267 0.00422 -0.01936 0.00705 0.00597 -0.02079 0.01189 0.03498 0.01971 0.03778 -0.01688 -0.00018 0.00707 -0.03538 0.02561 -0.02315 1.03535 0.02564 -0.03352 -0.02036 -0.02720 0.02001 0.04479 -0.00605 -0.00357 -0.02715 0.00479 -0.00191 0.03721 -0.00237 -0.03047 -0.02821 -0.03122 -0.03463 -0.02707 -0.02934 0.00958 -0.00960
-0.04654 -0.02809 -0.04783 0.01287 -0.04399 -0.02504 -0.05006 -0.09292 0.01523 -0.01408 0.01391 -0.02859 -0.00762 -0.01264 -0.08425 -0.08781 -0.03240 0.00444 0.00215 -0.01237 0.08042 -0.05230 -0.03488 -0.01427 -0.02158 -0.02026 0.03120 0.02816 -0.02564 0.53262 -0.04032 0.01491 -0.01388 0.02373 -0.00264 -0.06169 -0.02705 0.03693 0.02230 -0.07928 0.01839 0.00366 0.02131 -0.01541 -0.02033 0.00188 -0.01671 0.00507 -0.08446 0.00529
-0.00884 -0.00418 -0.01217 0.01556 -0.04439 -0.00697 -0.00895 -0.00356 0.00148 -0.00411 -0.02378 -0.01181 0.02431 0.00032 0.01751 -0.00036 0.01457 -0.01039 0.06787 0.04855 -0.01770 -0.03477 0.00328 0.00941 0.02098 0.00462 -0.00345 -0.03901 0.03352 0.04032 1.02075 -0.01040 -0.00500 -0.00126 0.02287 0.04417 -0.05568 -0.01973 -0.01853 0.05526 -0.06198 0.00664 -0.03283 0.01141 -0.03911 -0.00572 0.00871 -0.01901 -0.00637 0.02679
0.04372 0.00747 0.01235 0.01624 0.00588 -0.06200 0.00655 0.02751 0.04640 -0.00248 -0.04548 -0.06435 -0.02517 -0.01788 0.03421 -0.01451 0.02383 -0.04529 0.05989 0.00254 0.00405 -0.07201 -0.00413 0.02900 -0.07033 -0.00423 -0.00663 -0.01883 0.02036 -0.01491 0.01040 0.31127 0.00936 -0.02009 -0.04157 0.06455 -0.02488 0.02546 0.00977 0.01054 -0.03885 -0.01547 -0.02378 -0.02982 -0.05514 -0.04753 0.01280 -0.02500 -0.07352 -0.00944
-0.00617 -0.02723 -0.01609 0.03950 0.01040 -0.08212 0.00458 -0.02795 -0.00567 -0.01406 0.02014 -0.00106 0.00161 -0.02330 -0.03840 0.00589 0.02308 -0.05530 -0.03740 0.02415 0.05417 0.02857 -0.03947 -0.03338 0.00892 -0.00338 -0.09520 -0.06115 0.02720 0.01388 0.00500 -0.00936 0.60187 -0.08722 0.03079 0.03230 -0.00959 0.00860 -0.08347 0.05719 0.06303 -0.02840 -0.03093 -0.03517 -0.01929 -0.02817 -0.02802 0.01141 0.02751 -0.02697
0.01048 0.04671 0.02961 -0.03472 -0.06878 -0.01531 -0.00868 -0.00992 -0.06536 -0.03885 -0.02330 0.03757 -0.00690 0.02065 0.00118 0.00098 -0.02036 -0.04346 0.04288 0.06058 -0.04960 0.02370 0.00649 -0.03646 -0.00439 0.00049 -0.00692 -0.00622 -0.02001 -0.02373 0.00126 0.02009 0.08722 0.36737 -0.01652 -0.06048 0.05119 -0.07229 0.01995 0.03970 -0.04713 0.08661 0.01806 0.05958 0.06183 0.03901 -0.07691 -0.00519 0.04696 0.05443
0.06207 0.00069 0.00263 -0.06708 0.01409 0.03526 0.03549 0.05310 -0.00115 0.06028 -0.03852 0.06846 -0.02040 -0.04259 -0.02200 -0.01842 -0.03927 0.02943 0.02953 0.04432 -0.03150 -0.04796 -0.01359 0.04684 -0.00479 0.00812 0.04880 0.06505 -0.04479 0.00264 -0.02287 0.04157 -0.03079 0.01652 0.85989 -0.00182 0.03279 -0.02608 0.03823 -0.04407 -0.05655 0.03885 0.00688 0.05120 0.03053 -0.03742 -0.02161 0.03220 -0.03058 0.02589
-0.01995 -0.06012 -0.06246 -0.03259 0.03104 -0.00132 0.04421 -0.02927 0.02690 -0.03298 -0.01638 -0.10657 -0.00702 0.02113 -0.08068 0.03108 0.01100 -0.00013 -0.01215 -0.05956 0.04397 0.00752 0.09583 0.03003 -0.01347 -0.00769 0.05182 -0.01717 0.00605 0.06169 -0.04417 -0.06455 -0.03230 0.06048 0.00182 0.40967 -0.04632 0.01287 0.09560 -0.01902 0.04448 -0.05975 0.00574 -0.07041 -0.04589 -0.02336 0.02147 -0.02480 0.02030 -0.02397
0.02310 -0.00240 0.05789 -0.03338 0.01091 0.02050 -0.00262 0.04566 -0.00080 -0.01559 0.01386 -0.04262 -0.03171 0.02514 0.01632 -0.00460 0.01761 -0.01601 -0.02447 -0.02895 -0.01306 -0.03319 0.03819 0.02939 -0.01411 0.03986 0.00200 -0.01519 0.00357 0.02705 0.05568 0.02488 0.00959 -0.05119 -0.03279 0.04632 0.95846 0.00053 -0.02011 -0.07285 -0.00781 -0.00064 -0.01310 0.00179 0.06650 0.04915 -0.00728 0.07245 0.02276 0.04954
-0.00750 0.03363 0.03718 0.03238 -0.03654 -0.03249 0.01114 0.04176 0.05995 -0.05103 -0.02036 -0.01671 0.06557 0.05831 0.05675 0.08952 0.01725 -0.12484 0.03412 -0.01280 -0.01971 0.05159 0.04090 -0.00328 -0.01047 0.07916 -0.06693 -0.02619 0.02715 -0.03693 0.01973 -0.02546 -0.00860 0.07229 0.02608 -0.01287 -0.00053 0.40513 0.00567 0.01859 -0.01276 -0.00147 -0.03896 0.00037 -0.03766 0.05267 -0.01470 0.00141 0.04280 0.04675
-0.01084 0.02011 0.05844 0.02419 -0.14952 -0.04690 -0.08210 -0.01292 -0.02640 -0.01401 -0.04456 0.00739 -0.03799 0.05246 -0.04721 -0.03152 -0.01912 -0.00331 0.05740 -0.05526 0.03956 0.03604 0.03644 -0.05380 0.08775 0.03905 0.03413 -0.02039 -0.00479 -0.02230 0.01853 -0.00977 0.08347 -0.01995 -0.03823 -0.09560 0.02011 -0.00567 0.24551 -0.03283 -0.04891 0.02003 0.01914 0.03936 0.01409 0.08236 0.01845 0.01002 0.15101 0.09232
-0.03547 -0.05747 -0.04285 0.01686 0.07803 0.01803 -0.00288 -0.07337 0.05379 -0.03175 -0.05838 -0.05998 0.02599 -0.00925 0.00835 0.06817 0.01249 -0.01612 0.01791 -0.02708 -0.04009 0.03940 -0.02219 0.01027 -0.05217 -0.03660 -0.03445 -0.03128 0.00191 0.07928 -0.05526 -0.01054 -0.05719 -0.03970 0.04407 0.01902 0.07285 -0.01859 0.03283 0.91002 -0.00587 -0.02161 -0.03853 -0.02298 0.01179 -0.06283 0.00244 -0.04009 0.08205 0.02203
0.07521 -0.04862 0.07246 -0.04255 -0.03788 0.03253 -0.02092 0.05763 -0.02275 0.03673 0.06740 0.01223 -0.04214 -0.02872 -0.03706 -0.02211 -0.02294 0.00861 -0.03568 0.03352 0.03246 -0.04177 -0.00724 0.03354 0.00361 0.05177 -0.01653 0.07389 -0.03721 -0.01839 0.06198 0.03885 -0.06303 0.04713 0.05655 -0.04448 0.00781 0.01276 0.04891 0.00587 1.00443 0.03143 0.05220 0.04412 0.01250 0.04244 -0.02797 0.06699 -0.01418 -0.04040
0.04771 0.06989 0.03457 -0.04590 -0.05520 -0.03672 0.00899 0.04697 -0.06083 0.07210 -0.01351 -0.00498 -0.06385 -0.07443 -0.00126 -0.02125 -0.01587 0.01999 0.00207 0.06989 0.00357 -0.04619 0.04238 0.03540 0.01604 0.00569 0.02419 -0.03322 0.00237 -0.00366 -0.00664 0.01547 0.02840 -0.08661 -0.03885 0.05975 0.00064 0.00147 -0.02003 0.02161 -0.03143 0.69931 -0.01351 0.02320 -0.00756 -0.06205 -0.00934 0.00560 -0.02210 -0.03708
0.06405 0.02261 0.02209 -0.05252 -0.05054 -0.00303 -0.02702 0.04048 0.01173 0.06534 -0.04883 -0.01892 0.00793 -0.03168 -0.03585 -0.03442 0.01952 0.00165 -0.00285 0.02345 0.01825 -0.05288 -0.03663 -0.02708 0.04550 -0.00275 0.02771 0.02613 0.03047 -0.02131 0.03283 0.02378 0.03093 -0.01806 -0.00688 -0.00574 0.01310 0.03896 -0.01914 0.03853 -0.05220 0.01351 0.87275 0.06745 0.05216 -0.01690 0.04402 -0.08057 -0.03094 -0.07827
0.09090 0.04298 0.00899 0.07081 -0.02327 -0.00104 0.00773 0.02660 -0.01380 0.00585 -0.03962 -0.02381 0.01614 -0.07698 0.04428 -0.01116 0.01366 0.00384 0.03674 0.02111 -0.04198 -0.03918 -0.06755 0.05473 -0.02483 -0.01182 -0.05646 -0.02324 0.02821 0.01541 -0.01141 0.02982 0.03517 -0.05958 -0.05120 0.07041 -0.00179 -0.00037 -0.03936 0.02298 -0.04412 -0.02320 -0.06745 0.25600 0.01477 -0.04086 0.03472 -0.00963 -0.05553 -0.01727
0.07963 -0.02521 0.01331 0.03074 0.00588 0.03160 -0.02275 0.00695 -0.01509 -0.00649 -0.04069 -0.05559 -0.02309 -0.08593 0.01123 -0.06514 0.02800 0.01562 0.02725 -0.00121 -0.01370 -0.08155 -0.00705 0.08920 0.02219 -0.00417 0.02216 -0.01695 0.03122 0.02033 0.03911 0.05514 0.01929 -0.06183 -0.03053 0.04589 -0.06650 0.03766 -0.01409 -0.01179 -0.01250 0.00756 -0.05216 -0.01477 0.50841 -0.01180 0.04405 -0.06374 0.00463 -0.06305
-0.03112 0.03583 0.05055 -0.02081 -0.02018 -0.02272 0.06138 -0.03267 0.04592 0.09058 -0.02179 0.03438 0.01167 0.06741 0.04310 -0.01124 0.03347 0.00629 0.02216 0.04733 -0.06407 -0.03974 0.00462 -0.06573 0.01930 -0.03154 -0.02131 0.03061 0.03463 -0.00188 0.00572 0.04753 0.02817 -0.03901 0.03742 0.02336 -0.04915 -0.05267 -0.08236 0.06283 -0.04244 0.06205 0.01690 0.04086 0.01180 0.28012 0.01089 -0.06531 -0.06563 0.04635
-0.03018 0.00065 -0.04409 0.04633 0.05370 0.01022 0.00752 -0.04492 -0.02584 -0.02253 0.04594 -0.06236 0.05097 0.01292 -0.00668 -0.02872 0.01269 -0.01210 -0.04381 -0.01189 -0.00327 0.00079 -0.05691 -0.03758 -0.02734 -0.04368 -0.02247 0.02773 0.02707 0.01671 -0.00871 -0.01280 0.02802 0.07691 0.02161 -0.02147 0.00728 0.01470 -0.01845 -0.00244 0.02797 0.00934 -0.04402 -0.03472 -0.04405 -0.01089 0.77077 -0.02345 -0.12650 0.01490
0.01565 -0.01119 0.03771 0.01589 -0.00842 0.02157 -0.00119 0.04295 0.06408 -0.02005 -0.01889 0.00365 -0.00435 -0.01764 0.07399 0.00328 0.00528 -0.02709 0.06155 -0.03927 -0.05029 0.02845 0.00141 -0.00816 -0.00577 0.02732 -0.03618 0.02948 0.02934 -0.00507 0.01901 0.02500 -0.01141 0.00519 -0.03220 0.02480 -0.07245 -0.00141 -0.01002 0.04009 -0.06699 -0.00560 0.08057 0.00963 0.06374 0.06531 0.02345 0.82489 0.05222 0.00283
-0.02677 0.00071 0.06135 -0.03329 0.00550 0.05055 0.06402 -0.05761 0.05801 0.13449 -0.01281 0.11475 -0.03889 0.05074 0.02640 -0.06773 -0.01811 0.12915 0.01912 -0.02632 -0.05793 -0.03214 -0.01230 -0.12536 0.15207 -0.03417 0.11526 0.09729 -0.00958 0.08446 0.00637 0.07352 -0.02751 -0.04696 0.03058 -0.02030 -0.02276 -0.04280 -0.15101 -0.08205 0.01418 0.02210 0.03094 0.05553 -0.00463 0.06563 0.12650 -0.05222 0.17513 0.17499
-0.02177 0.00920 -0.05343 -0.00145 0.02401 -0.05791 0.05454 -0.04715 0.02060 -0.02804 -0.00167 -0.02717 -0.03710 0.00657 0.01163 -0.02587 0.00768 0.02261 -0.01905 0.05571 -0.02278 -0.04600 -0.04298 0.02085 -0.05840 -0.06372 -0.04545 -0.05475 0.00960 -0.00529 -0.02679 0.00944 0.02697 -0.05443 -0.02589 0.02397 -0.04954 -0.04675 -0.09232 -0.02203 0.04040 0.03708 0.07827 0.01727 0.06305 -0.04635 -0.01490 -0.00283 -0.17499 0.84111
