0.23216 0.04021 -0.00384 0.07612 0.03854 -0.03982 -0.00881 -0.02381 -0.00072 -0.00108 -0.01809 -0.03600 -0.00088 0.01390 -0.00859 0.00722 0.01990 -0.01463 0.04429 -0.05567 0.02077 0.02450 0.00467 -0.05155 0.02039 0.02253 -0.01482 -0.05066 0.07084 0.04848 0.01087 -0.04423 0.00895 -0.01323 -0.06549 0.02277 -0.02796 0.00616 0.01022 0.04051 -0.07688 -0.04980 -0.06764 -0.09131 -0.07998 0.03102 0.03179 -0.01649 0.02810 0.02470
-0.04021 0.63817 -0.05266 0.03615 0.05797 0.03732 0.04062 -0.00072 -0.02004 -0.03406 0.10740 -0.03008 0.07166 -0.02179 0.07011 0.08445 0.01303 0.01044 -0.02950 -0.05624 -0.07816 0.01963 0.01191 0.00898 -0.02458 -0.01741 -0.02734 -0.04409 0.01401 0.02846 0.00342 -0.00728 0.02625 -0.04630 0.00015 0.05907 0.00232 -0.03431 -0.02052 0.05728 0.05003 -0.06971 -0.02293 -0.04361 0.02474 -0.03572 -0.00123 0.01007 -0.00079 -0.00946
0.00384 0.05266 0.14555 0.00590 0.02261 -0.05844 0.06183 -0.00919 0.07668 0.04095 -0.07270 -0.00449 0.05355 0.03660 0.05863 0.07543 0.05238 0.00462 0.05632 -0.03516 -0.03702 -0.02163 0.04128 -0.01879 -0.06472 0.00643 -0.00811 0.00362 0.07845 0.04812 0.01409 -0.01275 0.01812 -0.03049 -0.00369 0.06326 -0.05967 -0.03629 -0.05858 0.04530 -0.07531 -0.03605 -0.02406 -0.00771 -0.01325 -0.04987 0.04557 -0.03807 -0.06024 0.05456
-0.07612 -0.03615 -0.00590 0.66455 0.04155 -0.00191 -0.01240 -0.01561 0.01555 0.06053 0.07085 0.04030 -0.01700 0.04744 -0.03032 0.01454 -0.00210 -0.02017 -0.05581 0.03768 0.00710 0.07065 -0.01224 -0.08456 0.04789 -0.00788 -0.01703 0.00846 -0.03474 -0.01310 -0.01768 -0.01554 -0.04157 0.03618 0.06809 0.03119 0.03410 -0.03302 -0.02363 -0.01851 0.04595 0.04754 0.05336 -0.07126 -0.02982 0.02143 -0.04781 -0.01665 0.03326 0.00081
-0.03854 -0.05797 -0.02261 -0.04155 0.41956 -0.02049 -0.04489 -0.03346 0.01224 -0.01688 0.05337 -0.03513 -0.03703 0.01111 -0.05819 -0.04854 0.01026 -0.00377 -0.05862 0.03623 0.07372 -0.04336 0.01956 0.05073 -0.01952 -0.00900 0.05544 -0.01145 -0.02184 0.04310 0.04275 -0.00507 -0.01226 0.07059 -0.01172 -0.03264 -0.00926 0.03635 0.15014 -0.08037 0.04050 0.05712 0.05211 0.02343 -0.00555 0.02046 -0.05589 0.00880 -0.00612 -0.02543
0.03982 -0.03732 0.05844 0.00191 0.02049 0.64100 -0.07160 0.03516 0.02994 0.05647 -0.04177 -0.02493 -0.04831 0.00927 0.01583 -0.00934 -0.00257 -0.03971 0.02924 -0.02555 -0.00866 -0.08089 -0.00378 -0.02117 -0.00216 0.04033 -0.00605 -0.02731 0.01274 0.02502 0.00775 0.06120 0.08391 0.01450 -0.03562 0.00158 -0.02033 0.03314 0.04679 -0.01746 -0.03435 0.03573 0.00294 0.00122 -0.03196 0.02235 -0.00903 -0.02080 -0.05049 0.05769
0.00881 -0.04062 -0.06183 0.01240 0.04489 0.07160 0.43852 -0.03108 -0.07793 -0.09456 0.03747 -0.02085 0.03563 -0.06816 -0.05584 -0.00808 -0.01641 0.03023 0.00100 -0.04678 0.04281 -0.02884 -0.01804 0.04506 -0.11439 -0.02285 0.05134 0.01361 -0.01442 0.05005 0.00866 -0.00530 -0.00588 0.00901 -0.03533 -0.04469 0.00207 -0.01125 0.08228 0.00277 0.02227 -0.00806 0.02688 -0.00740 0.02278 -0.06094 -0.00871 0.00059 -0.06440 -0.05447
0.02381 0.00072 0.00919 0.01561 0.03346 -0.03516 0.03108 0.60069 0.03048 0.03072 -0.03458 -0.01230 -0.00045 0.00029 0.00687 0.05181 0.04651 -0.01223 0.04539 -0.04110 -0.00239 0.00975 0.05937 -0.03928 0.00018 0.01699 -0.02320 -0.03185 0.05522 0.09380 0.00527 -0.02873 0.03071 0.00816 -0.05343 0.03164 -0.04663 -0.04175 0.01063 0.07470 -0.06053 -0.04903 -0.04182 -0.02689 -0.00742 0.03205 0.04663 -0.04320 0.05795 0.04799
0.00072 0.02004 -0.07668 -0.01555 -0.01224 -0.02994 0.07793 -0.03048 0.80126 -0.06399 0.02419 -0.00960 0.05316 0.02531 -0.03867 -0.03863 0.01816 -0.04314 -0.00577 0.01313 0.01497 0.01253 0.01297 0.01072 -0.02421 -0.04119 0.05540 0.01579 -0.00974 -0.01546 -0.00311 -0.04541 0.00406 0.06644 0.00242 -0.02778 0.00163 -0.06068 0.02591 -0.05488 0.02559 0.06179 -0.01134 0.01313 0.01539 -0.04520 0.02378 -0.06547 -0.05877 -0.02130
0.00108 0.03406 -0.04095 -0.06053 0.01688 -0.05647 0.09456 -0.03072 0.06399 0.27848 -0.03072 -0.06714 0.08280 -0.02852 0.00632 0.04587 0.01161 0.05192 0.02994 -0.02837 0.01810 -0.14941 -0.00280 0.04685 -0.09038 -0.00406 0.00475 0.01163 0.03740 0.01455 0.00552 0.00197 0.01565 0.03781 -0.06164 0.03385 0.01377 0.05127 0.01417 0.03394 -0.03848 -0.07340 -0.06654 -0.00519 0.00656 -0.09049 0.02352 0.02045 -0.13383 0.02900
0.01809 -0.10740 0.07270 -0.07085 -0.05337 0.04177 -0.03747 0.03458 -0.02419 0.03072 0.96561 -0.04021 -0.02399 -0.02202 -0.00139 -0.02777 -0.00955 0.04847 -0.01755 0.01394 0.08993 -0.04404 -0.08147 0.04046 0.03999 0.00362 0.06346 0.04521 -0.00267 -0.01507 0.02304 0.04556 -0.01982 0.02454 0.03983 0.01318 -0.01089 0.02204 0.04686 0.05718 -0.06769 0.01426 0.05073 0.04181 0.04046 0.02259 -0.04401 0.02292 0.01337 -0.00048
0.03600 0.03008 0.00449 -0.04030 0.03513 0.02493 0.02085 0.01230 0.00960 0.06714 0.04021 0.26339 0.00481 -0.06030 0.00736 -0.05684 -0.03875 0.05745 0.02126 0.00719 -0.03798 -0.07276 -0.08191 0.01215 -0.02454 -0.01295 0.00546 0.02069 0.00005 0.02993 0.01311 0.06369 0.00214 -0.03917 -0.07143 0.10789 0.03958 0.01566 -0.00666 0.06323 -0.01296 0.00348 0.01739 0.02292 0.05522 -0.03496 0.06334 -0.00318 -0.11425 0.02796
0.00088 -0.07166 -0.05355 0.01700 0.03703 0.04831 -0.03563 0.00045 -0.05316 -0.08280 0.02399 -0.00481 0.57429 -0.06000 0.00242 -0.00654 -0.03360 -0.02199 -0.01923 0.03128 -0.00188 0.02609 -0.07037 0.02093 -0.00901 -0.05313 -0.01238 0.00665 -0.02484 0.00825 -0.02456 0.02574 -0.00252 0.00609 0.01956 0.00872 0.03045 -0.06733 0.03690 -0.02541 0.04298 0.06422 -0.00920 -0.01749 0.02358 -0.01245 -0.05216 0.00293 0.03792 0.03880
-0.01390 0.02179 -0.03660 -0.04744 -0.01111 -0.00927 0.06816 -0.00029 -0.02531 0.02852 0.02202 0.06030 0.06000 0.17026 -0.02880 -0.00468 -0.01669 0.04923 -0.01556 0.05602 -0.03427 -0.01889 0.00177 -0.01096 -0.01496 -0.07752 0.08220 0.01776 -0.00369 0.01177 -0.00151 0.01924 0.02160 -0.02012 0.04334 -0.02161 -0.02388 -0.05729 -0.05188 0.00781 0.03019 0.07604 0.03259 0.07802 0.08652 -0.06729 -0.01477 0.01803 -0.05038 -0.00648
0.00859 -0.07011 -0.05863 0.03032 0.05819 -0.01583 0.05584 -0.00687 0.03867 -0.00632 0.00139 -0.00736 -0.00242 0.02880 0.68816 0.04185 0.03745 -0.03197 -0.02061 0.01807 -0.05033 -0.00557 0.02606 -0.01407 -0.03577 -0.01365 0.01416 -0.04142 0.01890 0.08474 -0.01692 -0.03477 0.03800 -0.00064 0.02309 0.08089 -0.01616 -0.05728 0.04523 -0.00899 0.03654 0.00113 0.03563 -0.04532 -0.01204 -0.04383 0.00684 -0.07543 -0.02718 -0.01133
-0.00722 -0.08445 -0.07543 -0.01454 0.04854 0.00934 0.00808 -0.05181 0.03863 -0.04587 0.02777 0.05684 0.00654 0.00468 -0.04185 0.31893 -0.00716 -0.00824 -0.02334 -0.04957 -0.00156 0.04934 -0.05840 -0.02903 0.00328 -0.02606 0.06638 0.04314 -0.00867 0.08852 0.00061 0.01521 -0.00646 -0.00216 0.01789 -0.02929 0.00294 -0.09026 0.03057 -0.06715 0.02289 0.02128 0.03302 0.01079 0.06473 0.01097 0.02805 -0.00464 0.06697 0.02705
-0.01990 -0.01303 -0.05238 0.00210 -0.01026 0.00257 0.01641 -0.04651 -0.01816 -0.01161 0.00955 0.03875 0.03360 0.01669 -0.03745 0.00716 1.02874 -0.00243 -0.00207 0.03403 -0.02016 -0.00804 -0.00991 -0.00991 0.00477 -0.01046 -0.02287 -0.03243 -0.00079 0.02942 -0.01613 -0.02233 -0.02162 0.02032 0.04073 -0.01109 -0.01316 -0.01584 0.01803 -0.01456 0.02147 0.01518 -0.01676 -0.01168 -0.02608 -0.03155 -0.01265 -0.00170 0.01735 -0.00948
0.01463 -0.01044 -0.00462 0.02017 0.00377 0.03971 -0.03023 0.01223 0.04314 -0.05192 -0.04847 -0.05745 0.02199 -0.04923 0.03197 0.00824 0.00243 0.72308 0.00273 -0.01432 -0.02185 -0.05466 -0.01742 0.02185 -0.05820 0.02998 -0.01496 -0.00294 0.01948 -0.00398 0.01151 0.04421 0.05706 0.04192 -0.03030 0.00177 0.01411 0.12487 0.00318 0.01790 -0.01066 -0.02091 -0.00310 -0.00330 -0.01532 -0.00652 0.01277 0.02758 -0.12803 -0.02126
-0.04429 0.02950 -0.05632 0.05581 0.05862 -0.02924 -0.00100 -0.04539 0.00577 -0.02994 0.01755 -0.02126 0.01923 0.01556 0.02061 0.02334 0.00207 -0.00273 1.02583 -0.04096 -0.04112 0.06325 0.03084 -0.04612 -0.02523 -0.05145 -0.01880 -0.03702 -0.01133 -0.00165 -0.06515 -0.06117 0.03952 -0.04366 -0.02992 0.01248 0.02436 -0.03378 -0.05757 -0.01727 0.03217 -0.00337 0.00295 -0.03652 -0.02821 -0.02289 0.04664 -0.06029 -0.01955 0.01870
0.05567 0.05624 0.03516 -0.03768 -0.03623 0.02555 0.04678 0.04110 -0.01313 0.02837 -0.01394 -0.00719 -0.03128 -0.05602 -0.01807 0.04957 -0.03403 0.01432 0.04096 0.53300 -0.01041 0.00604 0.07850 0.07426 -0.03135 0.01713 -0.00141 -0.02596 -0.03399 0.01191 -0.04892 -0.00302 -0.02353 -0.05993 -0.04444 0.05838 0.02959 0.01366 0.05661 0.02704 -0.03363 -0.06986 -0.02306 -0.02032 0.00157 -0.04680 0.01314 0.04013 0.02738 -0.05676
-0.02077 0.07816 0.03702 -0.00710 -0.07372 0.00866 -0.04281 0.00239 -0.01497 -0.01810 -0.08993 0.03798 0.00188 0.03427 0.05033 0.00156 0.02016 0.02185 0.04112 0.01041 0.66010 0.05725 -0.01650 -0.00712 0.00196 0.02800 -0.05312 0.04093 -0.01619 -0.08176 0.01745 -0.00446 -0.05324 0.05125 0.03355 -0.04607 0.01632 0.02207 -0.03915 0.03754 -0.03387 -0.00365 -0.01625 0.04310 0.01372 0.06445 0.00505 0.05203 0.05767 0.02054
-0.02450 -0.01963 0.02163 -0.07065 0.04336 0.08089 0.02884 -0.00975 -0.01253 0.14941 0.04404 0.07276 -0.02609 0.01889 0.00557 -0.04934 0.00804 0.05466 -0.06325 -0.00604 -0.05725 0.23475 -0.03284 -0.03716 0.08724 -0.05809 0.05990 0.07038 -0.03374 0.05127 0.03241 0.07309 -0.03100 -0.02170 0.05065 -0.00933 0.03734 -0.05152 -0.03657 -0.04307 0.04397 0.04722 0.05551 0.03845 0.08115 0.03935 -0.00255 -0.02772 0.02985 0.04303
-0.00467 -0.01191 -0.04128 0.01224 -0.01956 0.00378 0.01804 -0.05937 -0.01297 0.00280 0.08147 0.08191 0.07037 -0.00177 -0.02606 0.05840 0.00991 0.01742 -0.03084 -0.07850 0.01650 0.03284 0.45997 -0.08409 0.03391 -0.04035 0.00518 0.04301 0.01564 0.03632 -0.00269 0.00420 0.03855 -0.00667 0.01318 -0.09581 -0.04025 -0.04204 -0.03632 0.02304 0.00820 -0.04207 0.03560 0.06719 0.00618 -0.00499 0.05655 -0.00273 0.01252 0.04391
0.05155 -0.00898 0.01879 0.08456 -0.05073 0.02117 -0.04506 0.03928 -0.01072 -0.04685 -0.04046 -0.01215 -0.02093 0.01096 0.01407 0.02903 0.00991 -0.02185 0.04612 -0.07426 0.00712 0.03716 0.08409 0.07826 0.00068 0.06521 0.00784 -0.05225 0.00130 0.01396 -0.00922 -0.02979 0.03468 0.03706 -0.04665 -0.03086 -0.02833 0.00437 0.05432 -0.01047 -0.03451 -0.03588 0.02738 -0.05427 -0.08920 0.06607 0.03907 0.00874 0.12585 -0.02146
-0.02039 0.02458 0.06472 -0.04789 0.01952 0.00216 0.11439 -0.00018 0.02421 0.09038 -0.03999 0.02454 0.00901 0.01496 0.03577 -0.00328 -0.00477 0.05820 0.02523 0.03135 -0.00196 -0.08724 -0.03391 -0.00068 0.12700 -0.02580 -0.02689 0.02889 -0.00577 0.02134 -0.02094 0.06880 -0.00798 0.00473 0.00540 0.01283 0.01605 0.01076 -0.08806 0.05114 -0.00537 -0.01695 -0.04455 0.02418 -0.02211 -0.02014 0.02860 0.00669 -0.15212 0.05765
-0.02253 0.01741 -0.00643 0.00788 0.00900 -0.04033 0.02285 -0.01699 0.04119 0.00406 -0.00362 0.01295 0.05313 0.07752 0.01365 0.02606 0.01046 -0.02998 0.05145 -0.01713 -0.02800 0.05809 0.04035 -0.06521 0.02580 0.13712 -0.01482 0.00988 0.03311 0.02146 -0.00283 0.00312 0.00616 -0.00260 -0.01025 0.00985 -0.04229 -0.07966 -0.03979 0.03936 -0.05384 -0.00739 0.00078 0.01180 0.00413 0.03168 0.04558 -0.02791 0.03518 0.06537
0.01482 0.02734 0.00811 0.01703 -0.05544 0.00605 -0.05134 0.02320 -0.05540 -0.00475 -0.06346 -0.00546 0.01238 -0.08220 -0.01416 -0.06638 0.02287 0.01496 0.01880 0.00141 0.05312 -0.05990 -0.00518 -0.00784 0.02689 0.01482 0.62236 0.03254 -0.02091 -0.03446 0.00067 0.00759 0.09522 0.01045 -0.04371 -0.05623 0.00570 0.07046 -0.03458 0.02856 0.01604 -0.02355 -0.02307 0.05847 -0.02111 0.02268 0.02194 0.03857 -0.11589 0.04084
0.05066 0.04409 -0.00362 -0.00846 0.01145 0.02731 -0.01361 0.03185 -0.01579 -0.01163 -0.04521 -0.02069 -0.00665 -0.01776 0.04142 -0.04314 0.03243 0.00294 0.03702 0.02596 -0.04093 -0.07038 -0.04301 0.05225 -0.02889 -0.00988 -0.03254 0.60878 0.02420 -0.02832 0.03979 0.01829 0.06323 0.00543 -0.06520 0.01845 0.01472 0.02673 0.02029 0.03193 -0.07538 0.03207 -0.02635 0.02433 0.01753 -0.03022 -0.02676 -0.02819 -0.09661 0.05464
-0.07084 -0.01401 -0.07845 0.03474 0.02184 -0.01274 0.01442 -0.05522 0.00974 -0.03740 0.00267 -0.00005 0.02484 0.00369 -0.01890 0.00867 0.00079 -0.01948 0.01133 0.03399 0.01619 0.03374 -0.01564 -0.00130 0.00577 -0.03311 0.02091 -0.02420 1.03772 0.02666 -0.03096 -0.02121 -0.02537 0.01886 0.04376 -0.00558 -0.00545 -0.02660 0.00547 -0.00073 0.03441 -0.00313 -0.03090 -0.02728 -0.03223 -0.03556 -0.02500 -0.02795 0.00989 -0.00935
-0.04848 -0.02846 -0.04812 0.01310 -0.04310 -0.02502 -0.05005 -0.09380 0.01546 -0.01455 0.01507 -0.02993 -0.00825 -0.01177 -0.08474 -0.08852 -0.02942 0.00398 0.00165 -0.01191 0.08176 -0.05127 -0.03632 -0.01396 -0.02134 -0.02146 0.03446 0.02832 -0.02666 0.53161 -0.04124 0.01572 -0.01553 0.02396 -0.00251 -0.06154 -0.02744 0.03602 0.02184 -0.07954 0.02044 0.00450 0.02124 -0.01594 -0.01986 0.00196 -0.01860 0.00407 -0.08486 0.00570
-0.01087 -0.00342 -0.01409 0.01768 -0.04275 -0.00775 -0.00866 -0.00527 0.00311 -0.00552 -0.02304 -0.01311 0.02456 0.00151 0.01692 -0.00061 0.01613 -0.01151 0.06515 0.04892 -0.01745 -0.03241 0.00269 0.00922 0.02094 0.00283 -0.00067 -0.03979 0.03096 0.04124 1.01828 -0.01004 -0.00697 -0.00035 0.02309 0.04382 -0.05729 -0.02073 -0.01870 0.05592 -0.05934 0.00714 -0.03403 0.01005 -0.03985 -0.00611 0.00693 -0.02164 -0.00648 0.02743
0.04423 0.00728 0.01275 0.01554 0.00507 -0.06120 0.00530 0.02873 0.04541 -0.00197 -0.04556 -0.06369 -0.02574 -0.01924 0.03477 -0.01521 0.02233 -0.04421 0.06117 0.00302 0.00446 -0.07309 -0.00420 0.02979 -0.06880 -0.00312 -0.00759 -0.01829 0.02121 -0.01572 0.01004 0.31077 0.01069 -0.01981 -0.04085 0.06419 -0.02386 0.02675 0.01004 0.01036 -0.03957 -0.01593 -0.02341 -0.02808 -0.05398 -0.04650 0.01332 -0.02397 -0.07260 -0.01011
-0.00895 -0.02625 -0.01812 0.04157 0.01226 -0.08391 0.00588 -0.03071 -0.00406 -0.01565 0.01982 -0.00214 0.00252 -0.02160 -0.03800 0.00646 0.02162 -0.05706 -0.03952 0.02353 0.05324 0.03100 -0.03855 -0.03468 0.00798 -0.00616 -0.09522 -0.06323 0.02537 0.01553 0.00697 -0.01069 0.60050 -0.08788 0.03031 0.03295 -0.01076 0.00696 -0.08529 0.05803 0.06102 -0.02934 -0.03197 -0.03684 -0.02105 -0.02952 -0.02672 0.00925 0.02626 -0.02568
0.01323 0.04630 0.03049 -0.03618 -0.07059 -0.01450 -0.00901 -0.00816 -0.06644 -0.03781 -0.02454 0.03917 -0.00609 0.02012 0.00064 0.00216 -0.02032 -0.04192 0.04366 0.05993 -0.05125 0.02170 0.00667 -0.03706 -0.00473 0.00260 -0.01045 -0.00543 -0.01886 -0.02396 0.00035 0.01981 0.08788 0.36760 -0.01687 -0.06079 0.05111 -0.07148 0.02195 0.03967 -0.04581 0.08698 0.01857 0.06009 0.06221 0.03944 -0.07669 -0.00369 0.04904 0.05382
0.06549 -0.00015 0.00369 -0.06809 0.01172 0.03562 0.03533 0.05343 -0.00242 0.06164 -0.03983 0.07143 -0.01956 -0.04334 -0.02309 -0.01789 -0.04073 0.03030 0.02992 0.04444 -0.03355 -0.05065 -0.01318 0.04665 -0.00540 0.01025 0.04371 0.06520 -0.04376 0.00251 -0.02309 0.04085 -0.03031 0.01687 0.85821 -0.00346 0.03297 -0.02512 0.03973 -0.04395 -0.05649 0.03940 0.00735 0.05220 0.03047 -0.03730 -0.02007 0.03355 -0.02970 0.02503
-0.02277 -0.05907 -0.06326 -0.03119 0.03264 -0.00158 0.04469 -0.03164 0.02778 -0.03385 -0.01318 -0.10789 -0.00872 0.02161 -0.08089 0.02929 0.01109 -0.00177 -0.01248 -0.05838 0.04607 0.00933 0.09581 0.03086 -0.01283 -0.00985 0.05623 -0.01845 0.00558 0.06154 -0.04382 -0.06419 -0.03295 0.06079 0.00346 0.40930 -0.04499 0.01299 0.09328 -0.02068 0.04334 -0.05992 0.00587 -0.07095 -0.04652 -0.02409 0.02108 -0.02633 0.01850 -0.02388
0.02796 -0.00232 0.05967 -0.03410 0.00926 0.02033 -0.00207 0.04663 -0.00163 -0.01377 0.01089 -0.03958 -0.03045 0.02388 0.01616 -0.00294 0.01316 -0.01411 -0.02436 -0.02959 -0.01632 -0.03734 0.04025 0.02833 -0.01605 0.04229 -0.00570 -0.01472 0.00545 0.02744 0.05729 0.02386 0.01076 -0.05111 -0.03297 0.04499 0.95798 0.00134 -0.01867 -0.07260 -0.00997 -0.00109 -0.01266 0.00284 0.06519 0.04878 -0.00436 0.07455 0.02279 0.04855
-0.00616 0.03431 0.03629 0.03302 -0.03635 -0.03314 0.01125 0.04175 0.06068 -0.05127 -0.02204 -0.01566 0.06733 0.05729 0.05728 0.09026 0.01584 -0.12487 0.03378 -0.01366 -0.02207 0.05152 0.04204 -0.00437 -0.01076 0.07966 -0.07046 -0.02673 0.02660 -0.03602 0.02073 -0.02675 -0.00696 0.07148 0.02512 -0.01299 -0.00134 0.40587 0.00608 0.01983 -0.01416 -0.00232 -0.03954 0.00022 -0.03855 0.05242 -0.01279 0.00167 0.04324 0.04710
-0.01022 0.02052 0.05858 0.02363 -0.15014 -0.04679 -0.08228 -0.01063 -0.02591 -0.01417 -0.04686 0.00666 -0.03690 0.05188 -0.04523 -0.03057 -0.01803 -0.00318 0.05757 -0.05661 0.03915 0.03657 0.03632 -0.05432 0.08806 0.03979 0.03458 -0.02029 -0.00547 -0.02184 0.01870 -0.01004 0.08529 -0.02195 -0.03973 -0.09328 0.01867 -0.00608 0.24542 -0.03121 -0.04920 0.01908 0.01841 0.03921 0.01476 0.08239 0.01863 0.01067 0.15181 0.09339
-0.04051 -0.05728 -0.04530 0.01851 0.08037 0.01746 -0.00277 -0.07470 0.05488 -0.03394 -0.05718 -0.06323 0.02541 -0.00781 0.00899 0.06715 0.01456 -0.01790 0.01727 -0.02704 -0.03754 0.04307 -0.02304 0.01047 -0.05114 -0.03936 -0.02856 -0.03193 0.00073 0.07954 -0.05592 -0.01036 -0.05803 -0.03967 0.04395 0.02068 0.07260 -0.01983 0.03121 0.90914 -0.00464 -0.02175 -0.03957 -0.02494 0.01216 -0.06288 0.00130 -0.04157 0.08133 0.02301
0.07688 -0.05003 0.07531 -0.04595 -0.04050 0.03435 -0.02227 0.06053 -0.02559 0.03848 0.06769 0.01296 -0.04298 -0.03019 -0.03654 -0.02289 -0.02147 0.01066 -0.03217 0.03363 0.03387 -0.04397 -0.00820 0.03451 0.00537 0.05384 -0.01604 0.07538 -0.03441 -0.02044 0.05934 0.03957 -0.06102 0.04581 0.05649 -0.04334 0.00997 0.01416 0.04920 0.00464 1.00266 0.03165 0.05383 0.04618 0.01478 0.04367 -0.02866 0.07039 -0.01270 -0.04086
0.04980 0.06971 0.03605 -0.04754 -0.05712 -0.03573 0.00806 0.04903 -0.06179 0.07340 -0.01426 -0.00348 -0.06422 -0.07604 -0.00113 -0.02128 -0.01518 0.02091 0.00337 0.06986 0.00365 -0.04722 0.04207 0.03588 0.01695 0.00739 0.02355 -0.03207 0.00313 -0.00450 -0.00714 0.01593 0.02934 -0.08698 -0.03940 0.05992 0.00109 0.00232 -0.01908 0.02175 -0.03165 0.69814 -0.01279 0.02476 -0.00639 -0.06133 -0.00941 0.00713 -0.02119 -0.03733
0.06764 0.02293 0.02406 -0.05336 -0.05211 -0.00294 -0.02688 0.04182 0.01134 0.06654 -0.05073 -0.01739 0.00920 -0.03259 -0.03563 -0.03302 0.01676 0.00310 -0.00295 0.02306 0.01625 -0.05551 -0.03560 -0.02738 0.04455 -0.00078 0.02307 0.02635 0.03090 -0.02124 0.03403 0.02341 0.03197 -0.01857 -0.00735 -0.00587 0.01266 0.03954 -0.01841 0.03957 -0.05383 0.01279 0.87161 0.06844 0.05152 -0.01708 0.04528 -0.07944 -0.03058 -0.07851
0.09131 0.04361 0.00771 0.07126 -0.02343 -0.00122 0.00740 0.02689 -0.01313 0.00519 -0.04181 -0.02292 0.01749 -0.07802 0.04532 -0.01079 0.01168 0.00330 0.03652 0.02032 -0.04310 -0.03845 -0.06719 0.05427 -0.02418 -0.01180 -0.05847 -0.02433 0.02728 0.01594 -0.01005 0.02808 0.03684 -0.06009 -0.05220 0.07095 -0.00284 -0.00022 -0.03921 0.02494 -0.04618 -0.02476 -0.06844 0.25628 0.01466 -0.04098 0.03651 -0.00943 -0.05484 -0.01666
0.07998 -0.02474 0.01325 0.02982 0.00555 0.03196 -0.02278 0.00742 -0.01539 -0.00656 -0.04046 -0.05522 -0.02358 -0.08652 0.01204 -0.06473 0.02608 0.01532 0.02821 -0.00157 -0.01372 -0.08115 -0.00618 0.08920 0.02211 -0.00413 0.02111 -0.01753 0.03223 0.01986 0.03985 0.05398 0.02105 -0.06221 -0.03047 0.04652 -0.06519 0.03855 -0.01476 -0.01216 -0.01478 0.00639 -0.05152 -0.01466 0.50816 -0.01213 0.04528 -0.06285 0.00459 -0.06326
-0.03102 0.03572 0.04987 -0.02143 -0.02046 -0.02235 0.06094 -0.03205 0.04520 0.09049 -0.02259 0.03496 0.01245 0.06729 0.04383 -0.01097 0.03155 0.00652 0.02289 0.04680 -0.06445 -0.03935 0.00499 -0.06607 0.02014 -0.03168 -0.02268 0.03022 0.03556 -0.00196 0.00611 0.04650 0.02952 -0.03944 0.03730 0.02409 -0.04878 -0.05242 -0.08239 0.06288 -0.04367 0.06133 0.01708 0.04098 0.01213 0.28015 0.01177 -0.06455 -0.06460 0.04648
-0.03179 0.00123 -0.04557 0.04781 0.05589 0.00903 0.00871 -0.04663 -0.02378 -0.02352 0.04401 -0.06334 0.05216 0.01477 -0.00684 -0.02805 0.01265 -0.01277 -0.04664 -0.01314 -0.00505 0.00255 -0.05655 -0.03907 -0.02860 -0.04558 -0.02194 0.02676 0.02500 0.01860 -0.00693 -0.01332 0.02672 0.07669 0.02007 -0.02108 0.00436 0.01279 -0.01863 -0.00130 0.02866 0.00941 -0.04528 -0.03651 -0.04528 -0.01177 0.76750 -0.02585 -0.12710 0.01650
0.01649 -0.01007 0.03807 0.01665 -0.00880 0.02080 -0.00059 0.04320 0.06547 -0.02045 -0.02292 0.00318 -0.00293 -0.01803 0.07543 0.00464 0.00170 -0.02758 0.06029 -0.04013 -0.05203 0.02772 0.00273 -0.00874 -0.00669 0.02791 -0.03857 0.02819 0.02795 -0.00407 0.02164 0.02397 -0.00925 0.00369 -0.03355 0.02633 -0.07455 -0.00167 -0.01067 0.04157 -0.07039 -0.00713 0.07944 0.00943 0.06285 0.06455 0.02585 0.82354 0.05206 0.00361
-0.02810 0.00079 0.06024 -0.03326 0.00612 0.05049 0.06440 -0.05795 0.05877 0.13383 -0.01337 0.11425 -0.03792 0.05038 0.02718 -0.06697 -0.01735 0.12803 0.01955 -0.02738 -0.05767 -0.02985 -0.01252 -0.12585 0.15212 -0.03518 0.11589 0.09661 -0.00989 0.08486 0.00648 0.07260 -0.02626 -0.04904 0.02970 -0.01850 -0.02279 -0.04324 -0.15181 -0.08133 0.01270 0.02119 0.03058 0.05484 -0.00459 0.06460 0.12710 -0.05206 0.17505 0.17550
-0.02470 0.00946 -0.05456 -0.00081 0.02543 -0.05769 0.05447 -0.04799 0.02130 -0.02900 0.00048 -0.02796 -0.03880 0.00648 0.01133 -0.02705 0.00948 0.02126 -0.01870 0.05676 -0.02054 -0.04303 -0.04391 0.02146 -0.05765 -0.06537 -0.04084 -0.05464 0.00935 -0.00570 -0.02743 0.01011 0.02568 -0.05382 -0.02503 0.02388 -0.04855 -0.04710 -0.09339 -0.02301 0.04086 0.03733 0.07851 0.01666 0.06326 -0.04648 -0.01650 -0.00361 -0.17550 0.84062
