0.26411 0.00673 -0.00773 0.05197 0.05922 -0.00972 0.01511 -0.02808 0.01034 0.01145 -0.02589 -0.02526 -0.00799 -0.00584 0.00989 -0.00643 0.02217 0.01061 0.05377 -0.03253 0.00391 -0.00369 -0.01470 -0.03873 0.01719 -0.00683 -0.00903 -0.02796 0.06823 0.06857 -0.00651 -0.00913 -0.01104 -0.03378 -0.04801 0.04068 -0.03246 -0.00509 -0.02010 0.02265 -0.06283 -0.03447 -0.04661 -0.07188 -0.05208 0.00296 0.03043 -0.01253 -0.00924 0.01975
-0.00673 0.65184 -0.04945 0.04197 0.02671 -0.00385 0.01962 0.00091 -0.00186 -0.01860 0.08877 0.00705 0.04591 -0.00645 0.02384 0.03052 0.01019 0.00396 -0.02255 -0.05265 -0.04996 0.00609 0.05547 -0.01315 0.00816 -0.00975 0.00428 -0.02854 0.01607 0.01190 -0.00135 -0.01912 0.06453 -0.02059 -0.02409 -0.01080 -0.01583 -0.02303 -0.02111 0.00954 0.05154 -0.03410 0.01374 -0.02854 0.00168 -0.02180 0.03292 -0.03107 -0.01583 -0.04104
0.00773 0.04945 0.16523 0.00897 0.01622 -0.04392 0.04031 0.00584 0.06322 0.01565 -0.05783 -0.01961 0.04262 0.02407 0.05735 0.06506 0.05050 0.00049 0.06797 -0.03090 -0.02240 -0.02255 0.04241 0.00909 -0.06586 0.01769 -0.00589 -0.00843 0.07949 0.03215 0.00023 -0.02566 -0.00389 -0.01776 -0.00731 0.05983 -0.04444 -0.01809 -0.01667 0.04129 -0.06374 -0.03743 -0.02273 -0.02091 -0.02661 -0.04586 0.03120 -0.01275 -0.04853 0.04198
-0.05197 -0.04197 -0.00897 0.67933 0.04664 -0.01523 -0.01813 -0.00671 0.01069 0.04141 0.05774 0.00288 -0.02528 0.01786 -0.04353 0.00127 -0.00394 -0.01765 -0.05686 0.03653 0.02162 0.01640 -0.02156 -0.04448 0.01680 -0.00616 -0.01619 -0.01940 -0.02743 -0.01454 -0.01396 -0.01451 -0.01511 0.03069 0.03981 0.04108 0.03439 -0.00966 -0.00177 -0.02616 0.04040 0.04281 0.04465 -0.07477 -0.02642 -0.00040 -0.05125 -0.01347 -0.00644 -0.01862
-0.05922 -0.02671 -0.01622 -0.04664 0.45464 -0.01942 -0.00989 -0.04059 -0.00194 0.00454 0.05671 0.00102 -0.00711 0.01487 -0.03464 -0.01782 0.00168 0.00968 -0.06490 0.05420 0.03956 -0.01660 -0.00517 0.00817 -0.01110 -0.01964 0.01502 0.00014 -0.02627 0.03177 0.05077 0.00431 -0.01643 0.04888 0.01603 -0.01401 -0.00058 0.02316 0.05727 -0.03846 0.03884 0.03984 0.02591 0.04017 0.00113 0.00971 -0.04547 0.02681 -0.01271 -0.01636
0.00972 0.00385 0.04392 0.01523 0.01942 0.72121 -0.04698 0.01522 0.02769 0.03914 -0.04509 -0.00937 -0.02077 0.00570 0.03724 0.00465 -0.01082 -0.03669 0.02410 0.00320 -0.01761 -0.04165 -0.03018 -0.02733 0.00492 0.02081 -0.04367 -0.04062 0.00019 0.01422 0.01407 0.05717 0.03740 -0.01457 -0.00901 0.01492 -0.02197 0.03090 -0.01149 0.01765 -0.02560 0.01382 -0.02856 -0.00259 -0.02964 0.00298 -0.01259 -0.00952 -0.04730 0.05250
-0.01511 -0.01962 -0.04031 0.01813 0.00989 0.04698 0.51414 -0.04341 -0.07137 -0.07837 0.02677 0.01780 0.04289 -0.03039 -0.04169 -0.00327 -0.01265 0.03309 -0.00390 -0.04071 0.03902 0.00842 -0.00042 0.00351 -0.04068 -0.02004 0.03579 0.02012 -0.01999 0.02774 0.01401 -0.00752 0.00468 -0.00640 -0.00871 -0.06700 -0.01028 -0.03486 0.01069 0.01859 0.01936 -0.01072 0.02705 0.00908 0.02191 -0.01244 0.00707 -0.00413 -0.00321 -0.04047
0.02808 -0.00091 -0.00584 0.00671 0.04059 -0.01522 0.04341 0.61793 0.02499 0.02820 -0.03253 -0.01824 -0.00288 -0.01679 0.01826 0.03577 0.04294 0.00143 0.05423 -0.01945 -0.00311 -0.01372 0.04807 -0.01247 -0.00961 -0.00385 -0.01656 -0.03078 0.05400 0.08971 -0.01084 -0.01801 0.01052 -0.00411 -0.04835 0.04629 -0.04206 -0.03398 0.00225 0.06940 -0.04547 -0.04391 -0.04133 -0.02521 -0.00460 -0.00173 0.04062 -0.03656 0.01360 0.02973
-0.01034 0.00186 -0.06322 -0.01069 0.00194 -0.02769 0.07137 -0.02499 0.81739 -0.08513 0.02045 -0.02608 0.06456 0.01933 -0.02372 0.00457 0.01854 -0.04828 -0.00423 -0.00068 0.01071 0.03783 0.00227 0.01742 -0.03639 -0.02607 0.01521 0.00620 -0.00695 -0.01118 -0.00023 -0.04804 -0.00049 0.05239 0.01076 -0.00999 0.00778 -0.05801 0.02733 -0.03833 0.01857 0.03092 -0.02085 -0.00100 0.02244 -0.03539 0.00593 -0.01869 0.00057 -0.01017
-0.01145 0.01860 -0.01565 -0.04141 -0.00454 -0.03914 0.07837 -0.02820 0.08513 0.31897 -0.03508 -0.03135 0.06370 0.01551 0.02902 0.04938 0.01262 0.03343 0.03710 -0.03809 0.01526 -0.07165 0.04700 0.01720 -0.04437 0.01470 0.00620 0.02988 0.03146 0.00355 0.00026 -0.02507 -0.01717 0.04953 -0.03542 0.00749 -0.00499 0.03381 0.00207 0.01296 -0.03259 -0.06506 -0.02913 -0.01013 -0.01003 -0.03952 0.03309 0.01192 -0.06368 0.03617
0.02589 -0.08877 0.05783 -0.05774 -0.05671 0.04509 -0.02677 0.03253 -0.02045 0.03508 0.97475 -0.01657 -0.01452 -0.02314 -0.00088 -0.02661 -0.01625 0.04249 -0.02631 0.02619 0.08718 -0.03843 -0.06796 0.03289 0.03862 0.01130 0.05516 0.04765 -0.01162 -0.02587 0.02762 0.03473 -0.03534 0.04408 0.04561 -0.00067 -0.01572 0.02939 0.04730 0.05806 -0.05751 0.01136 0.04065 0.03545 0.01347 0.00938 -0.03065 0.00639 0.00422 -0.01955
0.02526 -0.00705 0.01961 -0.00288 -0.00102 0.00937 -0.01780 0.01824 0.02608 0.03135 0.01657 0.29642 -0.00730 -0.01763 0.01204 -0.03243 -0.02802 0.03264 0.01840 -0.02151 -0.00709 -0.02054 -0.01724 -0.00504 0.01066 0.02752 -0.01114 -0.00146 -0.00832 0.00710 0.01189 0.02007 -0.00057 -0.01612 -0.03999 0.06190 0.00530 0.02964 -0.00060 0.03964 -0.00254 -0.01872 0.03518 -0.01519 0.01265 0.01508 0.05624 -0.00367 -0.00145 0.01014
0.00799 -0.04591 -0.04262 0.02528 0.00711 0.02077 -0.04289 0.00288 -0.06456 -0.06370 0.01452 0.00730 0.60021 -0.05111 -0.00646 -0.01942 -0.02479 -0.02084 -0.02688 0.03748 0.01524 0.02993 -0.05372 0.00313 0.01125 -0.04480 -0.00750 0.00495 -0.02783 -0.02291 -0.02076 0.00351 0.02250 0.00955 0.01602 -0.00919 0.02485 -0.05012 0.00853 -0.01738 0.04130 0.06201 -0.01524 -0.00802 0.00039 -0.00501 -0.04037 -0.00755 0.02325 0.02249
0.00584 0.00645 -0.02407 -0.01786 -0.01487 -0.00570 0.03039 0.01679 -0.01933 -0.01551 0.02314 0.01763 0.05111 0.19167 -0.02597 0.02705 -0.01602 0.00445 -0.01720 0.02804 -0.01546 0.00995 0.04537 0.02477 -0.03836 -0.02906 0.05690 -0.01093 -0.00577 -0.00236 0.00571 -0.01734 0.00622 0.00395 0.03587 -0.02412 -0.02332 -0.02411 0.01715 0.00741 0.02315 0.04024 0.02867 0.02861 0.04752 -0.04309 -0.02875 0.04175 0.03702 -0.02529
-0.00989 -0.02384 -0.05735 0.04353 0.03464 -0.03724 0.04169 -0.01826 0.02372 -0.02902 0.00088 -0.01204 0.00646 0.02597 0.74918 0.03139 0.02675 -0.03609 -0.01610 0.02337 -0.02919 0.01604 0.00918 -0.01247 -0.03253 -0.01933 -0.03082 -0.06022 0.01726 0.06325 -0.01189 -0.04910 0.03182 -0.03332 0.01859 0.07905 -0.01055 -0.04881 0.00160 0.01849 0.03391 -0.01263 0.01461 -0.04903 -0.01044 -0.04165 -0.00282 -0.05765 -0.00318 -0.01335
0.00643 -0.03052 -0.06506 -0.00127 0.01782 -0.00465 0.00327 -0.03577 -0.00457 -0.04938 0.02661 0.03243 0.01942 -0.02705 -0.03139 0.37070 -0.00046 0.00592 -0.03010 -0.02016 0.02208 0.02963 -0.06631 0.00004 -0.02476 -0.01596 0.03097 0.01919 -0.00986 0.02639 -0.00513 -0.00479 0.00650 -0.02509 0.00643 -0.00735 0.01703 -0.04056 0.01095 -0.01962 0.03248 -0.01923 -0.01030 0.00896 0.03284 -0.03260 0.02003 0.01681 0.01577 -0.01815
-0.02217 -0.01019 -0.05050 0.00394 -0.00168 0.01082 0.01265 -0.04294 -0.01854 -0.01262 0.01625 0.02802 0.02479 0.01602 -0.02675 0.00046 1.04606 -0.00055 -0.00217 0.03059 -0.01964 -0.00275 -0.01022 -0.00425 0.00305 -0.01324 -0.01372 -0.03115 0.00012 0.02210 -0.01793 -0.02174 -0.03128 0.01696 0.03821 -0.00630 -0.01047 -0.01537 0.01865 -0.01667 0.02542 0.01770 -0.01259 -0.01357 -0.01954 -0.02792 -0.01393 -0.00443 0.01210 -0.00851
-0.01061 -0.00396 -0.00049 0.01765 -0.00968 0.03669 -0.03309 -0.00143 0.04828 -0.03343 -0.04249 -0.03264 0.02084 -0.00445 0.03609 -0.00592 0.00055 0.73377 0.00524 -0.01799 -0.02684 -0.02043 -0.00780 -0.01165 -0.01838 0.02067 0.00481 0.00523 0.01696 -0.00240 0.01245 0.04245 0.04218 0.04116 -0.02040 -0.01187 0.00547 0.09162 -0.01939 0.01544 -0.01076 -0.00298 0.01210 0.00713 -0.00476 0.02541 0.01952 0.01099 -0.08199 0.00794
-0.05377 0.02255 -0.06797 0.05686 0.06490 -0.02410 0.00390 -0.05423 0.00423 -0.03710 0.02631 -0.01840 0.02688 0.01720 0.01610 0.03010 0.00217 -0.00524 1.02605 -0.03923 -0.04136 0.07094 0.02663 -0.04472 -0.02932 -0.05290 -0.02235 -0.04094 -0.01219 0.00376 -0.06977 -0.06276 0.02643 -0.03872 -0.02199 0.01085 0.02751 -0.03785 -0.05069 -0.01723 0.04058 -0.00478 -0.00053 -0.04376 -0.03082 -0.02847 0.03836 -0.05243 -0.01096 0.01762
0.03253 0.05265 0.03090 -0.03653 -0.05420 -0.00320 0.04071 0.01945 0.00068 0.03809 -0.02619 0.02151 -0.03748 -0.02804 -0.02337 0.02016 -0.03059 0.01799 0.03923 0.54050 -0.00737 0.01231 0.07800 0.03820 0.01338 0.00060 0.02231 -0.02496 -0.03788 0.02196 -0.04235 0.00441 -0.00683 -0.07404 -0.03146 0.03783 0.00668 -0.00920 0.01237 0.01517 -0.03557 -0.04070 -0.01316 0.00188 0.02391 -0.02217 0.02744 0.00825 0.05631 -0.02635
-0.00391 0.04996 0.02240 -0.02162 -0.03956 0.01761 -0.03902 0.00311 -0.01071 -0.01526 -0.08718 0.00709 -0.01524 0.01546 0.02919 -0.02208 0.01964 0.02684 0.04136 0.00737 0.71002 0.00237 -0.03147 0.02563 -0.02612 0.01276 -0.00275 0.04344 -0.01265 -0.05325 0.01610 0.01066 -0.04462 0.05857 0.00680 -0.02485 0.01774 0.02395 0.02222 0.01398 -0.03710 0.01318 -0.00395 0.04242 0.02540 0.04123 -0.00294 0.03366 -0.00760 0.02239
0.00369 -0.00609 0.02255 -0.01640 0.01660 0.04165 -0.00842 0.01372 -0.03783 0.07165 0.03843 0.02054 -0.02993 -0.00995 -0.01604 -0.02963 0.00275 0.02043 -0.07094 -0.01231 -0.00237 0.22695 -0.00873 0.01789 0.04945 -0.00289 0.02691 0.01360 -0.03548 0.01308 0.03828 0.00871 -0.01647 0.00134 0.02395 -0.01315 0.04175 0.02075 0.02190 -0.03438 0.04669 0.01023 0.02533 -0.01924 0.02211 0.02994 -0.02341 0.00964 0.03829 -0.01693
0.01470 -0.05547 -0.04241 0.02156 0.00517 0.03018 0.00042 -0.04807 -0.00227 -0.04700 0.06796 0.01724 0.05372 -0.04537 -0.00918 0.06631 0.01022 0.00780 -0.02663 -0.07800 0.03147 0.00873 0.51573 -0.01549 -0.04214 -0.02694 -0.00934 0.01767 0.01734 0.04275 -0.01270 0.00343 0.01506 -0.01495 -0.00396 -0.06167 -0.04460 -0.00204 0.00824 0.00310 0.01501 -0.06542 0.03858 0.03493 0.00187 -0.03443 0.02715 0.02137 -0.01466 0.00548
0.03873 0.01315 -0.00909 0.04448 -0.00817 0.02733 -0.00351 0.01247 -0.01742 -0.01720 -0.03289 0.00504 -0.00313 -0.02477 0.01247 -0.00004 0.00425 0.01165 0.04472 -0.03820 -0.02563 -0.01789 0.01549 0.13458 -0.01278 0.00263 0.01851 -0.02734 0.00219 0.04565 -0.01133 0.01573 0.03810 -0.01033 -0.05046 0.00446 -0.01424 -0.02001 -0.03489 0.00876 -0.03343 -0.01554 0.00639 -0.01097 -0.02208 0.01497 0.04320 0.00322 0.02406 -0.00040
-0.01719 -0.00816 0.06586 -0.01680 0.01110 -0.00492 0.04068 0.00961 0.03639 0.04437 -0.03862 -0.01066 -0.01125 0.03836 0.03253 0.02476 -0.00305 0.01838 0.02932 -0.01338 0.02612 -0.04945 0.04214 0.01278 0.16963 0.01681 -0.01262 -0.00266 -0.00488 0.01145 -0.01687 0.02520 -0.01951 0.05226 -0.00762 -0.01202 0.00500 0.03554 -0.02286 0.02193 -0.00653 -0.03417 -0.02826 -0.01386 -0.04591 0.05401 0.01872 0.00509 -0.04808 0.05107
0.00683 0.00975 -0.01769 0.00616 0.01964 -0.02081 0.02004 0.00385 0.02607 -0.01470 -0.01130 -0.02752 0.04480 0.02906 0.01933 0.01596 0.01324 -0.02067 0.05290 -0.00060 -0.01276 0.00289 0.02694 -0.00263 -0.01681 0.18853 -0.02208 -0.00571 0.03606 0.00908 -0.01871 0.00605 0.00007 -0.01495 -0.02801 0.03800 -0.03720 -0.03102 -0.00654 0.03790 -0.04012 -0.01941 -0.01000 0.00205 -0.00188 -0.01870 0.03092 -0.00431 -0.02884 0.03170
0.00903 -0.00428 0.00589 0.01619 -0.01502 0.04367 -0.03579 0.01656 -0.01521 -0.00620 -0.05516 0.01114 0.00750 -0.05690 0.03082 -0.03097 0.01372 -0.00481 0.02235 -0.02231 0.00275 -0.02691 0.00934 -0.01851 0.01262 0.02208 0.66328 0.04588 -0.02202 0.00239 0.01025 0.02276 0.04810 0.01831 -0.02345 -0.04039 -0.00134 0.04547 -0.02626 0.01208 0.00350 -0.02502 -0.00174 0.04646 -0.00267 0.04374 0.02928 0.03073 -0.04967 0.07463
0.02796 0.02854 0.00843 0.01940 -0.00014 0.04062 -0.02012 0.03078 -0.00620 -0.02988 -0.04765 0.00146 -0.00495 0.01093 0.06022 -0.01919 0.03115 -0.00523 0.04094 0.02496 -0.04344 -0.01360 -0.01767 0.02734 0.00266 0.00571 -0.04588 0.62851 0.01531 -0.03646 0.03230 0.00450 0.03353 0.01111 -0.03189 0.00922 -0.00141 0.01821 0.00416 0.03017 -0.06219 0.02632 -0.01197 0.01326 0.00204 0.00129 -0.02985 -0.02081 -0.03052 0.05596
-0.06823 -0.01607 -0.07949 0.02743 0.02627 -0.00019 0.01999 -0.05400 0.00695 -0.03146 0.01162 0.00832 0.02783 0.00577 -0.01726 0.00986 -0.00012 -0.01696 0.01219 0.03788 0.01265 0.03548 -0.01734 -0.00219 0.00488 -0.03606 0.02202 -0.01531 1.05702 0.02633 -0.03885 -0.01921 -0.03724 0.02370 0.05049 -0.00658 0.00076 -0.03027 0.00541 -0.00567 0.04553 0.00025 -0.02578 -0.02669 -0.03142 -0.03916 -0.02785 -0.02171 0.00731 -0.01428
-0.06857 -0.01190 -0.03215 0.01454 -0.03177 -0.01422 -0.02774 -0.08971 0.01118 -0.00355 0.02587 -0.00710 0.02291 0.00236 -0.06325 -0.02639 -0.02210 0.00240 -0.00376 -0.02196 0.05325 -0.01308 -0.04275 -0.04565 -0.01145 -0.00908 -0.00239 0.03646 -0.02633 0.56457 -0.03341 0.01684 -0.02827 0.01452 0.02315 -0.04485 -0.01011 0.01524 -0.01618 -0.03520 0.01148 -0.02216 0.00162 -0.01744 -0.01649 0.02175 -0.01547 0.03246 -0.03699 0.03195
0.00651 0.00135 -0.00023 0.01396 -0.05077 -0.01407 -0.01401 0.01084 0.00023 -0.00026 -0.02762 -0.01189 0.02076 -0.00571 0.01189 0.00513 0.01793 -0.01245 0.06977 0.04235 -0.01610 -0.03828 0.01270 0.01133 0.01687 0.01871 -0.01025 -0.03230 0.03885 0.03341 1.01520 -0.01055 0.00965 0.00406 0.01397 0.04025 -0.04997 -0.00942 -0.01076 0.05518 -0.06732 0.00132 -0.03039 0.01336 -0.04375 -0.00186 0.01245 -0.01172 -0.00687 0.02075
0.00913 0.01912 0.02566 0.01451 -0.00431 -0.05717 0.00752 0.01801 0.04804 0.02507 -0.03473 -0.02007 -0.00351 0.01734 0.04910 0.00479 0.02174 -0.04245 0.06276 -0.00441 -0.01066 -0.00871 -0.00343 -0.01573 -0.02520 -0.00605 -0.02276 -0.00450 0.01921 -0.01684 0.01055 0.36336 -0.01214 -0.02329 -0.01056 0.05365 -0.02014 -0.00657 -0.02097 0.02943 -0.03955 -0.01524 -0.02270 -0.01466 -0.04092 -0.01007 0.01874 -0.01589 -0.00956 0.02471
0.01104 -0.06453 0.00389 0.01511 0.01643 -0.03740 -0.00468 -0.01052 0.00049 0.01717 0.03534 0.00057 -0.02250 -0.00622 -0.03182 -0.00650 0.03128 -0.04218 -0.02643 0.00683 0.04462 0.01647 -0.01506 -0.03810 0.01951 -0.00007 -0.04810 -0.03353 0.03724 0.02827 -0.00965 0.01214 0.66905 -0.06248 0.03346 0.02679 -0.00181 -0.01017 -0.05486 0.02221 0.05926 0.00296 0.01051 -0.02073 -0.00757 -0.00719 -0.02035 0.00005 0.01658 -0.00585
0.03378 0.02059 0.01776 -0.03069 -0.04888 0.01457 0.00640 0.00411 -0.05239 -0.04953 -0.04408 0.01612 -0.00955 -0.00395 0.03332 0.02509 -0.01696 -0.04116 0.03872 0.07404 -0.05857 -0.00134 0.01495 0.01033 -0.05226 0.01495 -0.01831 -0.01111 -0.02370 -0.01452 -0.00406 0.02329 0.06248 0.37834 -0.00997 -0.03297 0.03543 -0.03979 0.04589 0.02727 -0.03508 0.07291 0.01649 0.04685 0.05052 0.00774 -0.08095 -0.00417 0.01405 0.01172
0.04801 0.02409 0.00731 -0.03981 -0.01603 0.00901 0.00871 0.04835 -0.01076 0.03542 -0.04561 0.03999 -0.01602 -0.03587 -0.01859 -0.00643 -0.03821 0.02040 0.02199 0.03146 -0.00680 -0.02395 0.00396 0.05046 0.00762 0.02801 0.02345 0.03189 -0.05049 -0.02315 -0.01397 0.01056 -0.03346 0.00997 0.87394 -0.00975 0.02402 -0.00970 0.03390 -0.02433 -0.05361 0.01638 -0.01122 0.03192 0.01313 -0.01380 -0.03288 0.03880 0.03422 0.02181
-0.04068 0.01080 -0.05983 -0.04108 0.01401 -0.01492 0.06700 -0.04629 0.00999 -0.00749 0.00067 -0.06190 0.00919 0.02412 -0.07905 0.00735 0.00630 0.01187 -0.01085 -0.03783 0.02485 0.01315 0.06167 -0.00446 0.01202 -0.03800 0.04039 -0.00922 0.00658 0.04485 -0.04025 -0.05365 -0.02679 0.03297 0.00975 0.47508 -0.02939 -0.00148 -0.00327 0.02934 0.03679 -0.05399 -0.02004 -0.04005 -0.03302 -0.03559 0.03873 -0.02239 -0.01610 -0.00638
0.03246 0.01583 0.04444 -0.03439 0.00058 0.02197 0.01028 0.04206 -0.00778 0.00499 0.01572 -0.00530 -0.02485 0.02332 0.01055 -0.01703 0.01047 -0.00547 -0.02751 -0.00668 -0.01774 -0.04175 0.04460 0.01424 -0.00500 0.03720 0.00134 0.00141 -0.00076 0.01011 0.04997 0.02014 0.00181 -0.03543 -0.02402 0.02939 0.96896 0.00233 -0.03096 -0.07922 0.00717 0.00995 -0.01340 0.01042 0.04538 0.03407 0.00641 0.05366 -0.00589 0.02818
0.00509 0.02303 0.01809 0.00966 -0.02316 -0.03090 0.03486 0.03398 0.05801 -0.03381 -0.02939 -0.02964 0.05012 0.02411 0.04881 0.04056 0.01537 -0.09162 0.03785 0.00920 -0.02395 -0.02075 0.00204 0.02001 -0.03554 0.03102 -0.04547 -0.01821 0.03027 -0.01524 0.00942 0.00657 0.01017 0.03979 0.00970 0.00148 -0.00233 0.48177 -0.01049 0.00151 -0.00779 0.02096 -0.03046 0.02035 -0.01300 0.00062 -0.01304 -0.01449 -0.04376 0.04115
0.02010 0.02111 0.01667 0.00177 -0.05727 0.01149 -0.01069 -0.00225 -0.02733 -0.00207 -0.04730 0.00060 -0.00853 -0.01715 -0.00160 -0.01095 -0.01865 0.01939 0.05069 -0.01237 -0.02222 -0.02190 -0.00824 0.03489 0.02286 0.00654 0.02626 -0.00416 -0.00541 0.01618 0.01076 0.02097 0.05486 -0.04589 -0.03390 0.00327 0.03096 0.01049 0.28280 -0.01666 -0.03613 0.00281 -0.00594 0.03763 0.02551 -0.00063 0.01679 0.01670 0.03075 0.04849
-0.02265 -0.00954 -0.04129 0.02616 0.03846 -0.01765 -0.01859 -0.06940 0.03833 -0.01296 -0.05806 -0.03964 0.01738 -0.00741 -0.01849 0.01962 0.01667 -0.01544 0.01723 -0.01517 -0.01398 0.03438 -0.00310 -0.00876 -0.02193 -0.03790 -0.01208 -0.03017 0.00567 0.03520 -0.05518 -0.02943 -0.02221 -0.02727 0.02433 -0.02934 0.07922 -0.00151 0.01666 0.93441 -0.00748 -0.00683 -0.04027 -0.00683 -0.01935 -0.05714 0.01769 -0.05269 0.03911 0.00363
0.06283 -0.05154 0.06374 -0.04040 -0.03884 0.02560 -0.01936 0.04547 -0.01857 0.03259 0.05751 0.00254 -0.04130 -0.02315 -0.03391 -0.03248 -0.02542 0.01076 -0.04058 0.03557 0.03710 -0.04669 -0.01501 0.03343 0.00653 0.04012 -0.00350 0.06219 -0.04553 -0.01148 0.06732 0.03955 -0.05926 0.03508 0.05361 -0.03679 -0.00717 0.00779 0.03613 0.00748 1.01018 0.03391 0.04645 0.04422 0.01877 0.03792 -0.02929 0.05283 -0.02285 -0.03347
0.03447 0.03410 0.03743 -0.04281 -0.03984 -0.01382 0.01072 0.04391 -0.03092 0.06506 -0.01136 0.01872 -0.06201 -0.04024 0.01263 0.01923 -0.01770 0.00298 0.00478 0.04070 -0.01318 -0.01023 0.06542 0.01554 0.03417 0.01941 0.02502 -0.02632 -0.00025 0.02216 -0.00132 0.01524 -0.00296 -0.07291 -0.01638 0.05399 -0.00995 -0.02096 -0.00281 0.00683 -0.03391 0.73292 0.00657 0.00861 0.00025 -0.02503 -0.00704 0.00452 0.06085 -0.01058
0.04661 -0.01374 0.02273 -0.04465 -0.02591 0.02856 -0.02705 0.04133 0.02085 0.02913 -0.04065 -0.03518 0.01524 -0.02867 -0.01461 0.01030 0.01259 -0.01210 0.00053 0.01316 0.00395 -0.02533 -0.03858 -0.00639 0.02826 0.01000 0.00174 0.01197 0.02578 -0.00162 0.03039 0.02270 -0.01051 -0.01649 0.01122 0.02004 0.01340 0.03046 0.00594 0.04027 -0.04645 -0.00657 0.89617 0.03600 0.05809 -0.00575 0.02345 -0.05279 0.03011 -0.06997
0.07188 0.02854 0.02091 0.07477 -0.04017 0.00259 -0.00908 0.02521 0.00100 0.01013 -0.03545 0.01519 0.00802 -0.02861 0.04903 -0.00896 0.01357 -0.00713 0.04376 -0.00188 -0.04242 0.01924 -0.03493 0.01097 0.01386 -0.00205 -0.04646 -0.01326 0.02669 0.01744 -0.01336 0.01466 0.02073 -0.04685 -0.03192 0.04005 -0.01042 -0.02035 -0.03763 0.00683 -0.04422 -0.00861 -0.03600 0.29300 0.01356 0.00087 0.04314 -0.01553 0.00749 0.00767
0.05208 -0.00168 0.02661 0.02642 -0.00113 0.02964 -0.02191 0.00460 -0.02244 0.01003 -0.01347 -0.01265 -0.00039 -0.04752 0.01044 -0.03284 0.01954 0.00476 0.03082 -0.02391 -0.02540 -0.02211 -0.00187 0.02208 0.04591 0.00188 0.00267 -0.00204 0.03142 0.01649 0.04375 0.04092 0.00757 -0.05052 -0.01313 0.03302 -0.04538 0.01300 -0.02551 0.01935 -0.01877 -0.00025 -0.05809 -0.01356 0.54942 0.01938 0.04775 -0.04659 0.05816 -0.02303
-0.00296 0.02180 0.04586 0.00040 -0.00971 -0.00298 0.01244 0.00173 0.03539 0.03952 -0.00938 -0.01508 0.00501 0.04309 0.04165 0.03260 0.02792 -0.02541 0.02847 0.02217 -0.04123 -0.02994 0.03443 -0.01497 -0.05401 0.01870 -0.04374 -0.00129 0.03916 -0.02175 0.00186 0.01007 0.00719 -0.00774 0.01380 0.03559 -0.03407 -0.00062 0.00063 0.05714 -0.03792 0.02503 0.00575 -0.00087 -0.01938 0.30940 -0.01319 -0.02390 -0.01961 0.01765
-0.03043 -0.03292 -0.03120 0.05125 0.04547 0.01259 -0.00707 -0.04062 -0.00593 -0.03309 0.03065 -0.05624 0.04037 0.02875 0.00282 -0.02003 0.01393 -0.01952 -0.03836 -0.02744 0.00294 0.02341 -0.02715 -0.04320 -0.01872 -0.03092 -0.02928 0.02985 0.02785 0.01547 -0.01245 -0.01874 0.02035 0.08095 0.03288 -0.03873 -0.00641 0.01304 -0.01679 -0.01769 0.02929 0.00704 -0.02345 -0.04314 -0.04775 0.01319 0.77215 -0.01731 -0.06268 0.01300
0.01253 0.03107 0.01275 0.01347 -0.02681 0.00952 0.00413 0.03656 0.01869 -0.01192 -0.00639 0.00367 0.00755 -0.04175 0.05765 -0.01681 0.00443 -0.01099 0.05243 -0.00825 -0.03366 -0.00964 -0.02137 -0.00322 -0.00509 0.00431 -0.03073 0.02081 0.02171 -0.03246 0.01172 0.01589 -0.00005 0.00417 -0.03880 0.02239 -0.05366 0.01449 -0.01670 0.05269 -0.05283 -0.00452 0.05279 0.01553 0.04659 0.02390 0.01731 0.85099 -0.02041 -0.01900
0.00924 0.01583 0.04853 0.00644 0.01271 0.04730 0.00321 -0.01360 -0.00057 0.06368 -0.00422 0.00145 -0.02325 -0.03702 0.00318 -0.01577 -0.01210 0.08199 0.01096 -0.05631 0.00760 -0.03829 0.01466 -0.02406 0.04808 0.02884 0.04967 0.03052 -0.00731 0.03699 0.00687 0.00956 -0.01658 -0.01405 -0.03422 0.01610 0.00589 0.04376 -0.03075 -0.03911 0.02285 -0.06085 -0.03011 -0.00749 -0.05816 0.01961 0.06268 0.02041 0.14219 0.10856
-0.01975 0.04104 -0.04198 0.01862 0.01636 -0.05250 0.04047 -0.02973 0.01017 -0.03617 0.01955 -0.01014 -0.02249 0.02529 0.01335 0.01815 0.00851 -0.00794 -0.01762 0.02635 -0.02239 0.01693 -0.00548 0.00040 -0.05107 -0.03170 -0.07463 -0.05596 0.01428 -0.03195 -0.02075 -0.02471 0.00585 -0.01172 -0.02181 0.00638 -0.02818 -0.04115 -0.04849 -0.00363 0.03347 0.01058 0.06997 -0.00767 0.02303 -0.01765 -0.01300 0.01900 -0.10856 0.88004
