0.23156 0.03570 0.00002 0.07456 0.03752 -0.03876 -0.01010 -0.01552 -0.00121 -0.00109 -0.02255 -0.03835 0.00286 0.01337 -0.00658 0.00856 0.02155 -0.01053 0.04433 -0.05637 0.02127 0.02136 0.00369 -0.05244 0.02199 0.02491 -0.01572 -0.04910 0.06986 0.04884 0.00915 -0.04318 0.01147 -0.01607 -0.06497 0.02525 -0.03201 0.00472 0.00985 0.04047 -0.07453 -0.05036 -0.06830 -0.08984 -0.07782 0.03280 0.03089 -0.01461 0.03162 0.02385
-0.03570 0.64339 -0.05425 0.03853 0.05982 0.03672 0.04317 -0.00116 -0.01663 -0.03298 0.10662 -0.02218 0.07173 -0.02472 0.06751 0.08608 0.01123 0.00905 -0.02990 -0.05443 -0.08173 0.01994 0.01486 0.00620 -0.02692 -0.01505 -0.03360 -0.04119 0.01354 0.02833 0.00407 -0.00773 0.02622 -0.04258 0.00325 0.05359 0.00242 -0.03249 -0.02031 0.05495 0.05029 -0.07035 -0.02188 -0.04396 0.02019 -0.03782 0.00235 0.00921 -0.00218 -0.01522
-0.00002 0.05425 0.14868 0.00636 0.02249 -0.05963 0.06120 -0.00909 0.07686 0.03941 -0.07556 -0.00838 0.05746 0.03861 0.06061 0.07543 0.05068 0.00451 0.05419 -0.03701 -0.03742 -0.02135 0.04077 -0.01880 -0.06378 0.00434 -0.00611 0.00051 0.07458 0.04954 0.01603 -0.01371 0.01970 -0.03303 -0.00653 0.06691 -0.06292 -0.03886 -0.05918 0.04878 -0.07724 -0.03713 -0.02758 -0.00821 -0.01200 -0.04879 0.04608 -0.03971 -0.05987 0.05790
-0.07456 -0.03853 -0.00636 0.66633 0.04191 -0.00062 -0.01220 -0.01631 0.01565 0.06152 0.07335 0.04447 -0.01901 0.04545 -0.03220 0.01456 -0.00109 -0.01954 -0.05399 0.03961 0.00734 0.07047 -0.01207 -0.08456 0.04752 -0.00693 -0.02022 0.01299 -0.03206 -0.01387 -0.02002 -0.01472 -0.04285 0.03807 0.07129 0.02771 0.03689 -0.03145 -0.02333 -0.02205 0.04820 0.04827 0.05649 -0.07046 -0.03163 0.02070 -0.04823 -0.01522 0.03337 -0.00294
-0.03752 -0.05982 -0.02249 -0.04191 0.42072 -0.01969 -0.04449 -0.03359 0.01217 -0.01642 0.05429 -0.03313 -0.03818 0.01016 -0.05936 -0.04816 0.01081 -0.00335 -0.05800 0.03801 0.07443 -0.04375 0.01955 0.05078 -0.01990 -0.00802 0.05424 -0.01021 -0.02077 0.04245 0.04130 -0.00450 -0.01300 0.07185 -0.00892 -0.03508 -0.00822 0.03727 0.15022 -0.08228 0.04207 0.05768 0.05371 0.02388 -0.00609 0.01975 -0.05665 0.00974 -0.00606 -0.02782
0.03876 -0.03672 0.05963 0.00062 0.01969 0.64146 -0.07284 0.03657 0.02832 0.05647 -0.04207 -0.02748 -0.04760 0.01046 0.01654 -0.01005 -0.00161 -0.03823 0.02960 -0.02681 -0.00799 -0.08209 -0.00527 -0.02031 -0.00100 0.04010 -0.00339 -0.02771 0.01271 0.02501 0.00742 0.06159 0.08431 0.01288 -0.03737 0.00340 -0.02081 0.03185 0.04737 -0.01609 -0.03412 0.03615 0.00209 0.00161 -0.02971 0.02390 -0.01023 -0.02030 -0.04968 0.06028
0.01010 -0.04317 -0.06120 0.01220 0.04449 0.07284 0.43947 -0.03114 -0.07772 -0.09412 0.03828 -0.01906 0.03381 -0.06996 -0.05675 -0.00771 -0.01577 0.03105 0.00189 -0.04472 0.04334 -0.02965 -0.01790 0.04539 -0.11452 -0.02107 0.04948 0.01465 -0.01323 0.04925 0.00706 -0.00433 -0.00653 0.00983 -0.03225 -0.04717 0.00306 -0.00907 0.08198 0.00008 0.02396 -0.00768 0.02886 -0.00668 0.02232 -0.06170 -0.00931 0.00164 -0.06402 -0.05747
0.01552 0.00116 0.00909 0.01631 0.03359 -0.03657 0.03114 0.60497 0.03157 0.02842 -0.03986 -0.01794 0.00393 0.00320 0.01046 0.05319 0.04425 -0.01259 0.04161 -0.04338 -0.00256 0.01037 0.05914 -0.03964 0.00078 0.01378 -0.02082 -0.03579 0.05008 0.09652 0.00781 -0.02993 0.03357 0.00371 -0.05636 0.03734 -0.05242 -0.04472 0.00755 0.07864 -0.06282 -0.05116 -0.04577 -0.02801 -0.00619 0.03188 0.04740 -0.04575 0.05840 0.05207
0.00121 0.01663 -0.07686 -0.01565 -0.01217 -0.02832 0.07772 -0.03157 0.80326 -0.06419 0.02678 -0.00770 0.05060 0.02310 -0.03978 -0.03829 0.01904 -0.04202 -0.00428 0.01552 0.01560 0.01209 0.01285 0.01127 -0.02445 -0.04059 0.05290 0.01664 -0.00745 -0.01601 -0.00592 -0.04449 0.00308 0.06702 0.00642 -0.03025 0.00426 -0.05896 0.02526 -0.05802 0.02823 0.06222 -0.00835 0.01365 0.01484 -0.04635 0.02257 -0.06338 -0.05804 -0.02473
0.00109 0.03298 -0.03941 -0.06152 0.01642 -0.05647 0.09412 -0.02842 0.06419 0.27934 -0.03371 -0.06869 0.08526 -0.02828 0.00781 0.04671 0.01180 0.05515 0.02941 -0.02927 0.01793 -0.15097 -0.00298 0.04632 -0.08956 -0.00336 0.00456 0.01245 0.03612 0.01491 0.00555 0.00252 0.01707 0.03624 -0.06245 0.03552 0.01103 0.05033 0.01405 0.03490 -0.03810 -0.07406 -0.06774 -0.00447 0.00767 -0.08970 0.02366 0.02053 -0.13307 0.02942
0.02255 -0.10662 0.07556 -0.07335 -0.05429 0.04207 -0.03828 0.03986 -0.02678 0.03371 0.96773 -0.03721 -0.02302 -0.02319 -0.00335 -0.02881 -0.00692 0.05117 -0.01523 0.01285 0.08955 -0.04744 -0.08167 0.03918 0.04073 0.00758 0.06221 0.05066 -0.00123 -0.01698 0.02095 0.04671 -0.02039 0.02703 0.03801 0.01112 -0.01025 0.02174 0.05096 0.05685 -0.06469 0.01667 0.05060 0.04371 0.04131 0.02591 -0.04457 0.02496 0.01459 -0.00131
0.03835 0.02218 0.00838 -0.04447 0.03313 0.02748 0.01906 0.01794 0.00770 0.06869 0.03721 0.26127 0.00600 -0.06248 0.00784 -0.05565 -0.03499 0.06393 0.02358 0.00822 -0.03605 -0.07633 -0.08369 0.01182 -0.02202 -0.00965 0.00417 0.02614 0.00179 0.02879 0.00827 0.06632 0.00318 -0.04050 -0.06805 0.10828 0.03757 0.01564 -0.00572 0.05988 -0.00670 0.00485 0.01925 0.02653 0.05867 -0.03274 0.06018 0.00016 -0.11165 0.02497
-0.00286 -0.07173 -0.05746 0.01901 0.03818 0.04760 -0.03381 -0.00393 -0.05060 -0.08526 0.02302 -0.00600 0.57579 -0.05883 0.00356 -0.00544 -0.03606 -0.02574 -0.02158 0.03165 -0.00182 0.02943 -0.06964 0.02098 -0.00982 -0.05699 -0.01176 0.00347 -0.02679 0.00975 -0.02285 0.02392 -0.00205 0.00535 0.01981 0.00993 0.02927 -0.06741 0.03422 -0.02462 0.04099 0.06247 -0.00997 -0.01933 0.02189 -0.01630 -0.05110 0.00111 0.03619 0.03937
-0.01337 0.02472 -0.03861 -0.04545 -0.01016 -0.01046 0.06996 -0.00320 -0.02310 0.02828 0.02319 0.06248 0.05883 0.17025 -0.02945 -0.00451 -0.01893 0.04543 -0.01669 0.05658 -0.03555 -0.01722 0.00371 -0.01115 -0.01667 -0.07843 0.08088 0.01645 -0.00455 0.01209 0.00069 0.01837 0.02088 -0.01868 0.04321 -0.02307 -0.02270 -0.05615 -0.05263 0.00796 0.02769 0.07545 0.03257 0.07677 0.08370 -0.06934 -0.01303 0.01594 -0.05270 -0.00691
0.00658 -0.06751 -0.06061 0.03220 0.05936 -0.01654 0.05675 -0.01046 0.03978 -0.00781 0.00335 -0.00784 -0.00356 0.02945 0.68799 0.04178 0.03582 -0.03423 -0.02142 0.01854 -0.05142 -0.00296 0.02692 -0.01341 -0.03748 -0.01618 0.01378 -0.04383 0.01857 0.08547 -0.01532 -0.03576 0.03735 -0.00076 0.02379 0.08033 -0.01501 -0.05688 0.04274 -0.00877 0.03424 0.00023 0.03588 -0.04684 -0.01344 -0.04574 0.00804 -0.07645 -0.02886 -0.01064
-0.00856 -0.08608 -0.07543 -0.01456 0.04816 0.01005 0.00771 -0.05319 0.03829 -0.04671 0.02881 0.05565 0.00544 0.00451 -0.04178 0.32105 -0.00678 -0.00807 -0.02313 -0.04832 -0.00026 0.04926 -0.05928 -0.02821 0.00385 -0.02676 0.06692 0.04199 -0.00811 0.08864 -0.00041 0.01554 -0.00683 -0.00341 0.02035 -0.02914 0.00356 -0.08985 0.02945 -0.06836 0.02371 0.02114 0.03429 0.01091 0.06507 0.01008 0.02700 -0.00422 0.06714 0.02636
-0.02155 -0.01123 -0.05068 0.00109 -0.01081 0.00161 0.01577 -0.04425 -0.01904 -0.01180 0.00692 0.03499 0.03606 0.01893 -0.03582 0.00678 1.03107 -0.00198 -0.00391 0.03186 -0.02003 -0.00841 -0.01047 -0.00981 0.00546 -0.01142 -0.01964 -0.03404 -0.00417 0.03014 -0.01419 -0.02257 -0.02040 0.01849 0.03723 -0.00724 -0.01629 -0.01771 0.01812 -0.01098 0.01969 0.01489 -0.02014 -0.01183 -0.02391 -0.02992 -0.01276 -0.00270 0.01754 -0.00585
0.01053 -0.00905 -0.00451 0.01954 0.00335 0.03823 -0.03105 0.01259 0.04202 -0.05515 -0.05117 -0.06393 0.02574 -0.04543 0.03423 0.00807 0.00198 0.72590 0.00065 -0.01668 -0.02099 -0.05409 -0.01918 0.02220 -0.05676 0.02770 -0.00940 -0.00729 0.01641 -0.00253 0.01355 0.04275 0.05886 0.03850 -0.03352 0.00642 0.01022 0.12152 0.00233 0.02222 -0.01295 -0.02179 -0.00765 -0.00416 -0.01236 -0.00540 0.01236 0.02610 -0.12741 -0.01542
-0.04433 0.02990 -0.05419 0.05399 0.05800 -0.02960 -0.00189 -0.04161 0.00428 -0.02941 0.01523 -0.02358 0.02158 0.01669 0.02142 0.02313 0.00391 -0.00065 1.02672 -0.04290 -0.04082 0.06139 0.03005 -0.04647 -0.02428 -0.05063 -0.01697 -0.03615 -0.01270 -0.00162 -0.06510 -0.06099 0.04042 -0.04489 -0.03261 0.01497 0.02232 -0.03547 -0.05652 -0.01525 0.03238 -0.00297 0.00088 -0.03599 -0.02629 -0.02080 0.04596 -0.06000 -0.01852 0.02089
0.05637 0.05443 0.03701 -0.03961 -0.03801 0.02681 0.04472 0.04338 -0.01552 0.02927 -0.01285 -0.00822 -0.03165 -0.05658 -0.01854 0.04832 -0.03186 0.01668 0.04290 0.53292 -0.00898 0.00438 0.07600 0.07520 -0.02965 0.01843 0.00005 -0.02443 -0.03241 0.01077 -0.05179 -0.00163 -0.02425 -0.06022 -0.04407 0.05844 0.03049 0.01373 0.05832 0.02642 -0.03109 -0.06829 -0.02236 -0.01859 0.00440 -0.04439 0.01047 0.04188 0.02977 -0.05643
-0.02127 0.08173 0.03742 -0.00734 -0.07443 0.00799 -0.04334 0.00256 -0.01560 -0.01793 -0.08955 0.03605 0.00182 0.03555 0.05142 0.00026 0.02003 0.02099 0.04082 0.00898 0.66090 0.05767 -0.01659 -0.00640 0.00201 0.02713 -0.04975 0.03992 -0.01655 -0.08172 0.01880 -0.00462 -0.05317 0.05063 0.03035 -0.04332 0.01623 0.02150 -0.03863 0.03983 -0.03564 -0.00361 -0.01757 0.04289 0.01466 0.06538 0.00517 0.05144 0.05707 0.02403
-0.02136 -0.01994 0.02135 -0.07047 0.04375 0.08209 0.02965 -0.01037 -0.01209 0.15097 0.04744 0.07633 -0.02943 0.01722 0.00296 -0.04926 0.00841 0.05409 -0.06139 -0.00438 -0.05767 0.23709 -0.03174 -0.03718 0.08585 -0.05638 0.05742 0.07275 -0.03108 0.05027 0.03111 0.07394 -0.03320 -0.01857 0.05292 -0.01305 0.04058 -0.04916 -0.03584 -0.04607 0.04525 0.04807 0.05833 0.03864 0.07917 0.03820 -0.00258 -0.02648 0.02881 0.03929
-0.00369 -0.01486 -0.04077 0.01207 -0.01955 0.00527 0.01790 -0.05914 -0.01285 0.00298 0.08167 0.08369 0.06964 -0.00371 -0.02692 0.05928 0.01047 0.01918 -0.03005 -0.07600 0.01659 0.03174 0.46125 -0.08404 0.03380 -0.03918 0.00242 0.04440 0.01657 0.03586 -0.00461 0.00523 0.03793 -0.00626 0.01765 -0.09786 -0.03961 -0.04077 -0.03642 0.02068 0.01053 -0.04174 0.03741 0.06785 0.00569 -0.00533 0.05576 -0.00140 0.01332 0.04003
0.05244 -0.00620 0.01880 0.08456 -0.05078 0.02031 -0.04539 0.03964 -0.01127 -0.04632 -0.03918 -0.01182 -0.02098 0.01115 0.01341 0.02821 0.00981 -0.02220 0.04647 -0.07520 0.00640 0.03718 0.08404 0.07892 0.00063 0.06525 0.00828 -0.05222 0.00142 0.01375 -0.00856 -0.02995 0.03411 0.03792 -0.04865 -0.03118 -0.02736 0.00411 0.05633 -0.00934 -0.03536 -0.03538 0.02661 -0.05424 -0.08877 0.06695 0.03945 0.00852 0.12551 -0.01961
-0.02199 0.02692 0.06378 -0.04752 0.01990 0.00100 0.11452 -0.00078 0.02445 0.08956 -0.04073 0.02202 0.00982 0.01667 0.03748 -0.00385 -0.00546 0.05676 0.02428 0.02965 -0.00201 -0.08585 -0.03380 -0.00063 0.12835 -0.02766 -0.02366 0.02697 -0.00676 0.02200 -0.01907 0.06779 -0.00736 0.00342 0.00188 0.01596 0.01510 0.00968 -0.08848 0.05366 -0.00759 -0.01781 -0.04623 0.02330 -0.02160 -0.02005 0.02930 0.00549 -0.15263 0.06044
-0.02491 0.01505 -0.00434 0.00693 0.00802 -0.04010 0.02107 -0.01378 0.04059 0.00336 -0.00758 0.00965 0.05699 0.07843 0.01618 0.02676 0.01142 -0.02770 0.05063 -0.01843 -0.02713 0.05638 0.03918 -0.06525 0.02766 0.13886 -0.01342 0.00940 0.03165 0.02237 -0.00350 0.00336 0.00857 -0.00605 -0.01125 0.01381 -0.04566 -0.08191 -0.04072 0.04087 -0.05296 -0.00820 -0.00077 0.01236 0.00618 0.03323 0.04492 -0.02750 0.03734 0.06694
0.01572 0.03360 0.00611 0.02022 -0.05424 0.00339 -0.04948 0.02082 -0.05290 -0.00456 -0.06221 -0.00417 0.01176 -0.08088 -0.01378 -0.06692 0.01964 0.00940 0.01697 -0.00005 0.04975 -0.05742 -0.00242 -0.00828 0.02366 0.01342 0.62323 0.02956 -0.02266 -0.03390 0.00541 0.00607 0.09498 0.01266 -0.04779 -0.05645 0.00615 0.07095 -0.03469 0.03182 0.01039 -0.02466 -0.02549 0.05651 -0.02386 0.02119 0.02512 0.03582 -0.11951 0.04364
0.04910 0.04119 -0.00051 -0.01299 0.01021 0.02771 -0.01465 0.03579 -0.01664 -0.01245 -0.05066 -0.02614 -0.00347 -0.01645 0.04383 -0.04199 0.03404 0.00729 0.03615 0.02443 -0.03992 -0.07275 -0.04440 0.05222 -0.02697 -0.00940 -0.02956 0.61006 0.02214 -0.02773 0.03913 0.01904 0.06551 0.00194 -0.06664 0.02280 0.00935 0.02491 0.01969 0.03393 -0.07417 0.03125 -0.02894 0.02543 0.02127 -0.02855 -0.02783 -0.02765 -0.09484 0.05637
-0.06986 -0.01354 -0.07458 0.03206 0.02077 -0.01271 0.01323 -0.05008 0.00745 -0.03612 0.00123 -0.00179 0.02679 0.00455 -0.01857 0.00811 0.00417 -0.01641 0.01270 0.03241 0.01655 0.03108 -0.01657 -0.00142 0.00676 -0.03165 0.02266 -0.02214 1.03868 0.02617 -0.03167 -0.02048 -0.02494 0.01817 0.04162 -0.00394 -0.00719 -0.02795 0.00717 0.00070 0.03542 -0.00225 -0.03253 -0.02617 -0.02978 -0.03279 -0.02617 -0.02695 0.01107 -0.00765
-0.04884 -0.02833 -0.04954 0.01387 -0.04245 -0.02501 -0.04925 -0.09652 0.01601 -0.01491 0.01698 -0.02879 -0.00975 -0.01209 -0.08547 -0.08864 -0.03014 0.00253 0.00162 -0.01077 0.08172 -0.05027 -0.03586 -0.01375 -0.02200 -0.02237 0.03390 0.02773 -0.02617 0.53216 -0.04106 0.01541 -0.01650 0.02516 -0.00119 -0.06292 -0.02545 0.03700 0.02121 -0.08054 0.01998 0.00457 0.02224 -0.01644 -0.02097 0.00064 -0.01836 0.00374 -0.08578 0.00470
-0.00915 -0.00407 -0.01603 0.02002 -0.04130 -0.00742 -0.00706 -0.00781 0.00592 -0.00555 -0.02095 -0.00827 0.02285 -0.00069 0.01532 0.00041 0.01419 -0.01355 0.06510 0.05179 -0.01880 -0.03111 0.00461 0.00856 0.01907 0.00350 -0.00541 -0.03913 0.03167 0.04106 1.02003 -0.01028 -0.00801 0.00250 0.02746 0.03958 -0.05516 -0.01871 -0.01934 0.05280 -0.05949 0.00672 -0.03181 0.00951 -0.04313 -0.00849 0.00890 -0.02187 -0.00780 0.02297
0.04318 0.00773 0.01371 0.01472 0.00450 -0.06159 0.00433 0.02993 0.04449 -0.00252 -0.04671 -0.06632 -0.02392 -0.01837 0.03576 -0.01554 0.02257 -0.04275 0.06099 0.00163 0.00462 -0.07394 -0.00523 0.02995 -0.06779 -0.00336 -0.00607 -0.01904 0.02048 -0.01541 0.01028 0.31180 0.01159 -0.02121 -0.04227 0.06597 -0.02503 0.02548 0.01033 0.01184 -0.03987 -0.01602 -0.02476 -0.02766 -0.05183 -0.04530 0.01288 -0.02391 -0.07197 -0.00803
-0.01147 -0.02622 -0.01970 0.04285 0.01300 -0.08431 0.00653 -0.03357 -0.00308 -0.01707 0.02039 -0.00318 0.00205 -0.02088 -0.03735 0.00683 0.02040 -0.05886 -0.04042 0.02425 0.05317 0.03320 -0.03793 -0.03411 0.00736 -0.00857 -0.09498 -0.06551 0.02494 0.01650 0.00801 -0.01159 0.60101 -0.08901 0.03161 0.03338 -0.01053 0.00714 -0.08764 0.05802 0.05940 -0.03033 -0.03176 -0.03797 -0.02201 -0.03102 -0.02615 0.00841 0.02545 -0.02522
0.01607 0.04258 0.03303 -0.03807 -0.07185 -0.01288 -0.00983 -0.00371 -0.06702 -0.03624 -0.02703 0.04050 -0.00535 0.01868 0.00076 0.00341 -0.01849 -0.03850 0.04489 0.06022 -0.05063 0.01857 0.00626 -0.03792 -0.00342 0.00605 -0.01266 -0.00194 -0.01817 -0.02516 -0.00250 0.02121 0.08901 0.36731 -0.01527 -0.06127 0.04963 -0.07095 0.02345 0.03805 -0.04175 0.08747 0.01939 0.06154 0.06304 0.04098 -0.07762 -0.00190 0.05195 0.05085
0.06497 -0.00325 0.00653 -0.07129 0.00892 0.03737 0.03225 0.05636 -0.00642 0.06245 -0.03801 0.06805 -0.01981 -0.04321 -0.02379 -0.02035 -0.03723 0.03352 0.03261 0.04407 -0.03035 -0.05292 -0.01765 0.04865 -0.00188 0.01125 0.04779 0.06664 -0.04162 0.00119 -0.02746 0.04227 -0.03161 0.01527 0.85756 -0.00187 0.03419 -0.02580 0.04164 -0.04432 -0.05239 0.04166 0.00806 0.05406 0.03482 -0.03362 -0.02494 0.03656 -0.02682 0.02669
-0.02525 -0.05359 -0.06691 -0.02771 0.03508 -0.00340 0.04717 -0.03734 0.03025 -0.03552 -0.01112 -0.10828 -0.00993 0.02307 -0.08033 0.02914 0.00724 -0.00642 -0.01497 -0.05844 0.04332 0.01305 0.09786 0.03118 -0.01596 -0.01381 0.05645 -0.02280 0.00394 0.06292 -0.03958 -0.06597 -0.03338 0.06127 0.00187 0.40754 -0.04398 0.01336 0.09044 -0.01820 0.03777 -0.06176 0.00469 -0.07351 -0.04931 -0.02777 0.02451 -0.02936 0.01481 -0.02189
0.03201 -0.00242 0.06292 -0.03689 0.00822 0.02081 -0.00306 0.05242 -0.00426 -0.01103 0.01025 -0.03757 -0.02927 0.02270 0.01501 -0.00356 0.01629 -0.01022 -0.02232 -0.03049 -0.01623 -0.04058 0.03961 0.02736 -0.01510 0.04566 -0.00615 -0.00935 0.00719 0.02545 0.05516 0.02503 0.01053 -0.04963 -0.03419 0.04398 0.95900 0.00077 -0.01532 -0.07289 -0.00693 0.00061 -0.01287 0.00477 0.06650 0.05167 -0.00541 0.07687 0.02430 0.04795
-0.00472 0.03249 0.03886 0.03145 -0.03727 -0.03185 0.00907 0.04472 0.05896 -0.05033 -0.02174 -0.01564 0.06741 0.05615 0.05688 0.08985 0.01771 -0.12152 0.03547 -0.01373 -0.02150 0.04916 0.04077 -0.00411 -0.00968 0.08191 -0.07095 -0.02491 0.02795 -0.03700 0.01871 -0.02548 -0.00714 0.07095 0.02580 -0.01336 -0.00077 0.40718 0.00767 0.01880 -0.01205 -0.00149 -0.03868 0.00137 -0.03692 0.05459 -0.01410 0.00408 0.04471 0.04619
-0.00985 0.02031 0.05918 0.02333 -0.15022 -0.04737 -0.08198 -0.00755 -0.02526 -0.01405 -0.05096 0.00572 -0.03422 0.05263 -0.04274 -0.02945 -0.01812 -0.00233 0.05652 -0.05832 0.03863 0.03584 0.03642 -0.05633 0.08848 0.04072 0.03469 -0.01969 -0.00717 -0.02121 0.01934 -0.01033 0.08764 -0.02345 -0.04164 -0.09044 0.01532 -0.00767 0.24668 -0.02948 -0.04913 0.01825 0.01661 0.03930 0.01511 0.08277 0.01949 0.01006 0.15241 0.09432
-0.04047 -0.05495 -0.04878 0.02205 0.08228 0.01609 -0.00008 -0.07864 0.05802 -0.03490 -0.05685 -0.05988 0.02462 -0.00796 0.00877 0.06836 0.01098 -0.02222 0.01525 -0.02642 -0.03983 0.04607 -0.02068 0.00934 -0.05366 -0.04087 -0.03182 -0.03393 -0.00070 0.08054 -0.05280 -0.01184 -0.05802 -0.03805 0.04432 0.01820 0.07289 -0.01880 0.02948 0.90873 -0.00827 -0.02364 -0.03972 -0.02723 0.00776 -0.06633 0.00413 -0.04346 0.07796 0.02174
0.07453 -0.05029 0.07724 -0.04820 -0.04207 0.03412 -0.02396 0.06282 -0.02823 0.03810 0.06469 0.00670 -0.04099 -0.02769 -0.03424 -0.02371 -0.01969 0.01295 -0.03238 0.03109 0.03564 -0.04525 -0.01053 0.03536 0.00759 0.05296 -0.01039 0.07417 -0.03542 -0.01998 0.05949 0.03987 -0.05940 0.04175 0.05239 -0.03777 0.00693 0.01205 0.04913 0.00827 1.00548 0.03168 0.05133 0.04677 0.01851 0.04586 -0.03113 0.07048 -0.01073 -0.03607
0.05036 0.07035 0.03713 -0.04827 -0.05768 -0.03615 0.00768 0.05116 -0.06222 0.07406 -0.01667 -0.00485 -0.06247 -0.07545 -0.00023 -0.02114 -0.01489 0.02179 0.00297 0.06829 0.00361 -0.04807 0.04174 0.03538 0.01781 0.00820 0.02466 -0.03125 0.00225 -0.00457 -0.00672 0.01602 0.03033 -0.08747 -0.04166 0.06176 -0.00061 0.00149 -0.01825 0.02364 -0.03168 0.69884 -0.01477 0.02534 -0.00531 -0.05989 -0.00927 0.00695 -0.02065 -0.03600
0.06830 0.02188 0.02758 -0.05649 -0.05371 -0.00209 -0.02886 0.04577 0.00835 0.06774 -0.05060 -0.01925 0.00997 -0.03257 -0.03588 -0.03429 0.02014 0.00765 -0.00088 0.02236 0.01757 -0.05833 -0.03741 -0.02661 0.04623 0.00077 0.02549 0.02894 0.03253 -0.02224 0.03181 0.02476 0.03176 -0.01939 -0.00806 -0.00469 0.01287 0.03868 -0.01661 0.03972 -0.05133 0.01477 0.87127 0.07027 0.05502 -0.01356 0.04302 -0.07761 -0.02857 -0.07745
0.08984 0.04396 0.00821 0.07046 -0.02388 -0.00161 0.00668 0.02801 -0.01365 0.00447 -0.04371 -0.02653 0.01933 -0.07677 0.04684 -0.01091 0.01183 0.00416 0.03599 0.01859 -0.04289 -0.03864 -0.06785 0.05424 -0.02330 -0.01236 -0.05651 -0.02543 0.02617 0.01644 -0.00951 0.02766 0.03797 -0.06154 -0.05406 0.07351 -0.00477 -0.00137 -0.03930 0.02723 -0.04677 -0.02534 -0.07027 0.25797 0.01740 -0.04006 0.03640 -0.00968 -0.05429 -0.01447
0.07782 -0.02019 0.01200 0.03163 0.00609 0.02971 -0.02232 0.00619 -0.01484 -0.00767 -0.04131 -0.05867 -0.02189 -0.08370 0.01344 -0.06507 0.02391 0.01236 0.02629 -0.00440 -0.01466 -0.07917 -0.00569 0.08877 0.02160 -0.00618 0.02386 -0.02127 0.02978 0.02097 0.04313 0.05183 0.02201 -0.06304 -0.03482 0.04931 -0.06650 0.03692 -0.01511 -0.00776 -0.01851 0.00531 -0.05502 -0.01740 0.51004 -0.01218 0.04678 -0.06506 0.00353 -0.05819
-0.03280 0.03782 0.04879 -0.02070 -0.01975 -0.02390 0.06170 -0.03188 0.04635 0.08970 -0.02591 0.03274 0.01630 0.06934 0.04574 -0.01008 0.02992 0.00540 0.02080 0.04439 -0.06538 -0.03820 0.00533 -0.06695 0.02005 -0.03323 -0.02119 0.02855 0.03279 -0.00064 0.00849 0.04530 0.03102 -0.04098 0.03362 0.02777 -0.05167 -0.05459 -0.08277 0.06633 -0.04586 0.05989 0.01356 0.04006 0.01218 0.28210 0.01305 -0.06629 -0.06503 0.04906
-0.03089 -0.00235 -0.04608 0.04823 0.05665 0.01023 0.00931 -0.04740 -0.02257 -0.02366 0.04457 -0.06018 0.05110 0.01303 -0.00804 -0.02700 0.01276 -0.01236 -0.04596 -0.01047 -0.00517 0.00258 -0.05576 -0.03945 -0.02930 -0.04492 -0.02512 0.02783 0.02617 0.01836 -0.00890 -0.01288 0.02615 0.07762 0.02494 -0.02451 0.00541 0.01410 -0.01949 -0.00413 0.03113 0.00927 -0.04302 -0.03640 -0.04678 -0.01305 0.76834 -0.02470 -0.12678 0.01218
0.01461 -0.00921 0.03971 0.01522 -0.00974 0.02030 -0.00164 0.04575 0.06338 -0.02053 -0.02496 -0.00016 -0.00111 -0.01594 0.07645 0.00422 0.00270 -0.02610 0.06000 -0.04188 -0.05144 0.02648 0.00140 -0.00852 -0.00549 0.02750 -0.03582 0.02765 0.02695 -0.00374 0.02187 0.02391 -0.00841 0.00190 -0.03656 0.02936 -0.07687 -0.00408 -0.01006 0.04346 -0.07048 -0.00695 0.07761 0.00968 0.06506 0.06629 0.02470 0.82427 0.05284 0.00693
-0.03162 0.00218 0.05987 -0.03337 0.00606 0.04968 0.06402 -0.05840 0.05804 0.13307 -0.01459 0.11165 -0.03619 0.05270 0.02886 -0.06714 -0.01754 0.12741 0.01852 -0.02977 -0.05707 -0.02881 -0.01332 -0.12551 0.15263 -0.03734 0.11951 0.09484 -0.01107 0.08578 0.00780 0.07197 -0.02545 -0.05195 0.02682 -0.01481 -0.02430 -0.04471 -0.15241 -0.07796 0.01073 0.02065 0.02857 0.05429 -0.00353 0.06503 0.12678 -0.05284 0.17670 0.17856
-0.02385 0.01522 -0.05790 0.00294 0.02782 -0.06028 0.05747 -0.05207 0.02473 -0.02942 0.00131 -0.02497 -0.03937 0.00691 0.01064 -0.02636 0.00585 0.01542 -0.02089 0.05643 -0.02403 -0.03929 -0.04003 0.01961 -0.06044 -0.06694 -0.04364 -0.05637 0.00765 -0.00470 -0.02297 0.00803 0.02522 -0.05085 -0.02669 0.02189 -0.04795 -0.04619 -0.09432 -0.02174 0.03607 0.03600 0.07745 0.01447 0.05819 -0.04906 -0.01218 -0.00693 -0.17856 0.84070
