0.44439 0.00512 -0.00065 0.01477 -0.07136 -0.00406 -0.00629 0.01247 -0.00665 -0.01548 -0.07591 0.02317 -0.04532 -0.04121 0.00371 -0.01799 0.03523 -0.03120 -0.01746 0.02049 -0.03880 0.00574 -0.00236 -0.02357 0.01520 -0.03074 -0.00398 0.04709 -0.00435 -0.02259 0.03206 0.00655 0.03304 0.00112 -0.01695 0.11354 -0.00793 -0.00508 0.01853 0.01027 -0.02159 -0.03597 0.00266 -0.01332 -0.01121 0.02755 0.01286 -0.02231 0.06632 -0.06789
-0.00512 0.55967 0.00619 -0.02990 -0.02274 0.01711 0.03072 0.02850 0.00241 0.00038 -0.03496 0.04045 -0.00442 0.01258 0.03795 -0.00944 0.01313 0.01736 -0.01506 0.01951 -0.05361 0.03922 0.00095 -0.00154 0.00071 -0.06543 -0.02930 0.02211 -0.04891 -0.00393 0.00479 0.02517 0.00359 -0.00231 -0.06476 0.01583 0.00177 -0.01835 0.00235 -0.04549 -0.02783 -0.01320 -0.01513 0.01125 -0.00154 0.01951 0.04027 -0.03948 -0.08967 0.01426
0.00065 -0.00619 0.46580 -0.03937 -0.02705 -0.04122 -0.01825 -0.02389 0.02324 0.01446 -0.04258 0.01123 -0.02966 -0.03475 0.00333 -0.01832 0.04218 -0.04933 -0.00225 -0.00468 -0.03458 -0.01224 -0.00675 0.00114 0.02354 -0.04679 -0.02021 0.01785 -0.00643 -0.02912 0.04462 0.01563 0.01750 -0.00881 0.00247 0.00401 0.00395 0.01889 0.00321 -0.01247 -0.01499 -0.04185 0.03810 0.04108 -0.02261 -0.01101 -0.00758 0.01402 -0.02708 -0.04744
-0.01477 0.02990 0.03937 0.73691 0.01692 0.04286 0.07276 0.03922 -0.01276 -0.06831 -0.04768 0.01659 0.03156 -0.05793 0.03766 -0.02958 0.06227 -0.01942 0.01867 -0.00220 0.00337 -0.00690 0.02035 -0.09419 0.00322 0.00319 -0.00978 -0.03017 -0.08073 0.01326 0.08460 -0.05053 0.04685 0.00373 0.09146 0.00405 0.03692 0.05830 0.02091 -0.03125 0.08051 0.00480 -0.03597 0.01803 -0.06298 0.01223 0.06569 0.03256 -0.07883 -0.08978
0.07136 0.02274 0.02705 -0.01692 0.01033 -0.02670 0.00932 0.03286 -0.03251 -0.00065 0.00171 -0.01367 0.02726 0.02328 0.03816 0.00215 0.00969 -0.00924 0.03529 -0.03687 0.03021 0.02570 -0.01448 0.00423 -0.03670 0.02732 -0.01932 -0.02033 -0.01533 -0.00968 -0.06993 -0.01005 -0.00765 -0.02453 0.00657 -0.05434 -0.04972 -0.01237 -0.01419 -0.01436 0.00572 0.04912 0.05048 0.01530 0.00009 -0.04141 -0.00756 0.02340 -0.06594 0.03134
0.00406 -0.01711 0.04122 -0.04286 0.02670 1.02922 -0.06111 -0.03903 0.00139 0.04033 0.05133 0.04107 -0.04827 -0.05847 -0.01744 0.08177 -0.00277 0.03776 -0.01611 0.06662 -0.03327 -0.04167 -0.04453 0.01055 0.08087 -0.04621 0.03435 0.04088 0.04403 0.09070 0.07318 0.05837 -0.03270 0.10654 -0.02228 -0.02264 0.07414 -0.06269 -0.09351 0.00072 -0.03895 -0.06789 0.04958 -0.06996 0.02821 0.01216 -0.08375 0.06079 0.00602 -0.04306
0.00629 -0.03072 0.01825 -0.07276 -0.00932 0.06111 0.46779 0.02065 -0.00970 0.03263 -0.01032 0.00114 0.02914 -0.01727 0.04846 -0.03406 -0.00105 0.00712 0.01299 -0.02102 -0.03432 -0.03152 -0.05062 0.03209 0.00551 -0.01103 -0.01482 -0.02766 -0.03493 0.03441 -0.01405 0.00175 0.03020 0.00115 0.01253 0.01523 0.01237 0.00330 -0.04089 -0.03537 0.05231 0.06532 0.02009 0.06369 0.02553 -0.02897 0.05072 -0.00317 -0.07134 0.00785
-0.01247 -0.02850 0.02389 -0.03922 -0.03286 0.03903 -0.02065 1.02780 0.04272 -0.02312 -0.02399 0.01997 -0.03866 -0.04150 0.02131 -0.00193 -0.02899 -0.02565 -0.03484 -0.02756 -0.02537 0.00604 0.02016 -0.01002 0.02752 -0.01878 0.00815 0.02780 -0.06298 0.01490 0.00630 -0.00726 -0.02230 -0.00236 -0.03880 0.02786 0.03816 0.03553 -0.01884 0.02299 -0.01550 0.01941 -0.03320 0.04403 0.00749 -0.00054 0.01580 0.02134 -0.02563 0.00331
0.00665 -0.00241 -0.02324 0.01276 0.03251 -0.00139 0.00970 -0.04272 0.95222 -0.00479 0.06935 -0.04106 -0.01040 0.01088 -0.02343 0.05791 -0.00218 0.03225 -0.01664 0.00484 -0.00381 -0.02430 -0.02469 -0.00947 0.02268 0.00273 0.01398 0.00508 0.02027 -0.00404 0.02386 -0.00095 -0.01718 -0.00127 0.01867 -0.02928 -0.00542 -0.00256 -0.05297 -0.02255 -0.00134 -0.03310 -0.05961 -0.05772 0.01229 0.00717 -0.00120 0.00225 0.01243 -0.02286
0.01548 -0.00038 -0.01446 0.06831 0.00065 -0.04033 -0.03263 0.02312 0.00479 0.75252 -0.02566 0.00839 -0.00098 0.03214 0.03638 -0.02285 0.00313 0.00701 0.03022 -0.03260 0.03855 0.04065 -0.02799 0.06041 -0.00755 0.03082 -0.01434 -0.01524 0.05487 0.00812 -0.01981 -0.02463 0.01997 0.02371 0.03136 0.03606 -0.02866 -0.01681 -0.01481 0.01072 0.02792 0.05427 0.02785 -0.01216 0.00284 -0.02337 -0.01478 -0.00158 0.00272 -0.00392
0.07591 0.03496 0.04258 0.04768 -0.00171 -0.05133 0.01032 0.02399 -0.06935 0.02566 0.15038 0.03873 0.02978 0.06814 0.01208 -0.01398 0.04616 0.00414 0.05054 -0.04245 0.02727 0.04750 0.01336 -0.02815 -0.03443 0.03476 -0.02918 -0.03561 0.00709 -0.03445 -0.04222 -0.00665 -0.00802 -0.00853 0.01242 -0.01605 -0.04599 -0.01653 -0.03103 -0.02417 0.00182 0.07408 0.04687 -0.02338 -0.02858 -0.04134 0.02732 -0.01793 -0.03254 0.03876
-0.02317 -0.04045 -0.01123 -0.01659 0.01367 -0.04107 -0.00114 -0.01997 0.04106 -0.00839 -0.03873 0.00000 0.01649 -0.04438 -0.01258 -0.04987 0.05029 -0.02404 0.01578 0.03512 -0.05116 -0.01861 0.01207 -0.02982 0.02692 -0.03104 0.02244 0.04252 0.02595 0.02266 0.05561 -0.00699 -0.02527 0.02229 0.00273 0.01190 -0.01884 0.01141 0.02138 -0.00644 -0.00356 -0.03905 -0.02769 -0.00290 -0.02503 0.03091 0.02314 0.04200 -0.00898 -0.07812
0.04532 0.00442 0.02966 -0.03156 -0.02726 0.04827 -0.02914 0.03866 0.01040 0.00098 -0.02978 -0.01649 0.39299 0.01016 0.01556 -0.02515 0.00083 -0.02691 -0.00869 -0.01300 0.00261 0.02341 -0.03802 0.03179 0.02611 0.01441 -0.02659 0.03527 -0.00510 0.02946 0.00948 0.03731 -0.02256 0.00927 -0.02328 0.03002 -0.00134 -0.00552 -0.02458 -0.03248 -0.07283 0.02732 0.02268 0.02824 0.00397 -0.03250 -0.00202 -0.02920 -0.03273 -0.00462
0.04121 -0.01258 0.03475 0.05793 -0.02328 0.05847 0.01727 0.04150 -0.01088 -0.03214 -0.06814 0.04438 -0.01016 0.66831 0.06553 0.01955 0.04379 -0.02343 0.01247 0.00868 0.01155 0.04779 0.00273 -0.00423 0.02749 0.05680 0.00396 -0.00921 -0.01958 0.00470 0.01787 -0.02379 0.04237 -0.00911 0.06508 0.04597 0.00339 -0.03429 0.00403 -0.02426 0.06989 0.03568 -0.01797 -0.01140 -0.00240 -0.02036 0.06035 -0.04919 -0.03750 -0.06393
-0.00371 -0.03795 -0.00333 -0.03766 -0.03816 0.01744 -0.04846 -0.02131 0.02343 -0.03638 -0.01208 0.01258 -0.01556 -0.06553 0.32360 -0.02210 -0.01362 -0.00814 -0.06785 0.00879 -0.04912 -0.05141 -0.00948 -0.01607 0.03975 -0.02410 -0.00517 0.01240 0.00452 -0.04164 0.06034 -0.01725 0.00345 0.01807 -0.04706 0.06072 0.02473 -0.03423 -0.00054 0.03895 -0.02403 -0.02471 -0.02647 0.00585 -0.01140 0.01802 -0.00404 0.03406 0.00049 -0.03512
0.01799 0.00944 0.01832 0.02958 -0.00215 -0.08177 0.03406 0.00193 -0.05791 0.02285 0.01398 0.04987 0.02515 -0.01955 0.02210 0.18140 0.02297 -0.01419 0.04592 -0.05489 0.00883 -0.00429 0.00033 -0.02126 -0.04183 0.01594 -0.03227 -0.03295 -0.03722 -0.04314 -0.02119 0.00100 0.06683 -0.01620 0.03314 -0.02664 0.00988 -0.00724 0.00542 -0.03192 0.03718 -0.00087 0.05658 0.01893 -0.00956 -0.02047 -0.01537 -0.01648 -0.04435 -0.01938
-0.03523 -0.01313 -0.04218 -0.06227 -0.00969 0.00277 0.00105 0.02899 0.00218 -0.00313 -0.04616 -0.05029 -0.00083 -0.04379 0.01362 -0.02297 0.23100 -0.04642 -0.02457 0.01289 -0.06865 0.00318 0.01385 0.00092 0.01504 -0.05669 -0.05411 0.01065 -0.03076 0.00905 0.04138 -0.01183 0.00699 0.00625 -0.04886 -0.00737 0.00136 -0.00008 0.01308 0.00915 -0.03910 -0.00082 -0.00762 0.03327 -0.01036 0.02408 -0.03544 0.01330 -0.01674 -0.01270
0.03120 -0.01736 0.04933 0.01942 0.00924 -0.03776 -0.00712 0.02565 -0.03225 -0.00701 -0.00414 0.02404 0.02691 0.02343 0.00814 0.01419 0.04642 0.27635 0.02602 -0.02701 0.07450 0.00293 -0.01873 0.00763 -0.02327 0.08541 -0.04378 -0.05217 0.00422 -0.04091 -0.04150 0.00608 0.01749 -0.02283 0.01214 0.00279 -0.03640 -0.02619 -0.02019 -0.04498 0.04429 0.03957 0.00428 -0.01528 0.00087 -0.05099 0.03942 0.02922 -0.03512 0.01718
0.01746 0.01506 0.00225 -0.01867 -0.03529 0.01611 -0.01299 0.03484 0.01664 -0.03022 -0.05054 -0.01578 0.00869 -0.01247 0.06785 -0.04592 0.02457 -0.02602 1.03396 -0.01340 -0.00501 0.01787 0.01501 -0.01244 -0.00050 0.00108 -0.03245 -0.00168 -0.01577 -0.03284 0.00026 -0.01757 0.00965 -0.01569 -0.00527 0.04748 -0.03484 -0.01406 0.01586 -0.01530 -0.01545 0.05620 -0.00710 0.03773 -0.02723 0.00384 0.02736 -0.00262 -0.01196 -0.01257
-0.02049 -0.01951 0.00468 0.00220 0.03687 -0.06662 0.02102 0.02756 -0.00484 0.03260 0.04245 -0.03512 0.01300 -0.00868 -0.00879 0.05489 -0.01289 0.02701 0.01340 0.34267 0.00244 -0.01038 -0.00318 0.02496 -0.04396 -0.02717 -0.04590 -0.02935 -0.02316 -0.00010 -0.01768 0.01113 0.07807 -0.00076 0.03222 -0.02134 0.02100 -0.05155 0.00763 -0.06334 0.02407 -0.02269 0.02999 0.02214 -0.01144 0.01636 0.01245 -0.02172 -0.03293 0.07011
0.03880 0.05361 0.03458 -0.00337 -0.03021 0.03327 0.03432 0.02537 0.00381 -0.03855 -0.02727 0.05116 -0.00261 -0.01155 0.04912 -0.00883 0.06865 -0.07450 0.00501 -0.00244 0.88513 0.00969 0.02383 -0.05880 -0.00297 0.00533 -0.02383 0.00740 -0.02902 -0.01474 0.00859 0.00487 -0.01421 -0.02775 0.04235 0.04720 0.02208 0.00942 0.02425 -0.02448 -0.00486 -0.02835 0.03499 0.00642 -0.03571 -0.03498 0.01382 -0.02916 -0.01499 -0.07746
-0.00574 -0.03922 0.01224 0.00690 -0.02570 0.04167 0.03152 -0.00604 0.02430 -0.04065 -0.04750 0.01861 -0.02341 -0.04779 0.05141 0.00429 -0.00318 -0.00293 -0.01787 0.01038 -0.00969 0.59841 -0.04837 -0.01970 0.01228 -0.00442 0.02754 0.04355 -0.04254 -0.00327 0.04611 -0.00404 -0.01563 0.02152 -0.00942 0.06307 0.01736 0.03071 0.00186 0.00596 0.00885 -0.05821 -0.04427 0.02168 -0.01884 -0.01988 0.03531 0.00290 -0.05827 -0.08494
0.00236 -0.00095 0.00675 -0.02035 0.01448 0.04453 0.05062 -0.02016 0.02469 0.02799 -0.01336 -0.01207 0.03802 -0.00273 0.00948 -0.00033 -0.01385 0.01873 -0.01501 0.00318 -0.02383 0.04837 0.56178 0.01133 0.02116 -0.00210 -0.00183 0.03700 0.00705 0.01584 0.02451 0.00776 -0.00478 0.01160 -0.05466 -0.02522 0.03009 -0.00260 -0.02927 -0.00219 -0.04149 0.02037 -0.01725 0.02066 0.01977 0.02408 -0.02529 -0.03485 0.01025 0.03758
0.02357 0.00154 -0.00114 0.09419 -0.00423 -0.01055 -0.03209 0.01002 0.00947 -0.06041 0.02815 0.02982 -0.03179 0.00423 0.01607 0.02126 -0.00092 -0.00763 0.01244 -0.02496 0.05880 0.01970 -0.01133 0.35039 0.00589 0.03693 0.04587 0.00647 0.03515 0.01186 0.00645 -0.04677 -0.03740 -0.00249 0.07250 0.03125 -0.00827 0.00245 0.00670 0.03178 -0.00525 0.01252 -0.00471 -0.04556 -0.05187 -0.03930 -0.03090 0.02697 0.05493 -0.03021
-0.01520 -0.00071 -0.02354 -0.00322 0.03670 -0.08087 -0.00551 -0.02752 -0.02268 0.00755 0.03443 -0.02692 -0.02611 -0.02749 -0.03975 0.04183 -0.01504 0.02327 0.00050 0.04396 0.00297 -0.01228 -0.02116 -0.00589 0.85809 -0.00608 0.03534 0.04163 0.01984 -0.00987 0.04436 0.03275 -0.04195 0.01680 -0.01108 -0.02818 -0.04053 -0.03379 0.00549 0.00494 -0.05630 -0.05878 0.01840 -0.04437 -0.01561 0.02672 -0.03519 -0.00213 0.02229 0.01228
0.03074 0.06543 0.04679 -0.00319 -0.02732 0.04621 0.01103 0.01878 -0.00273 -0.03082 -0.03476 0.03104 -0.01441 -0.05680 0.02410 -0.01594 0.05669 -0.08541 -0.00108 0.02717 -0.00533 0.00442 0.00210 -0.03693 0.00608 0.79190 -0.02219 0.00065 -0.02641 -0.00537 0.05357 0.00878 -0.02716 -0.02678 0.04414 0.04004 0.00520 0.04815 0.05257 -0.02169 -0.03167 -0.02403 0.03586 0.00733 -0.04025 -0.02183 0.02296 -0.03071 -0.00062 -0.07107
0.00398 0.02930 0.02021 0.00978 0.01932 -0.03435 0.01482 -0.00815 -0.01398 0.01434 0.02918 -0.02244 0.02659 -0.00396 0.00517 0.03227 0.05411 0.04378 0.03245 0.04590 0.02383 -0.02754 0.00183 -0.04587 -0.03534 0.02219 0.47848 -0.08487 -0.02483 -0.01403 0.00769 0.01688 0.00107 0.01787 0.03740 -0.03295 -0.02568 -0.00553 -0.01411 -0.07973 0.05371 -0.00543 -0.00227 -0.05325 -0.03299 -0.00174 0.08273 0.02457 -0.07353 0.01325
-0.04709 -0.02211 -0.01785 0.03017 0.02033 -0.04088 0.02766 -0.02780 -0.00508 0.01524 0.03561 -0.04252 -0.03527 0.00921 -0.01240 0.03295 -0.01065 0.05217 0.00168 0.02935 -0.00740 -0.04355 -0.03700 -0.00647 -0.04163 -0.00065 0.08487 0.67387 0.02040 -0.00735 -0.01547 0.00665 -0.00563 0.02370 0.04713 -0.01887 -0.02307 0.01393 -0.01221 0.02614 0.07500 -0.06499 -0.03820 -0.05462 0.02981 0.03481 0.05711 0.02908 -0.02550 0.00088
0.00435 0.04891 0.00643 0.08073 0.01533 -0.04403 0.03493 0.06298 -0.02027 -0.05487 -0.00709 -0.02595 0.00510 0.01958 -0.00452 0.03722 0.03076 -0.00422 0.01577 0.02316 0.02902 0.04254 -0.00705 -0.03515 -0.01984 0.02641 0.02483 -0.02040 0.49915 -0.00202 -0.00129 -0.02630 -0.03660 -0.00123 0.02758 -0.00421 -0.03451 -0.03236 0.00698 -0.01117 0.00384 0.01920 0.00111 -0.02619 -0.04802 0.02774 0.02797 0.01534 -0.04478 -0.06028
0.02259 0.00393 0.02912 -0.01326 0.00968 -0.09070 -0.03441 -0.01490 0.00404 -0.00812 0.03445 -0.02266 -0.02946 -0.00470 0.04164 0.04314 -0.00905 0.04091 0.03284 0.00010 0.01474 0.00327 -0.01584 -0.01186 0.00987 0.00537 0.01403 0.00735 0.00202 1.02451 -0.00500 -0.00739 -0.02564 0.03100 0.00893 -0.00994 -0.02042 -0.04420 -0.07486 -0.01445 -0.01191 0.04000 -0.00683 -0.03000 0.01205 0.02119 0.00359 0.04714 -0.03295 0.00881
-0.03206 -0.00479 -0.04462 -0.08460 0.06993 -0.07318 0.01405 -0.00630 -0.02386 0.01981 0.04222 -0.05561 -0.00948 -0.01787 -0.06034 0.02119 -0.04138 0.04150 -0.00026 0.01768 -0.00859 -0.04611 -0.02451 -0.00645 -0.04436 -0.05357 -0.00769 0.01547 0.00129 0.00500 0.83457 -0.00878 -0.04034 -0.01965 0.00927 -0.03020 -0.04177 0.02209 0.00165 0.02142 -0.02060 -0.05384 -0.06110 -0.00928 0.03158 0.03872 -0.01613 0.05306 -0.01114 0.04167
-0.00655 -0.02517 -0.01563 0.05053 0.01005 -0.05837 -0.00175 0.00726 0.00095 0.02463 0.00665 0.00699 -0.03731 0.02379 0.01725 -0.00100 0.01183 -0.00608 0.01757 -0.01113 -0.00487 0.00404 -0.00776 0.04677 -0.03275 -0.00878 -0.01688 -0.00665 0.02630 0.00739 0.00878 0.50788 0.06169 -0.01185 0.07811 -0.00193 0.03814 -0.02345 0.02085 0.00064 0.00982 -0.02326 0.02687 0.00150 0.02121 0.02407 -0.04179 -0.02701 0.02858 -0.02443
-0.03304 -0.00359 -0.01750 -0.04685 0.00765 0.03270 -0.03020 0.02230 0.01718 -0.01997 0.00802 0.02527 0.02256 -0.04237 -0.00345 -0.06683 -0.00699 -0.01749 -0.00965 -0.07807 0.01421 0.01563 0.00478 0.03740 0.04195 0.02716 -0.00107 0.00563 0.03660 0.02564 0.04034 -0.06169 0.66943 0.02560 -0.07333 -0.01187 -0.04104 -0.02171 -0.03547 0.01247 -0.05528 0.07277 -0.01989 0.00387 -0.00606 -0.00520 -0.00229 0.01083 0.01199 0.02355
-0.00112 0.00231 0.00881 -0.00373 0.02453 -0.10654 -0.00115 0.00236 0.00127 -0.02371 0.00853 -0.02229 -0.00927 0.00911 -0.01807 0.01620 -0.00625 0.02283 0.01569 0.00076 0.02775 -0.02152 -0.01160 0.00249 -0.01680 0.02678 -0.01787 -0.02370 0.00123 -0.03100 0.01965 0.01185 -0.02560 0.47060 -0.01927 -0.02541 -0.02872 -0.01191 0.00392 -0.01336 0.00951 -0.00680 0.00524 -0.01212 -0.00115 0.00933 0.00408 0.04011 -0.02047 0.01611
0.01695 0.06476 -0.00247 -0.09146 -0.00657 0.02228 -0.01253 0.03880 -0.01867 -0.03136 -0.01242 -0.00273 0.02328 -0.06508 0.04706 -0.03314 0.04886 -0.01214 0.00527 -0.03222 -0.04235 0.00942 0.05466 -0.07250 0.01108 -0.04414 -0.03740 -0.04713 -0.02758 -0.00893 -0.00927 -0.07811 0.07333 0.01927 0.56207 0.04335 -0.00181 0.01451 0.03099 -0.02770 -0.01094 0.03032 0.03018 0.00498 -0.05440 0.01833 0.05224 0.02959 -0.03963 -0.00478
-0.11354 -0.01583 -0.00401 -0.00405 0.05434 0.02264 -0.01523 -0.02786 0.02928 -0.03606 0.01605 -0.01190 -0.03002 -0.04597 -0.06072 0.02664 0.00737 -0.00279 -0.04748 0.02134 -0.04720 -0.06307 0.02522 -0.03125 0.02818 -0.04004 0.03295 0.01887 0.00421 0.00994 0.03020 0.00193 0.01187 0.02541 -0.04335 0.16492 0.03666 -0.03293 -0.01924 0.01476 -0.01457 -0.04805 -0.03628 -0.01597 -0.01154 0.08930 -0.00851 0.00821 0.07029 -0.00131
0.00793 -0.00177 -0.00395 -0.03692 0.04972 -0.07414 -0.01237 -0.03816 0.00542 0.02866 0.04599 0.01884 0.00134 -0.00339 -0.02473 -0.00988 -0.00136 0.03640 0.03484 -0.02100 -0.02208 -0.01736 -0.03009 0.00827 0.04053 -0.00520 0.02568 0.02307 0.03451 0.02042 0.04177 -0.03814 0.04104 0.02872 0.00181 -0.03666 0.89252 -0.00542 -0.04124 0.01215 0.01406 0.00625 -0.02327 -0.01827 0.04066 0.00240 0.01019 0.00228 0.00125 -0.01030
0.00508 0.01835 -0.01889 -0.05830 0.01237 0.06269 -0.00330 -0.03553 0.00256 0.01681 0.01653 -0.01141 0.00552 0.03429 0.03423 0.00724 0.00008 0.02619 0.01406 0.05155 -0.00942 -0.03071 0.00260 -0.00245 0.03379 -0.04815 0.00553 -0.01393 0.03236 0.04420 -0.02209 0.02345 0.02171 0.01191 -0.01451 0.03293 0.00542 0.02445 0.00009 -0.01093 0.02742 0.01843 -0.01352 -0.01128 0.00780 0.01647 0.01666 -0.00532 0.01014 0.05034
-0.01853 -0.00235 -0.00321 -0.02091 0.01419 0.09351 0.04089 0.01884 0.05297 0.01481 0.03103 -0.02138 0.02458 -0.00403 0.00054 -0.00542 -0.01308 0.02019 -0.01586 -0.00763 -0.02425 -0.00186 0.02927 -0.00670 -0.00549 -0.05257 0.01411 0.01221 -0.00698 0.07486 -0.00165 -0.02085 0.03547 -0.00392 -0.03099 0.01924 0.04124 -0.00009 0.29924 0.02421 -0.01432 0.00141 -0.01173 0.01023 0.01451 0.03562 -0.02173 -0.05092 0.03555 0.02552
-0.01027 0.04549 0.01247 0.03125 0.01436 -0.00072 0.03537 -0.02299 0.02255 -0.01072 0.02417 0.00644 0.03248 0.02426 -0.03895 0.03192 -0.00915 0.04498 0.01530 0.06334 0.02448 -0.00596 0.00219 -0.03178 -0.00494 0.02169 0.07973 -0.02614 0.01117 0.01445 -0.02142 -0.00064 -0.01247 0.01336 0.02770 -0.01476 -0.01215 0.01093 -0.02421 0.45309 0.05601 -0.01897 -0.02601 -0.06174 -0.00185 0.02211 0.04122 -0.00384 -0.00527 -0.00195
0.02159 0.02783 0.01499 -0.08051 -0.00572 0.03895 -0.05231 0.01550 0.00134 -0.02792 -0.00182 0.00356 0.07283 -0.06989 0.02403 -0.03718 0.03910 -0.04429 0.01545 -0.02407 0.00486 -0.00885 0.04149 0.00525 0.05630 0.03167 -0.05371 -0.07500 -0.00384 0.01191 0.02060 -0.00982 0.05528 -0.00951 0.01094 0.01457 -0.01406 -0.02742 0.01432 -0.05601 0.64604 0.04414 0.04047 0.01011 -0.03440 -0.03463 0.00477 0.01824 -0.00954 0.02009
0.03597 0.01320 0.04185 -0.00480 -0.04912 0.06789 -0.06532 -0.01941 0.03310 -0.05427 -0.07408 0.03905 -0.02732 -0.03568 0.02471 0.00087 0.00082 -0.03957 -0.05620 0.02269 0.02835 0.05821 -0.02037 -0.01252 0.05878 0.02403 0.00543 0.06499 -0.01920 -0.04000 0.05384 0.02326 -0.07277 0.00680 -0.03032 0.04805 -0.00625 -0.01843 -0.00141 0.01897 -0.04414 0.50405 -0.02211 -0.01432 -0.06374 -0.00415 -0.02542 0.03193 -0.00706 -0.07384
-0.00266 0.01513 -0.03810 0.03597 -0.05048 -0.04958 -0.02009 0.03320 0.05961 -0.02785 -0.04687 0.02769 -0.02268 0.01797 0.02647 -0.05658 0.00762 -0.00428 0.00710 -0.02999 -0.03499 0.04427 0.01725 0.00471 -0.01840 -0.03586 0.00227 0.03820 -0.00111 0.00683 0.06110 -0.02687 0.01989 -0.00524 -0.03018 0.03628 0.02327 0.01352 0.01173 0.02601 -0.04047 0.02211 0.48889 0.03765 -0.04255 -0.01363 -0.03161 -0.02012 0.01580 -0.02978
0.01332 -0.01125 -0.04108 -0.01803 -0.01530 0.06996 -0.06369 -0.04403 0.05772 0.01216 0.02338 0.00290 -0.02824 0.01140 -0.00585 -0.01893 -0.03327 0.01528 -0.03773 -0.02214 -0.00642 -0.02168 -0.02066 0.04556 0.04437 -0.00733 0.05325 0.05462 0.02619 0.03000 0.00928 -0.00150 -0.00387 0.01212 -0.00498 0.01597 0.01827 0.01128 -0.01023 0.06174 -0.01011 0.01432 -0.03765 0.15922 0.05934 -0.01448 -0.04832 0.02726 0.03395 0.01367
0.01121 0.00154 0.02261 0.06298 -0.00009 -0.02821 -0.02553 -0.00749 -0.01229 -0.00284 0.02858 0.02503 -0.00397 0.00240 0.01140 0.00956 0.01036 -0.00087 0.02723 0.01144 0.03571 0.01884 -0.01977 0.05187 0.01561 0.04025 0.03299 -0.02981 0.04802 -0.01205 -0.03158 -0.02121 0.00606 0.00115 0.05440 0.01154 -0.04066 -0.00780 -0.01451 0.00185 0.03440 0.06374 0.04255 -0.05934 0.52699 -0.01217 0.01722 -0.00850 0.00424 -0.00741
-0.02755 -0.01951 0.01101 -0.01223 0.04141 -0.01216 0.02897 0.00054 -0.00717 0.02337 0.04134 -0.03091 0.03250 0.02036 -0.01802 0.02047 -0.02408 0.05099 -0.00384 -0.01636 0.03498 0.01988 -0.02408 0.03930 -0.02672 0.02183 0.00174 -0.03481 -0.02774 -0.02119 -0.03872 -0.02407 0.00520 -0.00933 -0.01833 -0.08930 -0.00240 -0.01647 -0.03562 -0.02211 0.03463 0.00415 0.01363 0.01448 0.01217 0.46188 0.03139 0.02476 -0.09069 0.05557
-0.01286 -0.04027 0.00758 -0.06569 0.00756 0.08375 -0.05072 -0.01580 0.00120 0.01478 -0.02732 -0.02314 0.00202 -0.06035 0.00404 0.01537 0.03544 -0.03942 -0.02736 -0.01245 -0.01382 -0.03531 0.02529 0.03090 0.03519 -0.02296 -0.08273 -0.05711 -0.02797 -0.00359 0.01613 0.04179 0.00229 -0.00408 -0.05224 0.00851 -0.01019 -0.01666 0.02173 -0.04122 -0.00477 0.02542 0.03161 0.04832 -0.01722 -0.03139 0.69770 0.06004 -0.02907 0.00673
0.02231 0.03948 -0.01402 -0.03256 -0.02340 -0.06079 0.00317 -0.02134 -0.00225 0.00158 0.01793 -0.04200 0.02920 0.04919 -0.03406 0.01648 -0.01330 -0.02922 0.00262 0.02172 0.02916 -0.00290 0.03485 -0.02697 0.00213 0.03071 -0.02457 -0.02908 -0.01534 -0.04714 -0.05306 0.02701 -0.01083 -0.04011 -0.02959 -0.00821 -0.00228 0.00532 0.05092 0.00384 -0.01824 -0.03193 0.02012 -0.02726 0.00850 -0.02476 -0.06004 0.72504 0.03284 0.04695
-0.06632 0.08967 0.02708 0.07883 0.06594 -0.00602 0.07134 0.02563 -0.01243 -0.00272 0.03254 0.00898 0.03273 0.03750 -0.00049 0.04435 0.01674 0.03512 0.01196 0.03293 0.01499 0.05827 -0.01025 -0.05493 -0.02229 0.00062 0.07353 0.02550 0.04478 0.03295 0.01114 -0.02858 -0.01199 0.02047 0.03963 -0.07029 -0.00125 -0.01014 -0.03555 0.00527 0.00954 0.00706 -0.01580 -0.03395 -0.00424 0.09069 0.02907 -0.03284 0.56462 -0.02778
0.06789 -0.01426 0.04744 0.08978 -0.03134 0.04306 -0.00785 -0.00331 0.02286 0.00392 -0.03876 0.07812 0.00462 0.06393 0.03512 0.01938 0.01270 -0.01718 0.01257 -0.07011 0.07746 0.08494 -0.03758 0.03021 -0.01228 0.07107 -0.01325 -0.00088 0.06028 -0.00881 -0.04167 0.02443 -0.02355 -0.01611 0.00478 0.00131 0.01030 -0.05034 -0.02552 0.00195 -0.02009 0.07384 0.02978 -0.01367 0.00741 -0.05557 -0.00673 -0.04695 0.02778 0.00000
