0.23190 0.03968 -0.00474 0.07578 0.03853 -0.03915 -0.00862 -0.02684 -0.00181 -0.00078 -0.01488 -0.03442 -0.00326 0.01401 -0.01024 0.00641 0.01980 -0.01495 0.04536 -0.05436 0.02169 0.02481 0.00465 -0.05077 0.02004 0.02211 -0.01475 -0.05047 0.07348 0.04749 0.01005 -0.04429 0.00713 -0.01152 -0.06365 0.02079 -0.02492 0.00716 0.01062 0.03773 -0.07664 -0.04870 -0.06570 -0.09132 -0.08018 0.03059 0.03113 -0.01620 0.02741 0.02318
-0.03968 0.63659 -0.05128 0.03539 0.05717 0.03751 0.04060 0.00037 -0.02002 -0.03342 0.10702 -0.03088 0.07119 -0.02237 0.07125 0.08456 0.01318 0.01039 -0.02926 -0.05637 -0.07747 0.01893 0.01202 0.00949 -0.02460 -0.01696 -0.02694 -0.04378 0.01402 0.02820 0.00405 -0.00660 0.02719 -0.04712 -0.00049 0.06011 0.00237 -0.03405 -0.02080 0.05761 0.04870 -0.07029 -0.02280 -0.04300 0.02526 -0.03553 -0.00100 0.01074 -0.00149 -0.00921
0.00474 0.05128 0.14354 0.00476 0.02246 -0.05765 0.06170 -0.00935 0.07485 0.04154 -0.07051 -0.00359 0.05233 0.03747 0.05711 0.07512 0.05389 0.00597 0.05745 -0.03454 -0.03638 -0.02234 0.04086 -0.01863 -0.06529 0.00701 -0.00809 0.00506 0.08183 0.04730 0.01218 -0.01248 0.01626 -0.02903 -0.00229 0.06162 -0.05770 -0.03597 -0.05758 0.04309 -0.07292 -0.03436 -0.02216 -0.00778 -0.01280 -0.04943 0.04415 -0.03717 -0.05976 0.05342
-0.07578 -0.03539 -0.00476 0.66436 0.04117 -0.00204 -0.01230 -0.01473 0.01648 0.06109 0.07038 0.03979 -0.01764 0.04606 -0.02928 0.01484 -0.00185 -0.02118 -0.05508 0.03761 0.00727 0.07063 -0.01179 -0.08429 0.04802 -0.00757 -0.01697 0.00857 -0.03541 -0.01317 -0.01662 -0.01496 -0.04017 0.03511 0.06770 0.03210 0.03430 -0.03262 -0.02441 -0.01785 0.04384 0.04631 0.05327 -0.07049 -0.02999 0.02134 -0.04703 -0.01594 0.03263 0.00088
-0.03853 -0.05717 -0.02246 -0.04117 0.41881 -0.02070 -0.04508 -0.03295 0.01336 -0.01695 0.05267 -0.03538 -0.03708 0.01016 -0.05721 -0.04861 0.01062 -0.00447 -0.05825 0.03587 0.07356 -0.04280 0.01975 0.05074 -0.01889 -0.00897 0.05558 -0.01168 -0.02256 0.04328 0.04332 -0.00499 -0.01112 0.06963 -0.01259 -0.03170 -0.00956 0.03658 0.14944 -0.07948 0.03928 0.05600 0.05167 0.02371 -0.00554 0.02060 -0.05490 0.00893 -0.00630 -0.02497
0.03915 -0.03751 0.05765 0.00204 0.02070 0.64139 -0.07163 0.03440 0.02946 0.05601 -0.04177 -0.02503 -0.04773 0.01096 0.01540 -0.00953 -0.00297 -0.03958 0.02849 -0.02568 -0.00882 -0.08045 -0.00408 -0.02131 -0.00220 0.03967 -0.00538 -0.02781 0.01273 0.02519 0.00744 0.06060 0.08268 0.01519 -0.03564 0.00150 -0.02084 0.03267 0.04710 -0.01755 -0.03320 0.03654 0.00265 0.00076 -0.03190 0.02229 -0.00964 -0.02164 -0.04987 0.05823
0.00862 -0.04060 -0.06170 0.01230 0.04508 0.07163 0.43831 -0.03049 -0.07749 -0.09456 0.03758 -0.02096 0.03517 -0.06919 -0.05526 -0.00803 -0.01594 0.02986 0.00170 -0.04688 0.04348 -0.02834 -0.01796 0.04503 -0.11390 -0.02303 0.05150 0.01382 -0.01435 0.04987 0.00878 -0.00529 -0.00493 0.00834 -0.03547 -0.04416 0.00253 -0.01117 0.08186 0.00283 0.02131 -0.00895 0.02706 -0.00731 0.02290 -0.06093 -0.00821 0.00117 -0.06480 -0.05461
0.02684 -0.00037 0.00935 0.01473 0.03295 -0.03440 0.03049 0.59883 0.02871 0.03170 -0.03285 -0.01060 -0.00145 0.00063 0.00506 0.05101 0.04758 -0.01083 0.04618 -0.04039 -0.00230 0.00858 0.05891 -0.03891 -0.00002 0.01826 -0.02376 -0.03029 0.05772 0.09276 0.00357 -0.02823 0.02847 0.01025 -0.05244 0.02921 -0.04511 -0.04112 0.01295 0.07316 -0.05805 -0.04709 -0.04038 -0.02642 -0.00699 0.03287 0.04523 -0.04249 0.05895 0.04692
0.00181 0.02002 -0.07485 -0.01648 -0.01336 -0.02946 0.07749 -0.02871 0.80175 -0.06294 0.02451 -0.00951 0.05180 0.02340 -0.03822 -0.03892 0.01964 -0.04307 -0.00424 0.01345 0.01581 0.01169 0.01284 0.01135 -0.02354 -0.03996 0.05597 0.01681 -0.00922 -0.01620 -0.00346 -0.04425 0.00487 0.06583 0.00238 -0.02752 0.00270 -0.05998 0.02575 -0.05490 0.02470 0.06121 -0.01075 0.01435 0.01606 -0.04445 0.02373 -0.06361 -0.05924 -0.02168
0.00078 0.03342 -0.04154 -0.06109 0.01695 -0.05601 0.09456 -0.03170 0.06294 0.27769 -0.02897 -0.06653 0.08209 -0.02774 0.00515 0.04532 0.01183 0.05231 0.03028 -0.02775 0.01863 -0.14930 -0.00310 0.04708 -0.09059 -0.00429 0.00514 0.01182 0.03889 0.01414 0.00448 0.00163 0.01440 0.03888 -0.06067 0.03291 0.01515 0.05143 0.01452 0.03243 -0.03737 -0.07222 -0.06566 -0.00546 0.00669 -0.09055 0.02278 0.02042 -0.13376 0.02840
0.01488 -0.10702 0.07051 -0.07038 -0.05267 0.04177 -0.03758 0.03285 -0.02451 0.02897 0.96503 -0.04215 -0.02316 -0.01920 -0.00094 -0.02849 -0.00999 0.04725 -0.01924 0.01370 0.09090 -0.04105 -0.08231 0.04081 0.04106 0.00136 0.06820 0.04284 -0.00358 -0.01462 0.02284 0.04451 -0.02039 0.02453 0.03931 0.01527 -0.01238 0.02130 0.04587 0.05761 -0.06670 0.01477 0.04961 0.04035 0.04107 0.02200 -0.04567 0.02035 0.01457 0.00120
0.03442 0.03088 0.00359 -0.03979 0.03538 0.02503 0.02096 0.01060 0.00951 0.06653 0.04215 0.26234 0.00397 -0.05958 0.00694 -0.05796 -0.03932 0.05592 0.02109 0.00827 -0.03730 -0.07171 -0.08196 0.01290 -0.02413 -0.01392 0.00769 0.01920 0.00036 0.02963 0.01311 0.06322 0.00163 -0.03857 -0.07063 0.10785 0.04081 0.01603 -0.00735 0.06213 -0.01361 0.00388 0.01756 0.02239 0.05490 -0.03546 0.06324 -0.00403 -0.11455 0.02821
0.00326 -0.07119 -0.05233 0.01764 0.03708 0.04773 -0.03517 0.00145 -0.05180 -0.08209 0.02316 -0.00397 0.57285 -0.06191 0.00284 -0.00542 -0.03428 -0.02150 -0.01892 0.03098 -0.00328 0.02469 -0.06943 0.02029 -0.00994 -0.05159 -0.01588 0.00735 -0.02534 0.00857 -0.02352 0.02608 -0.00155 0.00559 0.01933 0.00809 0.03036 -0.06691 0.03697 -0.02480 0.04149 0.06300 -0.00919 -0.01705 0.02242 -0.01250 -0.05085 0.00347 0.03668 0.03797
-0.01401 0.02237 -0.03747 -0.04606 -0.01016 -0.01096 0.06919 -0.00063 -0.02340 0.02774 0.01920 0.05958 0.06191 0.16895 -0.02729 -0.00337 -0.01834 0.04872 -0.01684 0.05463 -0.03588 -0.01871 0.00302 -0.01249 -0.01616 -0.07808 0.07903 0.01697 -0.00533 0.01315 0.00044 0.01813 0.02329 -0.02130 0.04196 -0.02068 -0.02647 -0.05852 -0.05240 0.00973 0.02825 0.07443 0.03127 0.07708 0.08520 -0.06801 -0.01268 0.01714 -0.05134 -0.00589
0.01024 -0.07125 -0.05711 0.02928 0.05721 -0.01540 0.05526 -0.00506 0.03822 -0.00515 0.00094 -0.00694 -0.00284 0.02729 0.68851 0.04183 0.03855 -0.03096 -0.01965 0.01819 -0.04971 -0.00731 0.02571 -0.01372 -0.03529 -0.01209 0.01334 -0.04003 0.01939 0.08426 -0.01759 -0.03373 0.03829 -0.00099 0.02302 0.08039 -0.01594 -0.05690 0.04647 -0.00905 0.03715 0.00124 0.03616 -0.04419 -0.01129 -0.04285 0.00635 -0.07414 -0.02693 -0.01206
-0.00641 -0.08456 -0.07512 -0.01484 0.04861 0.00953 0.00803 -0.05101 0.03892 -0.04532 0.02849 0.05796 0.00542 0.00337 -0.04183 0.31818 -0.00673 -0.00811 -0.02231 -0.04948 -0.00137 0.04945 -0.05789 -0.02915 0.00315 -0.02563 0.06507 0.04431 -0.00810 0.08811 0.00070 0.01548 -0.00590 -0.00206 0.01814 -0.03035 0.00402 -0.08980 0.03076 -0.06770 0.02193 0.02058 0.03392 0.01123 0.06470 0.01118 0.02870 -0.00379 0.06660 0.02613
-0.01980 -0.01318 -0.05389 0.00185 -0.01062 0.00297 0.01594 -0.04758 -0.01964 -0.01183 0.00999 0.03932 0.03428 0.01834 -0.03855 0.00673 1.02775 -0.00175 -0.00355 0.03432 -0.02053 -0.00809 -0.01047 -0.00977 0.00496 -0.01033 -0.02203 -0.03278 -0.00034 0.02944 -0.01771 -0.02267 -0.02353 0.02167 0.04108 -0.01215 -0.01373 -0.01589 0.01932 -0.01475 0.02486 0.01688 -0.01699 -0.01204 -0.02572 -0.03130 -0.01441 -0.00271 0.01924 -0.00914
0.01495 -0.01039 -0.00597 0.02118 0.00447 0.03958 -0.02986 0.01083 0.04307 -0.05231 -0.04725 -0.05592 0.02150 -0.04872 0.03096 0.00811 0.00175 0.72260 0.00248 -0.01407 -0.02256 -0.05421 -0.01689 0.02144 -0.05920 0.02963 -0.01679 -0.00279 0.02048 -0.00401 0.01125 0.04369 0.05571 0.04338 -0.02972 0.00018 0.01522 0.12514 0.00381 0.01681 -0.00966 -0.02011 -0.00226 -0.00398 -0.01639 -0.00696 0.01289 0.02703 -0.12824 -0.02219
-0.04536 0.02926 -0.05745 0.05508 0.05825 -0.02849 -0.00170 -0.04618 0.00424 -0.03028 0.01924 -0.02109 0.01892 0.01684 0.01965 0.02231 0.00355 -0.00248 1.02510 -0.04034 -0.04023 0.06414 0.02993 -0.04551 -0.02436 -0.05190 -0.01646 -0.03718 -0.00968 -0.00222 -0.06751 -0.06121 0.03779 -0.04238 -0.02927 0.01191 0.02486 -0.03360 -0.05688 -0.01814 0.03507 -0.00171 0.00319 -0.03668 -0.02737 -0.02248 0.04461 -0.06091 -0.01791 0.01895
0.05436 0.05637 0.03454 -0.03761 -0.03587 0.02568 0.04688 0.04039 -0.01345 0.02775 -0.01370 -0.00827 -0.03098 -0.05463 -0.01819 0.04948 -0.03432 0.01407 0.04034 0.53250 -0.01019 0.00678 0.07809 0.07434 -0.03120 0.01630 0.00023 -0.02674 -0.03425 0.01210 -0.04898 -0.00348 -0.02419 -0.05983 -0.04425 0.05908 0.02921 0.01323 0.05616 0.02695 -0.03315 -0.06940 -0.02341 -0.02099 0.00161 -0.04723 0.01222 0.03943 0.02790 -0.05588
-0.02169 0.07747 0.03638 -0.00727 -0.07356 0.00882 -0.04348 0.00230 -0.01581 -0.01863 -0.09090 0.03730 0.00328 0.03588 0.04971 0.00137 0.02053 0.02256 0.04023 0.01019 0.66003 0.05744 -0.01769 -0.00722 0.00269 0.02770 -0.05096 0.04072 -0.01680 -0.08145 0.01654 -0.00468 -0.05425 0.05164 0.03319 -0.04546 0.01487 0.02112 -0.03820 0.03822 -0.03146 -0.00258 -0.01698 0.04272 0.01431 0.06476 0.00324 0.05134 0.05913 0.02156
-0.02481 -0.01893 0.02234 -0.07063 0.04280 0.08045 0.02834 -0.00858 -0.01169 0.14930 0.04105 0.07171 -0.02469 0.01871 0.00731 -0.04945 0.00809 0.05421 -0.06414 -0.00678 -0.05744 0.23311 -0.03317 -0.03706 0.08838 -0.05798 0.06096 0.06969 -0.03603 0.05170 0.03337 0.07317 -0.02926 -0.02325 0.04916 -0.00757 0.03493 -0.05193 -0.03698 -0.04090 0.04315 0.04640 0.05397 0.03893 0.08193 0.04002 -0.00206 -0.02812 0.03059 0.04476
-0.00465 -0.01202 -0.04086 0.01179 -0.01975 0.00408 0.01796 -0.05891 -0.01284 0.00310 0.08231 0.08196 0.06943 -0.00302 -0.02571 0.05789 0.01047 0.01689 -0.02993 -0.07809 0.01769 0.03317 0.45962 -0.08375 0.03434 -0.04037 0.00568 0.04347 0.01616 0.03560 -0.00271 0.00455 0.03941 -0.00700 0.01339 -0.09566 -0.03891 -0.04141 -0.03667 0.02256 0.00700 -0.04269 0.03622 0.06757 0.00654 -0.00489 0.05698 -0.00192 0.01186 0.04338
0.05077 -0.00949 0.01863 0.08429 -0.05074 0.02131 -0.04503 0.03891 -0.01135 -0.04708 -0.04081 -0.01290 -0.02029 0.01249 0.01372 0.02915 0.00977 -0.02144 0.04551 -0.07434 0.00722 0.03706 0.08375 0.07770 0.00057 0.06491 0.00883 -0.05259 0.00116 0.01412 -0.00951 -0.02998 0.03377 0.03724 -0.04659 -0.03043 -0.02902 0.00375 0.05453 -0.01047 -0.03358 -0.03528 0.02712 -0.05462 -0.08885 0.06596 0.03812 0.00826 0.12623 -0.02095
-0.02004 0.02460 0.06529 -0.04802 0.01889 0.00220 0.11390 0.00002 0.02354 0.09059 -0.04106 0.02413 0.00994 0.01616 0.03529 -0.00315 -0.00496 0.05920 0.02436 0.03120 -0.00269 -0.08838 -0.03434 -0.00057 0.12693 -0.02511 -0.02646 0.02878 -0.00620 0.02148 -0.02135 0.06909 -0.00885 0.00519 0.00516 0.01296 0.01473 0.01050 -0.08742 0.05169 -0.00357 -0.01569 -0.04517 0.02435 -0.02196 -0.01952 0.02755 0.00610 -0.15127 0.05814
-0.02211 0.01696 -0.00701 0.00757 0.00897 -0.03967 0.02303 -0.01826 0.03996 0.00429 -0.00136 0.01392 0.05159 0.07808 0.01209 0.02563 0.01033 -0.02963 0.05190 -0.01630 -0.02770 0.05798 0.04037 -0.06491 0.02511 0.13625 -0.01490 0.01022 0.03466 0.02079 -0.00372 0.00315 0.00422 -0.00091 -0.00893 0.00804 -0.04069 -0.07900 -0.03898 0.03765 -0.05286 -0.00618 0.00190 0.01169 0.00392 0.03138 0.04471 -0.02780 0.03513 0.06445
0.01475 0.02694 0.00809 0.01697 -0.05558 0.00538 -0.05150 0.02376 -0.05597 -0.00514 -0.06820 -0.00769 0.01588 -0.07903 -0.01334 -0.06507 0.02203 0.01679 0.01646 -0.00023 0.05096 -0.06096 -0.00568 -0.00883 0.02646 0.01490 0.62229 0.03173 -0.02256 -0.03318 0.00109 0.00706 0.09469 0.00951 -0.04587 -0.05400 0.00133 0.06862 -0.03358 0.03146 0.01832 -0.02274 -0.02543 0.05785 -0.02056 0.02321 0.02116 0.03751 -0.11395 0.04316
0.05047 0.04378 -0.00506 -0.00857 0.01168 0.02781 -0.01382 0.03029 -0.01681 -0.01182 -0.04284 -0.01920 -0.00735 -0.01697 0.04003 -0.04431 0.03278 0.00279 0.03718 0.02674 -0.04072 -0.06969 -0.04347 0.05259 -0.02878 -0.01022 -0.03173 0.60785 0.02569 -0.02875 0.03843 0.01798 0.06136 0.00712 -0.06420 0.01678 0.01635 0.02706 0.02101 0.03051 -0.07348 0.03376 -0.02531 0.02397 0.01756 -0.03025 -0.02779 -0.02859 -0.09613 0.05428
-0.07348 -0.01402 -0.08183 0.03541 0.02256 -0.01273 0.01435 -0.05772 0.00922 -0.03889 0.00358 -0.00036 0.02534 0.00533 -0.01939 0.00810 0.00034 -0.02048 0.00968 0.03425 0.01680 0.03603 -0.01616 -0.00116 0.00620 -0.03466 0.02256 -0.02569 1.03657 0.02670 -0.03176 -0.02219 -0.02637 0.01964 0.04397 -0.00555 -0.00542 -0.02696 0.00541 -0.00106 0.03579 -0.00241 -0.03134 -0.02848 -0.03220 -0.03599 -0.02575 -0.02953 0.01063 -0.00886
-0.04749 -0.02820 -0.04730 0.01317 -0.04328 -0.02519 -0.04987 -0.09276 0.01620 -0.01414 0.01462 -0.02963 -0.00857 -0.01315 -0.08426 -0.08811 -0.02944 0.00401 0.00222 -0.01210 0.08145 -0.05170 -0.03560 -0.01412 -0.02148 -0.02079 0.03318 0.02875 -0.02670 0.53142 -0.04065 0.01600 -0.01434 0.02316 -0.00270 -0.06148 -0.02720 0.03637 0.02154 -0.07929 0.01894 0.00361 0.02134 -0.01550 -0.02017 0.00202 -0.01755 0.00484 -0.08548 0.00524
-0.01005 -0.00405 -0.01218 0.01662 -0.04332 -0.00744 -0.00878 -0.00357 0.00346 -0.00448 -0.02284 -0.01311 0.02352 -0.00044 0.01759 -0.00070 0.01771 -0.01125 0.06751 0.04898 -0.01654 -0.03337 0.00271 0.00951 0.02135 0.00372 -0.00109 -0.03843 0.03176 0.04065 1.01831 -0.00904 -0.00550 -0.00164 0.02303 0.04422 -0.05610 -0.02033 -0.01912 0.05557 -0.06167 0.00613 -0.03312 0.01125 -0.03926 -0.00561 0.00776 -0.01963 -0.00758 0.02669
0.04429 0.00660 0.01248 0.01496 0.00499 -0.06060 0.00529 0.02823 0.04425 -0.00163 -0.04451 -0.06322 -0.02608 -0.01813 0.03373 -0.01548 0.02267 -0.04369 0.06121 0.00348 0.00468 -0.07317 -0.00455 0.02998 -0.06909 -0.00315 -0.00706 -0.01798 0.02219 -0.01600 0.00904 0.30990 0.00911 -0.01891 -0.04022 0.06346 -0.02326 0.02676 0.01057 0.00946 -0.03795 -0.01449 -0.02280 -0.02832 -0.05367 -0.04650 0.01218 -0.02398 -0.07228 -0.01040
-0.00713 -0.02719 -0.01626 0.04017 0.01112 -0.08268 0.00493 -0.02847 -0.00487 -0.01440 0.02039 -0.00163 0.00155 -0.02329 -0.03829 0.00590 0.02353 -0.05571 -0.03779 0.02419 0.05425 0.02926 -0.03941 -0.03377 0.00885 -0.00422 -0.09469 -0.06136 0.02637 0.01434 0.00550 -0.00911 0.60089 -0.08772 0.03087 0.03243 -0.00986 0.00795 -0.08421 0.05736 0.06241 -0.02882 -0.03109 -0.03548 -0.01979 -0.02835 -0.02782 0.01095 0.02676 -0.02689
0.01152 0.04712 0.02903 -0.03511 -0.06963 -0.01519 -0.00834 -0.01025 -0.06583 -0.03888 -0.02453 0.03857 -0.00559 0.02130 0.00099 0.00206 -0.02167 -0.04338 0.04238 0.05983 -0.05164 0.02325 0.00700 -0.03724 -0.00519 0.00091 -0.00951 -0.00712 -0.01964 -0.02316 0.00164 0.01891 0.08772 0.36741 -0.01727 -0.06010 0.05059 -0.07216 0.02077 0.04008 -0.04730 0.08672 0.01775 0.05928 0.06156 0.03841 -0.07612 -0.00520 0.04827 0.05492
0.06365 0.00049 0.00229 -0.06770 0.01259 0.03564 0.03547 0.05244 -0.00238 0.06067 -0.03931 0.07063 -0.01933 -0.04196 -0.02302 -0.01814 -0.04108 0.02972 0.02927 0.04425 -0.03319 -0.04916 -0.01339 0.04659 -0.00516 0.00893 0.04587 0.06420 -0.04397 0.00270 -0.02303 0.04022 -0.03087 0.01727 0.85814 -0.00250 0.03277 -0.02554 0.03922 -0.04414 -0.05623 0.03962 0.00690 0.05130 0.03037 -0.03786 -0.02072 0.03233 -0.02923 0.02592
-0.02079 -0.06011 -0.06162 -0.03210 0.03170 -0.00150 0.04416 -0.02921 0.02752 -0.03291 -0.01527 -0.10785 -0.00809 0.02068 -0.08039 0.03035 0.01215 -0.00018 -0.01191 -0.05908 0.04546 0.00757 0.09566 0.03043 -0.01296 -0.00804 0.05400 -0.01678 0.00555 0.06148 -0.04422 -0.06346 -0.03243 0.06010 0.00250 0.40863 -0.04599 0.01280 0.09463 -0.01955 0.04437 -0.06002 0.00593 -0.07009 -0.04590 -0.02282 0.02089 -0.02504 0.01914 -0.02424
0.02492 -0.00237 0.05770 -0.03430 0.00956 0.02084 -0.00253 0.04511 -0.00270 -0.01515 0.01238 -0.04081 -0.03036 0.02647 0.01594 -0.00402 0.01373 -0.01522 -0.02486 -0.02921 -0.01487 -0.03493 0.03891 0.02902 -0.01473 0.04069 -0.00133 -0.01635 0.00542 0.02720 0.05610 0.02326 0.00986 -0.05059 -0.03277 0.04599 0.95649 0.00105 -0.01916 -0.07292 -0.00816 -0.00017 -0.01304 0.00191 0.06615 0.04863 -0.00623 0.07291 0.02406 0.04963
-0.00716 0.03405 0.03597 0.03262 -0.03658 -0.03267 0.01117 0.04112 0.05998 -0.05143 -0.02130 -0.01603 0.06691 0.05852 0.05690 0.08980 0.01589 -0.12514 0.03360 -0.01323 -0.02112 0.05193 0.04141 -0.00375 -0.01050 0.07900 -0.06862 -0.02706 0.02696 -0.03637 0.02033 -0.02676 -0.00795 0.07216 0.02554 -0.01280 -0.00105 0.40486 0.00597 0.01924 -0.01360 -0.00172 -0.03941 0.00010 -0.03806 0.05227 -0.01370 0.00122 0.04344 0.04738
-0.01062 0.02080 0.05758 0.02441 -0.14944 -0.04710 -0.08186 -0.01295 -0.02575 -0.01452 -0.04587 0.00735 -0.03697 0.05240 -0.04647 -0.03076 -0.01932 -0.00381 0.05688 -0.05616 0.03820 0.03698 0.03667 -0.05453 0.08742 0.03898 0.03358 -0.02101 -0.00541 -0.02154 0.01912 -0.01057 0.08421 -0.02077 -0.03922 -0.09463 0.01916 -0.00597 0.24518 -0.03179 -0.04958 0.01946 0.01848 0.03864 0.01380 0.08189 0.01914 0.00988 0.15142 0.09315
-0.03773 -0.05761 -0.04309 0.01785 0.07948 0.01755 -0.00283 -0.07316 0.05490 -0.03243 -0.05761 -0.06213 0.02480 -0.00973 0.00905 0.06770 0.01475 -0.01681 0.01814 -0.02695 -0.03822 0.04090 -0.02256 0.01047 -0.05169 -0.03765 -0.03146 -0.03051 0.00106 0.07929 -0.05557 -0.00946 -0.05736 -0.04008 0.04414 0.01955 0.07292 -0.01924 0.03179 0.90878 -0.00562 -0.02228 -0.03867 -0.02341 0.01207 -0.06236 0.00190 -0.04043 0.08055 0.02193
0.07664 -0.04870 0.07292 -0.04384 -0.03928 0.03320 -0.02131 0.05805 -0.02470 0.03737 0.06670 0.01361 -0.04149 -0.02825 -0.03715 -0.02193 -0.02486 0.00966 -0.03507 0.03315 0.03146 -0.04315 -0.00700 0.03358 0.00357 0.05286 -0.01832 0.07348 -0.03579 -0.01894 0.06167 0.03795 -0.06241 0.04730 0.05623 -0.04437 0.00816 0.01360 0.04958 0.00562 1.00249 0.03198 0.05253 0.04454 0.01289 0.04243 -0.02744 0.06777 -0.01265 -0.04025
0.04870 0.07029 0.03436 -0.04631 -0.05600 -0.03654 0.00895 0.04709 -0.06121 0.07222 -0.01477 -0.00388 -0.06300 -0.07443 -0.00124 -0.02058 -0.01688 0.02011 0.00171 0.06940 0.00258 -0.04640 0.04269 0.03528 0.01569 0.00618 0.02274 -0.03376 0.00241 -0.00361 -0.00613 0.01449 0.02882 -0.08672 -0.03962 0.06002 0.00017 0.00172 -0.01946 0.02228 -0.03198 0.69856 -0.01391 0.02313 -0.00766 -0.06250 -0.00872 0.00574 -0.02139 -0.03663
0.06570 0.02280 0.02216 -0.05327 -0.05167 -0.00265 -0.02706 0.04038 0.01075 0.06566 -0.04961 -0.01756 0.00919 -0.03127 -0.03616 -0.03392 0.01699 0.00226 -0.00319 0.02341 0.01698 -0.05397 -0.03622 -0.02712 0.04517 -0.00190 0.02543 0.02531 0.03134 -0.02134 0.03312 0.02280 0.03109 -0.01775 -0.00690 -0.00593 0.01304 0.03941 -0.01848 0.03867 -0.05253 0.01391 0.87114 0.06767 0.05193 -0.01732 0.04441 -0.08019 -0.02985 -0.07815
0.09132 0.04300 0.00778 0.07049 -0.02371 -0.00076 0.00731 0.02642 -0.01435 0.00546 -0.04035 -0.02239 0.01705 -0.07708 0.04419 -0.01123 0.01204 0.00398 0.03668 0.02099 -0.04272 -0.03893 -0.06757 0.05462 -0.02435 -0.01169 -0.05785 -0.02397 0.02848 0.01550 -0.01125 0.02832 0.03548 -0.05928 -0.05130 0.07009 -0.00191 -0.00010 -0.03864 0.02341 -0.04454 -0.02313 -0.06767 0.25525 0.01501 -0.04089 0.03525 -0.00945 -0.05460 -0.01711
0.08018 -0.02526 0.01280 0.02999 0.00554 0.03190 -0.02290 0.00699 -0.01606 -0.00669 -0.04107 -0.05490 -0.02242 -0.08520 0.01129 -0.06470 0.02572 0.01639 0.02737 -0.00161 -0.01431 -0.08193 -0.00654 0.08885 0.02196 -0.00392 0.02056 -0.01756 0.03220 0.02017 0.03926 0.05367 0.01979 -0.06156 -0.03037 0.04590 -0.06615 0.03806 -0.01380 -0.01207 -0.01289 0.00766 -0.05193 -0.01501 0.50744 -0.01193 0.04452 -0.06342 0.00527 -0.06312
-0.03059 0.03553 0.04943 -0.02134 -0.02060 -0.02229 0.06093 -0.03287 0.04445 0.09055 -0.02200 0.03546 0.01250 0.06801 0.04285 -0.01118 0.03130 0.00696 0.02248 0.04723 -0.06476 -0.04002 0.00489 -0.06596 0.01952 -0.03138 -0.02321 0.03025 0.03599 -0.00202 0.00561 0.04650 0.02835 -0.03841 0.03786 0.02282 -0.04863 -0.05227 -0.08189 0.06236 -0.04243 0.06250 0.01732 0.04089 0.01193 0.27920 0.01119 -0.06490 -0.06420 0.04622
-0.03113 0.00100 -0.04415 0.04703 0.05490 0.00964 0.00821 -0.04523 -0.02373 -0.02278 0.04567 -0.06324 0.05085 0.01268 -0.00635 -0.02870 0.01441 -0.01289 -0.04461 -0.01222 -0.00324 0.00206 -0.05698 -0.03812 -0.02755 -0.04471 -0.02116 0.02779 0.02575 0.01755 -0.00776 -0.01218 0.02782 0.07612 0.02072 -0.02089 0.00623 0.01370 -0.01914 -0.00190 0.02744 0.00872 -0.04441 -0.03525 -0.04452 -0.01119 0.76783 -0.02410 -0.12776 0.01553
0.01620 -0.01074 0.03717 0.01594 -0.00893 0.02164 -0.00117 0.04249 0.06361 -0.02042 -0.02035 0.00403 -0.00347 -0.01714 0.07414 0.00379 0.00271 -0.02703 0.06091 -0.03943 -0.05134 0.02812 0.00192 -0.00826 -0.00610 0.02780 -0.03751 0.02859 0.02953 -0.00484 0.01963 0.02398 -0.01095 0.00520 -0.03233 0.02504 -0.07291 -0.00122 -0.00988 0.04043 -0.06777 -0.00574 0.08019 0.00945 0.06342 0.06490 0.02410 0.82269 0.05298 0.00312
-0.02741 0.00149 0.05976 -0.03263 0.00630 0.04987 0.06480 -0.05895 0.05924 0.13376 -0.01457 0.11455 -0.03668 0.05134 0.02693 -0.06660 -0.01924 0.12824 0.01791 -0.02790 -0.05913 -0.03059 -0.01186 -0.12623 0.15127 -0.03513 0.11395 0.09613 -0.01063 0.08548 0.00758 0.07228 -0.02676 -0.04827 0.02923 -0.01914 -0.02406 -0.04344 -0.15142 -0.08055 0.01265 0.02139 0.02985 0.05460 -0.00527 0.06420 0.12776 -0.05298 0.17497 0.17576
-0.02318 0.00921 -0.05342 -0.00088 0.02497 -0.05823 0.05461 -0.04692 0.02168 -0.02840 -0.00120 -0.02821 -0.03797 0.00589 0.01206 -0.02613 0.00914 0.02219 -0.01895 0.05588 -0.02156 -0.04476 -0.04338 0.02095 -0.05814 -0.06445 -0.04316 -0.05428 0.00886 -0.00524 -0.02669 0.01040 0.02689 -0.05492 -0.02592 0.02424 -0.04963 -0.04738 -0.09315 -0.02193 0.04025 0.03663 0.07815 0.01711 0.06312 -0.04622 -0.01553 -0.00312 -0.17576 0.84003
