0.26122 0.00337 -0.00408 0.04753 0.05687 -0.01227 0.01166 -0.02096 0.00927 0.00703 -0.02470 -0.03070 -0.00451 -0.00029 0.00720 -0.01075 0.01307 0.01465 0.04673 -0.04076 0.01082 -0.00673 -0.01787 -0.03696 0.02007 -0.00441 -0.00645 -0.01858 0.05811 0.06141 -0.01505 -0.01008 -0.00262 -0.02201 -0.04954 0.03349 -0.02699 0.00155 -0.02002 0.02272 -0.06198 -0.03639 -0.04387 -0.07056 -0.05024 0.00810 0.03352 -0.00912 -0.01265 0.01632
-0.00337 0.66708 -0.03861 0.04336 0.02817 -0.01128 0.01372 0.00380 -0.00058 -0.00726 0.08598 0.01283 0.03329 -0.01595 0.02894 0.03231 0.00711 0.00308 -0.02738 -0.05263 -0.04918 0.01376 0.05105 -0.02011 0.01331 -0.00913 -0.00328 -0.03396 0.01442 0.00861 -0.00358 -0.01403 0.06243 -0.04257 -0.03233 -0.00014 -0.01034 -0.02749 -0.02547 0.01129 0.05093 -0.03283 0.01931 -0.02879 0.00415 -0.01926 0.03130 -0.03177 -0.00310 -0.04159
0.00408 0.03861 0.15584 0.01079 0.00886 -0.05543 0.02955 0.00487 0.05672 -0.00712 -0.05395 -0.02273 0.04979 0.02552 0.04976 0.06014 0.02632 -0.00392 0.06116 -0.03251 -0.01363 -0.03119 0.03729 0.00583 -0.05794 0.02373 -0.00705 -0.00997 0.05744 0.03223 -0.01565 -0.02986 0.01824 -0.00422 -0.00858 0.05064 -0.04418 -0.01324 -0.01593 0.04366 -0.06605 -0.03430 -0.02471 -0.01545 -0.03045 -0.03660 0.02803 -0.01079 -0.04941 0.03842
-0.04753 -0.04336 -0.01079 0.68548 0.04941 0.00430 -0.01665 -0.00536 0.00797 0.02907 0.06052 0.00340 -0.02020 0.01601 -0.03667 -0.00026 0.01186 -0.01942 -0.04699 0.03640 0.01725 0.01460 -0.02368 -0.03624 0.00900 -0.00649 -0.01430 0.00289 -0.01353 -0.01691 -0.00583 -0.00886 -0.02053 0.04102 0.04293 0.02355 0.03820 -0.00563 0.00705 -0.03058 0.04546 0.04700 0.04697 -0.06470 -0.01699 0.00167 -0.05581 -0.00646 -0.01299 -0.01510
-0.05687 -0.02817 -0.00886 -0.04941 0.46124 -0.01340 -0.01221 -0.03676 -0.00356 0.01460 0.06299 0.00705 -0.01461 0.01088 -0.03102 -0.01940 0.00299 0.01203 -0.06087 0.06136 0.04083 -0.01298 -0.00959 0.00560 -0.00774 -0.01815 0.01355 0.00406 -0.02395 0.02792 0.04130 0.01006 -0.03676 0.03933 0.02260 -0.00885 0.00422 0.02119 0.05161 -0.04060 0.04216 0.04409 0.03179 0.04133 0.00490 0.01132 -0.04723 0.03062 -0.00751 -0.02001
0.01227 0.01128 0.05543 -0.00430 0.01340 0.72927 -0.04415 0.02371 0.03340 0.06742 -0.03747 -0.01283 -0.02569 0.01402 0.03231 -0.00189 -0.00400 -0.01420 0.02679 -0.00888 -0.00621 -0.04636 -0.02620 -0.01758 0.00955 0.02449 -0.03054 -0.01768 0.00631 -0.00034 0.00474 0.05139 0.02590 -0.00757 -0.00659 0.01482 -0.01423 0.04831 -0.01323 0.01342 -0.02034 0.00275 -0.02073 -0.00526 -0.02414 0.00830 -0.00066 -0.00296 -0.04360 0.04684
-0.01166 -0.01372 -0.02955 0.01665 0.01221 0.04415 0.53103 -0.03936 -0.06748 -0.05371 0.02406 0.02527 0.02179 -0.04037 -0.03633 0.00011 -0.01081 0.03781 -0.00697 -0.03337 0.03709 0.01628 -0.00161 0.00030 -0.03254 -0.02055 0.03292 0.01644 -0.01674 0.02458 0.01541 -0.00017 -0.01187 -0.03330 -0.01024 -0.05285 -0.00589 -0.04600 0.00653 0.01871 0.02039 -0.01059 0.03323 0.00532 0.02418 -0.01573 0.00756 -0.00573 0.01208 -0.04170
0.02096 -0.00380 -0.00487 0.00536 0.03676 -0.02371 0.03936 0.61268 0.02461 0.02558 -0.03038 -0.02131 -0.00065 -0.01262 0.01317 0.03275 0.02745 0.00268 0.04623 -0.02204 0.00199 -0.01544 0.04575 -0.01457 -0.00324 -0.00194 -0.01696 -0.02962 0.03895 0.08683 -0.02180 -0.02180 0.01711 0.00222 -0.04710 0.04579 -0.04092 -0.03082 -0.00173 0.07074 -0.04611 -0.04598 -0.04200 -0.02692 -0.00806 0.00134 0.04414 -0.03622 0.01442 0.02537
-0.00927 0.00058 -0.05672 -0.00797 0.00356 -0.03340 0.06748 -0.02461 0.82287 -0.07403 0.01747 -0.01710 0.04918 0.00958 -0.01890 0.00748 0.01767 -0.05137 -0.00617 0.00687 0.00856 0.04464 -0.00116 0.00939 -0.03176 -0.02588 0.00825 -0.00151 -0.00679 -0.00988 0.00013 -0.03884 -0.00785 0.03281 0.00912 -0.00251 0.01087 -0.06647 0.02382 -0.03743 0.01944 0.03645 -0.01632 -0.00019 0.02371 -0.03599 0.00066 -0.01951 0.01500 -0.01011
-0.00703 0.00726 0.00712 -0.02907 -0.01460 -0.06742 0.05371 -0.02558 0.07403 0.31811 -0.03346 -0.02427 0.04243 0.00146 0.02314 0.04591 0.00490 0.00911 0.03294 -0.03072 0.01748 -0.06856 0.03961 0.00292 -0.03407 0.02765 -0.01033 0.00766 0.02509 0.00634 -0.00775 -0.01156 0.00572 0.02966 -0.04047 0.00642 -0.00267 0.02130 -0.00130 0.01438 -0.03603 -0.05238 -0.02554 0.00159 -0.00979 -0.02409 0.02235 0.01699 -0.05426 0.03610
0.02470 -0.08598 0.05395 -0.06052 -0.06299 0.03747 -0.02406 0.03038 -0.01747 0.03346 0.98237 -0.01781 -0.01119 -0.01867 -0.01132 -0.02745 -0.01437 0.04210 -0.02419 0.02573 0.09031 -0.04471 -0.06416 0.03868 0.03963 0.01422 0.05744 0.04743 -0.01058 -0.02173 0.03304 0.03188 -0.03142 0.05215 0.04552 -0.00287 -0.01951 0.03231 0.05018 0.05757 -0.05941 0.00541 0.03660 0.03451 0.00987 0.00875 -0.02792 0.00803 0.00335 -0.02055
0.03070 -0.01283 0.02273 -0.00340 -0.00705 0.01283 -0.02527 0.02131 0.01710 0.02427 0.01781 0.30074 -0.00731 -0.02353 0.00641 -0.03627 -0.01738 0.03058 0.02088 -0.02598 -0.00417 -0.02304 -0.01943 -0.00457 0.00818 0.03162 -0.00920 0.00262 0.00087 0.00313 0.01368 0.02423 0.01525 -0.00665 -0.04290 0.03832 0.00992 0.03342 0.00697 0.03444 0.00222 -0.01037 0.03872 -0.00191 0.01929 0.02346 0.04450 0.00611 -0.00613 0.01208
0.00451 -0.03329 -0.04979 0.02020 0.01461 0.02569 -0.02179 0.00065 -0.04918 -0.04243 0.01119 0.00731 0.60124 -0.04386 -0.00080 -0.01318 -0.01844 -0.00960 -0.02444 0.03729 0.01078 0.03378 -0.04752 0.00935 0.00767 -0.05581 -0.00215 0.00738 -0.02158 -0.02220 -0.01233 -0.00843 0.00050 0.00242 0.01918 0.00334 0.02253 -0.05226 0.00661 -0.01707 0.04330 0.05037 -0.01676 -0.02118 -0.00047 -0.02177 -0.03117 -0.01467 0.02597 0.02207
0.00029 0.01595 -0.02552 -0.01601 -0.01088 -0.01402 0.04037 0.01262 -0.00958 -0.00146 0.01867 0.02353 0.04386 0.20835 -0.02246 0.03372 -0.02095 0.00576 -0.02025 0.03467 -0.01976 0.01500 0.04964 0.02089 -0.03473 -0.03293 0.05328 -0.02122 -0.00973 0.00347 0.00969 -0.01965 -0.00894 -0.01496 0.03540 -0.00231 -0.02904 -0.03326 0.01133 0.01236 0.01996 0.03171 0.02639 0.01677 0.04145 -0.05287 -0.02452 0.03331 0.05179 -0.02566
-0.00720 -0.02894 -0.04976 0.03667 0.03102 -0.03231 0.03633 -0.01317 0.01890 -0.02314 0.01132 -0.00641 0.00080 0.02246 0.76664 0.02578 0.02888 -0.02887 -0.01365 0.02115 -0.01899 0.01909 0.00302 -0.01090 -0.02773 -0.01765 -0.02746 -0.04763 0.01975 0.05198 -0.02435 -0.04526 0.01805 -0.03344 0.02539 0.06703 0.00105 -0.04564 0.00022 0.01379 0.04130 -0.00930 0.02462 -0.04465 -0.00422 -0.03563 -0.00428 -0.04997 0.00514 -0.01780
0.01075 -0.03231 -0.06014 0.00026 0.01940 0.00189 -0.00011 -0.03275 -0.00748 -0.04591 0.02745 0.03627 0.01318 -0.03372 -0.02578 0.37278 0.00282 0.00397 -0.02852 -0.01494 0.01917 0.03159 -0.07054 -0.00128 -0.02676 -0.01542 0.02806 0.01906 -0.00642 0.02466 -0.00441 0.00153 0.00183 -0.03580 0.00568 -0.00706 0.02102 -0.04436 0.01180 -0.02078 0.03379 -0.01137 -0.00635 0.01144 0.03576 -0.03015 0.01413 0.01822 0.01894 -0.01656
-0.01307 -0.00711 -0.02632 -0.01186 -0.00299 0.00400 0.01081 -0.02745 -0.01767 -0.00490 0.01437 0.01738 0.01844 0.02095 -0.02888 -0.00282 1.05381 0.00957 -0.01176 0.00972 -0.00778 -0.00487 -0.00571 -0.00122 0.00162 -0.00859 -0.00652 -0.01052 0.00287 0.00661 -0.02179 -0.02304 -0.01787 0.02266 0.02781 -0.01090 -0.00296 -0.00210 0.01846 -0.01812 0.02390 0.00863 -0.00387 -0.01301 -0.00955 -0.01758 -0.00344 0.00375 0.01070 -0.00971
-0.01465 -0.00308 0.00392 0.01942 -0.01203 0.01420 -0.03781 -0.00268 0.05137 -0.00911 -0.04210 -0.03058 0.00960 -0.00576 0.02887 -0.00397 -0.00957 0.75238 -0.00063 -0.01732 -0.02235 -0.01389 -0.00540 -0.01951 -0.00584 0.02065 -0.00054 -0.00640 0.00831 -0.00097 0.00322 0.03571 0.04467 0.02141 -0.02278 0.00107 0.00291 0.08161 -0.02793 0.01903 -0.01661 -0.00769 0.01175 0.00003 -0.01144 0.02375 0.02378 0.00667 -0.06437 0.00381
-0.04673 0.02738 -0.06116 0.04699 0.06087 -0.02679 0.00697 -0.04623 0.00617 -0.03294 0.02419 -0.02088 0.02444 0.02025 0.01365 0.02852 0.01176 0.00063 1.03783 -0.04725 -0.03626 0.06361 0.03067 -0.03940 -0.03056 -0.04724 -0.01730 -0.03195 -0.00131 -0.00037 -0.06475 -0.06027 0.03123 -0.03284 -0.02777 0.00706 0.03193 -0.02984 -0.04728 -0.01927 0.04143 -0.01074 0.00349 -0.04243 -0.02673 -0.02508 0.04136 -0.04579 -0.01204 0.01754
0.04076 0.05263 0.03251 -0.03640 -0.06136 0.00888 0.03337 0.02204 -0.00687 0.03072 -0.02573 0.02598 -0.03729 -0.03467 -0.02115 0.01494 -0.00972 0.01732 0.04725 0.55561 -0.01026 0.00935 0.07387 0.04297 0.00335 0.00443 0.02298 -0.01806 -0.01933 0.01484 -0.02424 0.01489 -0.00374 -0.06905 -0.02999 0.01761 0.01448 -0.00364 0.02257 0.00766 -0.02642 -0.02565 -0.00738 0.01925 0.03516 -0.01341 0.01338 0.01624 0.04864 -0.01918
-0.01082 0.04918 0.01363 -0.01725 -0.04083 0.00621 -0.03709 -0.00199 -0.00856 -0.01748 -0.09031 0.00417 -0.01078 0.01976 0.01899 -0.01917 0.00778 0.02235 0.03626 0.01026 0.71840 -0.00119 -0.02685 0.02343 -0.02192 0.01185 -0.00304 0.02494 -0.02403 -0.04373 0.01323 0.00289 -0.03250 0.06031 0.00492 -0.01386 0.00521 0.01978 0.02145 0.01805 -0.04426 0.00959 -0.01389 0.03619 0.01590 0.03587 -0.00112 0.02676 -0.00825 0.02144
0.00673 -0.01376 0.03119 -0.01460 0.01298 0.04636 -0.01628 0.01544 -0.04464 0.06856 0.04471 0.02304 -0.03378 -0.01500 -0.01909 -0.03159 0.00487 0.01389 -0.06361 -0.00935 0.00119 0.23289 -0.01316 0.01413 0.05054 0.00128 0.02379 0.01371 -0.03275 0.01284 0.03127 0.01542 -0.01272 -0.00034 0.02677 -0.01790 0.04233 0.02044 0.02293 -0.03681 0.04851 0.01698 0.02697 -0.01163 0.02586 0.03570 -0.03053 0.01634 0.03929 -0.01923
0.01787 -0.05105 -0.03729 0.02368 0.00959 0.02620 0.00161 -0.04575 0.00116 -0.03961 0.06416 0.01943 0.04752 -0.04964 -0.00302 0.07054 0.00571 0.00540 -0.03067 -0.07387 0.02685 0.01316 0.51964 -0.01935 -0.04092 -0.02770 -0.01601 0.01307 0.01406 0.04281 -0.01042 0.00601 0.01103 -0.04039 -0.00903 -0.04972 -0.04306 -0.00858 0.00382 0.00627 0.01160 -0.06426 0.03942 0.03123 0.00212 -0.03651 0.02843 0.01854 -0.00657 0.00638
0.03696 0.02011 -0.00583 0.03624 -0.00560 0.01758 -0.00030 0.01457 -0.00939 -0.00292 -0.03868 0.00457 -0.00935 -0.02089 0.01090 0.00128 0.00122 0.01951 0.03940 -0.04297 -0.02343 -0.01413 0.01935 0.15123 -0.00873 0.00103 0.02015 -0.02719 0.00057 0.04119 -0.00973 0.01153 0.02613 -0.02358 -0.05361 0.02210 -0.01390 -0.01993 -0.04774 0.01106 -0.03532 -0.02629 0.00746 -0.02558 -0.02565 0.01215 0.05565 -0.00157 0.03316 -0.00331
-0.02007 -0.01331 0.05794 -0.00900 0.00774 -0.00955 0.03254 0.00324 0.03176 0.03407 -0.03963 -0.00818 -0.00767 0.03473 0.02773 0.02676 -0.00162 0.00584 0.03056 -0.00335 0.02192 -0.05054 0.04092 0.00873 0.17653 0.01786 -0.01915 -0.01618 -0.00424 0.02425 -0.01157 0.02432 -0.00708 0.04904 -0.00676 -0.01451 -0.00243 0.02729 -0.02205 0.02291 -0.00907 -0.02633 -0.03341 -0.01018 -0.04956 0.05436 0.01120 0.00396 -0.04923 0.05419
0.00441 0.00913 -0.02373 0.00649 0.01815 -0.02449 0.02055 0.00194 0.02588 -0.02765 -0.01422 -0.03162 0.05581 0.03293 0.01765 0.01542 0.00859 -0.02065 0.04724 -0.00443 -0.01185 -0.00128 0.02770 -0.00103 -0.01786 0.19124 -0.02026 -0.00469 0.03105 0.00966 -0.01834 0.00090 0.00927 -0.00453 -0.03040 0.03320 -0.03752 -0.02748 -0.00459 0.03924 -0.04142 -0.02131 -0.01227 0.00299 -0.00404 -0.01819 0.03212 -0.00525 -0.03327 0.03275
0.00645 0.00328 0.00705 0.01430 -0.01355 0.03054 -0.03292 0.01696 -0.00825 0.01033 -0.05744 0.00920 0.00215 -0.05328 0.02746 -0.02806 0.00652 0.00054 0.01730 -0.02298 0.00304 -0.02379 0.01601 -0.02015 0.01915 0.02026 0.67668 0.03695 -0.02770 0.00382 0.00571 0.01590 0.04309 0.00042 -0.02646 -0.01823 -0.00734 0.04121 -0.03564 0.01626 -0.00508 -0.03306 -0.00410 0.03488 -0.00928 0.03912 0.03962 0.02411 -0.04067 0.07263
0.01858 0.03396 0.00997 -0.00289 -0.00406 0.01768 -0.01644 0.02962 0.00151 -0.00766 -0.04743 -0.00262 -0.00738 0.02122 0.04763 -0.01906 0.01052 0.00640 0.03195 0.01806 -0.02494 -0.01371 -0.01307 0.02719 0.01618 0.00469 -0.03695 0.63791 -0.00174 -0.04040 0.01582 -0.00814 0.02375 0.01200 -0.02887 0.02806 -0.00427 0.02178 -0.00452 0.03348 -0.06437 0.01252 -0.01437 -0.00016 -0.00590 -0.00287 -0.01374 -0.02613 -0.02051 0.04573
-0.05811 -0.01442 -0.05744 0.01353 0.02395 -0.00631 0.01674 -0.03895 0.00679 -0.02509 0.01058 -0.00087 0.02158 0.00973 -0.01975 0.00642 -0.00287 -0.00831 0.00131 0.01933 0.02403 0.03275 -0.01406 -0.00057 0.00424 -0.03105 0.02770 0.00174 1.06324 0.01286 -0.04292 -0.01919 -0.02256 0.02873 0.04102 -0.01122 0.00779 -0.01813 0.00545 -0.00709 0.04464 -0.00668 -0.01790 -0.02477 -0.02240 -0.02857 -0.01996 -0.01361 0.00612 -0.01586
-0.06141 -0.00861 -0.03223 0.01691 -0.02792 0.00034 -0.02458 -0.08683 0.00988 -0.00634 0.02173 -0.00313 0.02220 -0.00347 -0.05198 -0.02466 -0.00661 0.00097 0.00037 -0.01484 0.04373 -0.01284 -0.04281 -0.04119 -0.02425 -0.00966 -0.00382 0.04040 -0.01286 0.56526 -0.01847 0.02501 -0.03670 0.00758 0.02228 -0.04955 -0.00623 0.01295 -0.01146 -0.03805 0.01514 -0.01296 0.00519 -0.01256 -0.00907 0.02131 -0.02238 0.03388 -0.04360 0.03995
0.01505 0.00358 0.01565 0.00583 -0.04130 -0.00474 -0.01541 0.02180 -0.00013 0.00775 -0.03304 -0.01368 0.01233 -0.00969 0.02435 0.00441 0.02179 -0.00322 0.06475 0.02424 -0.01323 -0.03127 0.01042 0.00973 0.01157 0.01834 -0.00571 -0.01582 0.04292 0.01847 1.02809 -0.00254 0.00813 -0.00136 0.00245 0.03744 -0.03745 -0.00273 -0.01036 0.05362 -0.06317 -0.00007 -0.02006 0.01657 -0.03162 0.00409 0.01475 -0.00789 -0.00616 0.02197
0.01008 0.01403 0.02986 0.00886 -0.01006 -0.05139 0.00017 0.02180 0.03884 0.01156 -0.03188 -0.02423 0.00843 0.01965 0.04526 -0.00153 0.02304 -0.03571 0.06027 -0.01489 -0.00289 -0.01542 -0.00601 -0.01153 -0.02432 -0.00090 -0.01590 0.00814 0.01919 -0.02501 0.00254 0.36303 -0.00246 -0.00586 -0.01222 0.04031 -0.01305 0.00427 -0.01645 0.02741 -0.03705 -0.01506 -0.01764 -0.00681 -0.03790 -0.00097 0.01899 -0.00886 -0.01519 0.02377
0.00262 -0.06243 -0.01824 0.02053 0.03676 -0.02590 0.01187 -0.01711 0.00785 -0.00572 0.03142 -0.01525 -0.00050 0.00894 -0.01805 -0.00183 0.01787 -0.04467 -0.03123 0.00374 0.03250 0.01272 -0.01103 -0.02613 0.00708 -0.00927 -0.04309 -0.02375 0.02256 0.03670 -0.00813 0.00246 0.69617 -0.01302 0.03711 0.02010 -0.01078 -0.00797 -0.04974 0.02676 0.05328 -0.00154 -0.00237 -0.03337 -0.01660 -0.02015 -0.01238 -0.01057 -0.00701 -0.00204
0.02201 0.04257 0.00422 -0.04102 -0.03933 0.00757 0.03330 -0.00222 -0.03281 -0.02966 -0.05215 0.00665 -0.00242 0.01496 0.03344 0.03580 -0.02266 -0.02141 0.03284 0.06905 -0.06031 0.00034 0.04039 0.02358 -0.04904 0.00453 -0.00042 -0.01200 -0.02873 -0.00758 0.00136 0.00586 0.01302 0.40531 -0.00315 -0.00118 0.02233 -0.04120 0.03821 0.03216 -0.03882 0.04783 0.00683 0.02468 0.03866 -0.01416 -0.05257 -0.01729 0.01588 0.00637
0.04954 0.03233 0.00858 -0.04293 -0.02260 0.00659 0.01024 0.04710 -0.00912 0.04047 -0.04552 0.04290 -0.01918 -0.03540 -0.02539 -0.00568 -0.02781 0.02278 0.02777 0.02999 -0.00492 -0.02677 0.00903 0.05361 0.00676 0.03040 0.02646 0.02887 -0.04102 -0.02228 -0.00245 0.01222 -0.03711 0.00315 0.88231 -0.00747 0.02285 -0.00754 0.03609 -0.02712 -0.04987 0.01179 -0.01060 0.03436 0.01559 -0.01317 -0.03040 0.04005 0.03775 0.02262
-0.03349 0.00014 -0.05064 -0.02355 0.00885 -0.01482 0.05285 -0.04579 0.00251 -0.00642 0.00287 -0.03832 -0.00334 0.00231 -0.06703 0.00706 0.01090 -0.00107 -0.00706 -0.01761 0.01386 0.01790 0.04972 -0.02210 0.01451 -0.03320 0.01823 -0.02806 0.01122 0.04955 -0.03744 -0.04031 -0.02010 0.00118 0.00747 0.47697 -0.02529 -0.01193 -0.01028 0.02919 0.03725 -0.03565 -0.01421 -0.02363 -0.02814 -0.02766 0.01415 -0.01846 -0.00307 -0.00156
0.02699 0.01034 0.04418 -0.03820 -0.00422 0.01423 0.00589 0.04092 -0.01087 0.00267 0.01951 -0.00992 -0.02253 0.02904 -0.00105 -0.02102 0.00296 -0.00291 -0.03193 -0.01448 -0.00521 -0.04233 0.04306 0.01390 0.00243 0.03752 0.00734 0.00427 -0.00779 0.00623 0.03745 0.01305 0.01078 -0.02233 -0.02285 0.02529 0.96802 0.00570 -0.03060 -0.08006 0.00737 0.00640 -0.01397 0.00868 0.04254 0.03672 0.00999 0.05571 -0.00416 0.02200
-0.00155 0.02749 0.01324 0.00563 -0.02119 -0.04831 0.04600 0.03082 0.06647 -0.02130 -0.03231 -0.03342 0.05226 0.03326 0.04564 0.04436 0.00210 -0.08161 0.02984 0.00364 -0.01978 -0.02044 0.00858 0.01993 -0.02729 0.02748 -0.04121 -0.02178 0.01813 -0.01295 0.00273 -0.00427 0.00797 0.04120 0.00754 0.01193 -0.00570 0.48661 -0.01442 0.00598 -0.01224 0.00889 -0.03315 0.01086 -0.01974 -0.00843 -0.00368 -0.02161 -0.04069 0.03755
0.02002 0.02547 0.01593 -0.00705 -0.05161 0.01323 -0.00653 0.00173 -0.02382 0.00130 -0.05018 -0.00697 -0.00661 -0.01133 -0.00022 -0.01180 -0.01846 0.02793 0.04728 -0.02257 -0.02145 -0.02293 -0.00382 0.04774 0.02205 0.00459 0.03564 0.00452 -0.00545 0.01146 0.01036 0.01645 0.04974 -0.03821 -0.03609 0.01028 0.03060 0.01442 0.28679 -0.01693 -0.03740 -0.00461 -0.00577 0.02815 0.02552 -0.00224 0.02892 0.01516 0.02608 0.04734
-0.02272 -0.01129 -0.04366 0.03058 0.04060 -0.01342 -0.01871 -0.07074 0.03743 -0.01438 -0.05757 -0.03444 0.01707 -0.01236 -0.01379 0.02078 0.01812 -0.01903 0.01927 -0.00766 -0.01805 0.03681 -0.00627 -0.01106 -0.02291 -0.03924 -0.01626 -0.03348 0.00709 0.03805 -0.05362 -0.02741 -0.02676 -0.03216 0.02712 -0.02919 0.08006 -0.00598 0.01693 0.93605 -0.00554 -0.00131 -0.04026 -0.00582 -0.01935 -0.05899 0.01292 -0.05346 0.04035 0.00491
0.06198 -0.05093 0.06605 -0.04546 -0.04216 0.02034 -0.02039 0.04611 -0.01944 0.03603 0.05941 -0.00222 -0.04330 -0.01996 -0.04130 -0.03379 -0.02390 0.01661 -0.04143 0.02642 0.04426 -0.04851 -0.01160 0.03532 0.00907 0.04142 0.00508 0.06437 -0.04464 -0.01514 0.06317 0.03705 -0.05328 0.03882 0.04987 -0.03725 -0.00737 0.01224 0.03740 0.00554 1.01259 0.02806 0.04870 0.04431 0.01966 0.04007 -0.02512 0.05383 -0.02150 -0.03522
0.03639 0.03283 0.03430 -0.04700 -0.04409 -0.00275 0.01059 0.04598 -0.03645 0.05238 -0.00541 0.01037 -0.05037 -0.03171 0.00930 0.01137 -0.00863 0.00769 0.01074 0.02565 -0.00959 -0.01698 0.06426 0.02629 0.02633 0.02131 0.03306 -0.01252 0.00668 0.01296 0.00007 0.01506 0.00154 -0.04783 -0.01179 0.03565 -0.00640 -0.00889 0.00461 0.00131 -0.02806 0.74531 0.00765 0.01635 0.00613 -0.01853 -0.00603 0.01075 0.04367 -0.01068
0.04387 -0.01931 0.02471 -0.04697 -0.03179 0.02073 -0.03323 0.04200 0.01632 0.02554 -0.03660 -0.03872 0.01676 -0.02639 -0.02462 0.00635 0.00387 -0.01175 -0.00349 0.00738 0.01389 -0.02697 -0.03942 -0.00746 0.03341 0.01227 0.00410 0.01437 0.01790 -0.00519 0.02006 0.01764 0.00237 -0.00683 0.01060 0.01421 0.01397 0.03315 0.00577 0.04026 -0.04870 -0.00765 0.89747 0.03736 0.05483 -0.00036 0.02551 -0.04863 0.03120 -0.07374
0.07056 0.02879 0.01545 0.06470 -0.04133 0.00526 -0.00532 0.02692 0.00019 -0.00159 -0.03451 0.00191 0.02118 -0.01677 0.04465 -0.01144 0.01301 -0.00003 0.04243 -0.01925 -0.03619 0.01163 -0.03123 0.02558 0.01018 -0.00299 -0.03488 0.00016 0.02477 0.01256 -0.01657 0.00681 0.03337 -0.02468 -0.03436 0.02363 -0.00868 -0.01086 -0.02815 0.00582 -0.04431 -0.01635 -0.03736 0.30111 0.01493 0.00193 0.05033 -0.01194 -0.00344 0.00778
0.05024 -0.00415 0.03045 0.01699 -0.00490 0.02414 -0.02418 0.00806 -0.02371 0.00979 -0.00987 -0.01929 0.00047 -0.04145 0.00422 -0.03576 0.00955 0.01144 0.02673 -0.03516 -0.01590 -0.02586 -0.00212 0.02565 0.04956 0.00404 0.00928 0.00590 0.02240 0.00907 0.03162 0.03790 0.01660 -0.03866 -0.01559 0.02814 -0.04254 0.01974 -0.02552 0.01935 -0.01966 -0.00613 -0.05483 -0.01493 0.54402 0.02305 0.05244 -0.04363 0.05639 -0.02821
-0.00810 0.01926 0.03660 -0.00167 -0.01132 -0.00830 0.01573 -0.00134 0.03599 0.02409 -0.00875 -0.02346 0.02177 0.05287 0.03563 0.03015 0.01758 -0.02375 0.02508 0.01341 -0.03587 -0.03570 0.03651 -0.01215 -0.05436 0.01819 -0.03912 0.00287 0.02857 -0.02131 -0.00409 0.00097 0.02015 0.01416 0.01317 0.02766 -0.03672 0.00843 0.00224 0.05899 -0.04007 0.01853 0.00036 -0.00193 -0.02305 0.30865 -0.00892 -0.02467 -0.02854 0.01600
-0.03352 -0.03130 -0.02803 0.05581 0.04723 0.00066 -0.00756 -0.04414 -0.00066 -0.02235 0.02792 -0.04450 0.03117 0.02452 0.00428 -0.01413 0.00344 -0.02378 -0.04136 -0.01338 0.00112 0.03053 -0.02843 -0.05565 -0.01120 -0.03212 -0.03962 0.01374 0.01996 0.02238 -0.01475 -0.01899 0.01238 0.05257 0.03040 -0.01415 -0.00999 0.00368 -0.02892 -0.01292 0.02512 0.00603 -0.02551 -0.05033 -0.05244 0.00892 0.78535 -0.02313 -0.04683 0.01099
0.00912 0.03177 0.01079 0.00646 -0.03062 0.00296 0.00573 0.03622 0.01951 -0.01699 -0.00803 -0.00611 0.01467 -0.03331 0.04997 -0.01822 -0.00375 -0.00667 0.04579 -0.01624 -0.02676 -0.01634 -0.01854 0.00157 -0.00396 0.00525 -0.02411 0.02613 0.01361 -0.03388 0.00789 0.00886 0.01057 0.01729 -0.04005 0.01846 -0.05571 0.02161 -0.01516 0.05346 -0.05383 -0.01075 0.04863 0.01194 0.04363 0.02467 0.02313 0.85021 -0.02493 -0.02134
0.01265 0.00310 0.04941 0.01299 0.00751 0.04360 -0.01208 -0.01442 -0.01500 0.05426 -0.00335 0.00613 -0.02597 -0.05179 -0.00514 -0.01894 -0.01070 0.06437 0.01204 -0.04864 0.00825 -0.03929 0.00657 -0.03316 0.04923 0.03327 0.04067 0.02051 -0.00612 0.04360 0.00616 0.01519 0.00701 -0.01588 -0.03775 0.00307 0.00416 0.04069 -0.02608 -0.04035 0.02150 -0.04367 -0.03120 0.00344 -0.05639 0.02854 0.04683 0.02493 0.14328 0.11097
-0.01632 0.04159 -0.03842 0.01510 0.02001 -0.04684 0.04170 -0.02537 0.01011 -0.03610 0.02055 -0.01208 -0.02207 0.02566 0.01780 0.01656 0.00971 -0.00381 -0.01754 0.01918 -0.02144 0.01923 -0.00638 0.00331 -0.05419 -0.03275 -0.07263 -0.04573 0.01586 -0.03995 -0.02197 -0.02377 0.00204 -0.00637 -0.02262 0.00156 -0.02200 -0.03755 -0.04734 -0.00491 0.03522 0.01068 0.07374 -0.00778 0.02821 -0.01600 -0.01099 0.02134 -0.11097 0.88500
