0.26223 0.01760 0.00554 0.06996 0.03524 -0.03930 -0.01385 -0.01897 0.00598 -0.00365 -0.03322 -0.04282 -0.01347 0.00368 -0.00187 -0.00406 0.03078 -0.00330 0.04932 -0.04755 0.02861 0.01049 0.00071 -0.04511 0.02498 0.01562 -0.01464 -0.04789 0.07435 0.04746 0.00115 -0.03223 0.01497 -0.02972 -0.06116 0.02513 -0.03927 0.01046 -0.01098 0.02798 -0.06768 -0.04500 -0.05546 -0.08157 -0.06767 0.02668 0.02855 -0.01244 0.02237 0.01646
-0.01760 0.64915 -0.05271 0.04596 0.03445 0.01552 0.03121 -0.00137 0.00465 -0.01937 0.09160 0.01369 0.04990 0.00038 0.05533 0.04441 0.01377 0.00335 -0.02456 -0.04602 -0.06460 0.02285 0.05885 -0.01442 0.01282 -0.00891 0.00118 -0.02702 0.01222 0.01418 -0.00076 -0.01711 0.03441 -0.02371 0.00164 0.00076 -0.01849 -0.02871 -0.03138 0.01552 0.05487 -0.03972 0.01120 -0.03367 0.00072 -0.01847 0.03281 -0.03145 0.00580 -0.03984
-0.00554 0.05271 0.16347 0.00792 0.02280 -0.06064 0.05301 -0.01133 0.07892 0.03192 -0.07441 -0.01276 0.05024 0.03826 0.06011 0.06785 0.05490 0.00069 0.05828 -0.03934 -0.03325 -0.01601 0.04107 -0.01617 -0.05958 0.00154 -0.00258 -0.00332 0.07818 0.04863 0.01362 -0.01482 0.01779 -0.03391 -0.00935 0.06343 -0.06067 -0.03878 -0.05306 0.04583 -0.07607 -0.03547 -0.02391 -0.00956 -0.01006 -0.04254 0.04450 -0.03778 -0.05401 0.06034
-0.06996 -0.04596 -0.00792 0.66968 0.05278 0.00860 -0.00746 -0.01257 0.01625 0.04645 0.06793 0.02964 -0.01595 0.03316 -0.02265 0.02424 -0.00277 -0.01826 -0.05628 0.04131 0.00207 0.06217 -0.01831 -0.06272 0.03012 -0.00605 -0.03402 0.00129 -0.03307 -0.01073 -0.01880 -0.01019 -0.04920 0.03131 0.06990 0.04555 0.03580 -0.02600 -0.02007 -0.01736 0.04777 0.03886 0.04840 -0.08032 -0.02628 0.01055 -0.05256 -0.00569 0.02778 -0.00863
-0.03524 -0.03445 -0.02280 -0.05278 0.43022 -0.01629 -0.02143 -0.02732 -0.01972 0.00056 0.06416 -0.02526 -0.01554 -0.00707 -0.06115 -0.02926 0.01206 0.01258 -0.06433 0.05961 0.06449 -0.05887 -0.00907 0.05158 -0.03136 -0.01471 0.02994 -0.00447 -0.01780 0.02987 0.03843 0.00051 -0.00593 0.06473 -0.00308 -0.01516 0.01128 0.04409 0.12763 -0.05105 0.04772 0.04371 0.02848 0.03555 -0.00766 -0.00851 -0.06206 0.03177 -0.05005 -0.03542
0.03930 -0.01552 0.06064 -0.00860 0.01629 0.65587 -0.06798 0.03781 0.00899 0.06419 -0.03458 -0.03100 -0.04514 -0.01181 0.01415 -0.01621 0.00470 -0.02116 0.03165 -0.00702 -0.00430 -0.10475 -0.03358 -0.00945 -0.00665 0.02920 -0.01399 -0.02736 0.01850 0.01424 -0.00019 0.07240 0.08779 -0.00133 -0.03542 0.00954 -0.00749 0.04543 0.03145 -0.00275 -0.02510 0.03470 -0.00748 0.01008 -0.02339 0.00590 -0.01927 -0.00382 -0.08568 0.05330
0.01385 -0.03121 -0.05301 0.00746 0.02143 0.06798 0.45985 -0.02899 -0.08913 -0.07756 0.03478 -0.00781 0.02980 -0.07115 -0.05840 -0.02914 -0.01097 0.04577 0.00092 -0.02532 0.05243 -0.03991 -0.01912 0.03901 -0.08958 -0.02581 0.05503 0.02058 -0.01298 0.02854 0.00165 -0.00011 0.00315 0.00397 -0.02658 -0.05690 0.00163 -0.00114 0.05670 0.00043 0.03050 0.00227 0.03147 0.00734 0.02052 -0.06349 -0.00535 -0.00306 -0.08370 -0.06673
0.01897 0.00137 0.01133 0.01257 0.02732 -0.03781 0.02899 0.61830 0.02820 0.02966 -0.04097 -0.01988 -0.00605 -0.00356 0.01033 0.04057 0.05555 -0.00541 0.04849 -0.03374 0.00510 0.00097 0.05650 -0.03426 0.00375 0.00642 -0.01846 -0.03533 0.05976 0.08564 -0.00211 -0.02526 0.03533 -0.00454 -0.05394 0.03492 -0.04857 -0.03554 -0.00763 0.07341 -0.05366 -0.04679 -0.03994 -0.02268 -0.00427 0.02355 0.04477 -0.04038 0.04099 0.04266
-0.00598 -0.00465 -0.07892 -0.01625 0.01972 -0.00899 0.08913 -0.02820 0.81177 -0.08336 0.02220 -0.03259 0.06824 0.00446 -0.02383 0.00075 0.01734 -0.04297 -0.00879 0.01032 0.00369 0.01501 -0.00872 0.03513 -0.05499 -0.03910 0.02550 0.00667 -0.01063 0.00179 -0.00389 -0.03822 -0.00779 0.05224 0.01159 0.00275 0.00853 -0.05816 0.03608 -0.04248 0.02544 0.03538 -0.02430 -0.00242 0.02446 -0.06556 0.00260 -0.02547 -0.04998 -0.01929
0.00365 0.01937 -0.03192 -0.04645 -0.00056 -0.06419 0.07756 -0.02966 0.08336 0.28330 -0.04549 -0.05588 0.05439 -0.00496 0.00891 0.02172 0.01395 0.03888 0.03317 -0.03406 0.02898 -0.13624 0.03370 0.03244 -0.06316 0.00492 0.03272 0.01610 0.03193 0.01127 0.00415 -0.01186 0.01812 0.04590 -0.05987 0.01131 -0.01082 0.04942 0.01300 0.00425 -0.03817 -0.05790 -0.03636 -0.00295 -0.00529 -0.06587 0.03372 -0.00364 -0.11222 0.02537
0.03322 -0.09160 0.07441 -0.06793 -0.06416 0.03458 -0.03478 0.04097 -0.02220 0.04549 0.97872 -0.01589 -0.02292 -0.01930 -0.01219 -0.03622 -0.01074 0.04681 -0.01809 0.01652 0.09060 -0.04374 -0.06717 0.02334 0.04876 0.01395 0.06214 0.05898 -0.00198 -0.02732 0.02414 0.03995 -0.01455 0.04357 0.03848 -0.01077 -0.01176 0.02808 0.04747 0.05140 -0.06424 0.02070 0.05323 0.04714 0.02253 0.02528 -0.02682 0.01003 0.00718 -0.01095
0.04282 -0.01369 0.01276 -0.02964 0.02526 0.03100 0.00781 0.01988 0.03259 0.05588 0.01589 0.26504 -0.01378 -0.04300 0.02262 -0.05625 -0.03679 0.05413 0.02144 -0.00157 -0.02883 -0.06486 -0.04320 0.00891 -0.00987 0.00347 0.01635 0.02126 -0.00731 0.03065 0.00879 0.05796 -0.00136 -0.03392 -0.05632 0.09225 0.00928 0.02156 -0.00534 0.02634 -0.00777 0.00693 0.04583 0.01298 0.04167 -0.01778 0.06869 -0.01640 -0.08569 0.01366
0.01347 -0.04990 -0.05024 0.01595 0.01554 0.04514 -0.02980 0.00605 -0.06824 -0.05439 0.02292 0.01378 0.59972 -0.05967 0.00168 -0.02015 -0.02993 -0.00999 -0.02318 0.04548 0.00334 0.01922 -0.05965 0.01369 0.00463 -0.05203 -0.00539 0.01334 -0.02325 -0.01777 -0.02780 0.01935 0.00465 0.01020 0.02225 -0.00161 0.03285 -0.05345 0.01378 -0.02230 0.04865 0.06701 -0.00965 -0.00586 0.00462 -0.02109 -0.04242 -0.00216 0.00631 0.01918
-0.00368 -0.00038 -0.03826 -0.03316 0.00707 0.01181 0.07115 0.00356 -0.00446 0.00496 0.01930 0.04300 0.05967 0.19266 -0.01059 0.02316 -0.02557 0.02146 -0.01963 0.03888 -0.04614 -0.00215 0.02435 0.01365 -0.04180 -0.05724 0.06582 0.00614 -0.01104 0.02559 0.00758 0.01048 -0.00311 -0.01000 0.04553 -0.00645 -0.03014 -0.04919 -0.01888 0.00513 0.02006 0.05431 0.03186 0.04859 0.07231 -0.06541 -0.01772 0.02687 -0.01118 -0.01123
0.00187 -0.05533 -0.06011 0.02265 0.06115 -0.01415 0.05840 -0.01033 0.02383 -0.00891 0.01219 -0.02262 -0.00168 0.01059 0.70256 0.02925 0.04288 -0.02360 -0.01732 0.03257 -0.04620 -0.01854 -0.00599 0.00683 -0.04730 -0.02912 0.00860 -0.04513 0.02491 0.08023 -0.02225 -0.02739 0.03418 -0.02805 0.02141 0.10073 -0.00274 -0.05461 0.03023 0.00200 0.04147 0.00152 0.02854 -0.04091 0.00166 -0.05721 -0.00873 -0.06191 -0.05657 -0.01085
0.00406 -0.04441 -0.06785 -0.02424 0.02926 0.01621 0.02914 -0.04057 -0.00075 -0.02172 0.03622 0.05625 0.02015 -0.02316 -0.02925 0.37158 0.00340 0.02067 -0.02534 -0.01198 0.00059 0.02091 -0.08724 -0.01020 -0.01628 -0.03101 0.04042 0.04276 -0.00080 0.05256 -0.01303 0.02132 -0.00118 -0.03035 0.02328 -0.00226 0.02224 -0.06272 -0.00656 -0.02911 0.04083 -0.00061 0.00439 0.02566 0.05537 -0.04472 0.02200 0.01500 -0.00335 -0.00247
-0.03078 -0.01377 -0.05490 0.00277 -0.01206 -0.00470 0.01097 -0.05555 -0.01734 -0.01395 0.01074 0.03679 0.02993 0.02557 -0.04288 -0.00340 1.03177 -0.00468 -0.00180 0.03027 -0.01404 -0.00231 -0.01201 -0.01861 0.01308 -0.01800 -0.01213 -0.03487 -0.00186 0.03226 -0.01493 -0.02437 -0.01821 0.02099 0.03790 -0.01838 -0.01701 -0.02335 0.01795 -0.01703 0.02054 0.02235 -0.01281 -0.01095 -0.02213 -0.02376 -0.01379 -0.00962 0.02168 -0.00071
0.00330 -0.00335 -0.00069 0.01826 -0.01258 0.02116 -0.04577 0.00541 0.04297 -0.03888 -0.04681 -0.05413 0.00999 -0.02146 0.02360 -0.02067 0.00468 0.72493 0.00602 -0.02049 -0.01132 -0.05028 -0.00915 0.00197 -0.02850 0.02255 0.02075 -0.00258 0.01878 -0.00613 0.01299 0.03944 0.06724 0.04367 -0.03738 -0.01327 0.00495 0.10901 -0.00099 0.00995 -0.01444 -0.00064 0.01057 0.00766 -0.00725 0.01820 0.01756 0.00578 -0.11474 -0.00221
-0.04932 0.02456 -0.05828 0.05628 0.06433 -0.03165 -0.00092 -0.04849 0.00879 -0.03317 0.01809 -0.02144 0.02318 0.01963 0.01732 0.02534 0.00180 -0.00602 1.03104 -0.04677 -0.04060 0.06958 0.02891 -0.05231 -0.02484 -0.05266 -0.01905 -0.03669 -0.01157 0.00373 -0.06432 -0.06186 0.04096 -0.04239 -0.03083 0.01016 0.02291 -0.03894 -0.05470 -0.01673 0.03215 -0.00249 0.00228 -0.03900 -0.02657 -0.02132 0.04518 -0.06129 -0.01447 0.02408
0.04755 0.04602 0.03934 -0.04131 -0.05961 0.00702 0.02532 0.03374 -0.01032 0.03406 -0.01652 0.00157 -0.04548 -0.03888 -0.03257 0.01198 -0.03027 0.02049 0.04677 0.52846 0.00545 0.00070 0.08071 0.05554 0.00439 0.00991 0.02708 -0.02178 -0.03393 0.01049 -0.05366 0.00102 -0.00766 -0.06115 -0.04763 0.03409 0.01807 0.00238 0.04667 0.00727 -0.03106 -0.03461 -0.00516 -0.00278 0.01722 -0.02149 0.01610 0.01908 0.04523 -0.04044
-0.02861 0.06460 0.03325 -0.00207 -0.06449 0.00430 -0.05243 -0.00510 -0.00369 -0.02898 -0.09060 0.02883 -0.00334 0.04614 0.04620 -0.00059 0.01404 0.01132 0.04060 -0.00545 0.66932 0.06511 -0.01226 -0.01041 0.00337 0.02672 -0.03842 0.03472 -0.01968 -0.06736 0.02444 -0.00709 -0.05508 0.05579 0.02548 -0.04965 0.00882 0.01007 -0.01717 0.03025 -0.04273 0.00114 -0.01164 0.03567 0.01920 0.07620 0.00465 0.04255 0.07582 0.03889
-0.01049 -0.02285 0.01601 -0.06217 0.05887 0.10475 0.03991 -0.00097 -0.01501 0.13624 0.04374 0.06486 -0.01922 0.00215 0.01854 -0.02091 0.00231 0.05028 -0.06958 -0.00070 -0.06511 0.24266 -0.02964 -0.01101 0.05838 -0.04174 0.03521 0.06365 -0.03532 0.04847 0.03368 0.06821 -0.05026 -0.01735 0.05707 0.00755 0.04259 -0.03075 -0.02678 -0.03641 0.04641 0.02827 0.04511 0.01816 0.06495 0.01671 -0.00914 -0.00406 0.02205 0.01923
-0.00071 -0.05885 -0.04107 0.01831 0.00907 0.03358 0.01912 -0.05650 0.00872 -0.03370 0.06717 0.04320 0.05965 -0.02435 0.00599 0.08724 0.01201 0.00915 -0.02891 -0.08071 0.01226 0.02964 0.50201 -0.03842 -0.01879 -0.03211 -0.01509 0.02739 0.01500 0.05727 -0.00766 0.01423 0.00322 -0.02569 0.02545 -0.06041 -0.05161 -0.02514 -0.02232 0.01119 0.01285 -0.06535 0.04122 0.04298 0.01316 -0.02044 0.03480 0.01813 0.02540 0.02787
0.04511 0.01442 0.01617 0.06272 -0.05158 0.00945 -0.03901 0.03426 -0.03513 -0.03244 -0.02334 -0.00891 -0.01369 -0.01365 -0.00683 0.01020 0.01861 -0.00197 0.05231 -0.05554 0.01041 0.01101 0.03842 0.11760 0.00039 0.03908 0.00432 -0.04364 0.01249 0.00634 -0.01685 -0.01161 0.04801 0.01588 -0.05420 -0.02723 -0.00368 0.00058 0.02504 0.00919 -0.02724 -0.02494 0.01102 -0.03020 -0.05413 0.04842 0.02661 0.02889 0.08406 -0.00946
-0.02498 -0.01282 0.05958 -0.03012 0.03136 0.00665 0.08958 -0.00375 0.05499 0.06316 -0.04876 0.00987 -0.00463 0.04180 0.04730 0.01628 -0.01308 0.02850 0.02484 -0.00439 -0.00337 -0.05838 0.01879 -0.00039 0.16988 -0.00905 -0.00437 0.01526 -0.01314 0.03981 -0.00923 0.05213 -0.02440 0.02951 -0.00048 0.00393 -0.00333 0.00196 -0.05375 0.02321 -0.01933 -0.02016 -0.02576 0.00004 -0.02923 0.02860 0.03368 -0.00936 -0.08670 0.06891
-0.01562 0.00891 -0.00154 0.00605 0.01471 -0.02920 0.02581 -0.00642 0.03910 -0.00492 -0.01395 -0.00347 0.05203 0.05724 0.02912 0.03101 0.01800 -0.02255 0.05266 -0.00991 -0.02672 0.04174 0.03211 -0.03908 0.00905 0.16354 -0.02899 0.00326 0.03622 0.01685 -0.01123 0.01081 0.00332 -0.02107 -0.01086 0.03117 -0.04303 -0.05949 -0.04664 0.04406 -0.04573 -0.01851 -0.00465 0.00976 0.00817 0.01260 0.03829 -0.00546 0.01897 0.05507
0.01464 -0.00118 0.00258 0.03402 -0.02994 0.01399 -0.05503 0.01846 -0.02550 -0.03272 -0.06214 -0.01635 0.00539 -0.06582 -0.00860 -0.04042 0.01213 -0.02075 0.01905 -0.02708 0.03842 -0.03521 0.01509 -0.00432 0.00437 0.02899 0.66121 0.02099 -0.02667 -0.00853 0.01424 0.00132 0.07514 0.03276 -0.04619 -0.05498 -0.00317 0.06185 0.00655 0.01198 -0.00182 -0.03124 -0.01183 0.03185 -0.02261 0.04061 0.02151 0.03378 -0.05559 0.05860
0.04789 0.02702 0.00332 -0.00129 0.00447 0.02736 -0.02058 0.03533 -0.00667 -0.01610 -0.05898 -0.02126 -0.01334 -0.00614 0.04513 -0.04276 0.03487 0.00258 0.03669 0.02178 -0.03472 -0.06365 -0.02739 0.04364 -0.01526 -0.00326 -0.02099 0.61334 0.01891 -0.02735 0.03690 0.01526 0.06658 0.00610 -0.05957 0.01211 -0.00400 0.02624 0.01767 0.02078 -0.07224 0.03462 -0.01073 0.02333 0.01260 -0.01892 -0.02515 -0.03518 -0.07902 0.05381
-0.07435 -0.01222 -0.07818 0.03307 0.01780 -0.01850 0.01298 -0.05976 0.01063 -0.03193 0.00198 0.00731 0.02325 0.01104 -0.02491 0.00080 0.00186 -0.01878 0.01157 0.03393 0.01968 0.03532 -0.01500 -0.01249 0.01314 -0.03622 0.02667 -0.01891 1.04582 0.02530 -0.03181 -0.02151 -0.02101 0.02166 0.04377 -0.01541 -0.01038 -0.03054 0.00128 -0.00544 0.03646 0.00365 -0.02604 -0.02264 -0.03276 -0.03155 -0.02342 -0.03752 0.00831 -0.00753
-0.04746 -0.01418 -0.04863 0.01073 -0.02987 -0.01424 -0.02854 -0.08564 -0.00179 -0.01127 0.02732 -0.03065 0.01777 -0.02559 -0.08023 -0.05256 -0.03226 0.00613 -0.00373 -0.01049 0.06736 -0.04847 -0.05727 -0.00634 -0.03981 -0.01685 0.00853 0.02735 -0.02530 0.53231 -0.03835 0.01543 -0.02007 0.02323 0.00211 -0.04225 -0.00291 0.04204 0.02625 -0.04768 0.01824 -0.01676 -0.00300 -0.02118 -0.02414 -0.01579 -0.02474 0.03162 -0.09698 0.00609
-0.00115 0.00076 -0.01362 0.01880 -0.03843 0.00019 -0.00165 0.00211 0.00389 -0.00415 -0.02414 -0.00879 0.02780 -0.00758 0.02225 0.01303 0.01493 -0.01299 0.06432 0.05366 -0.02444 -0.03368 0.00766 0.01685 0.00923 0.01123 -0.01424 -0.03690 0.03181 0.03835 1.02030 -0.00987 -0.01155 0.00242 0.02683 0.04976 -0.05281 -0.01329 -0.01578 0.05945 -0.05967 -0.00322 -0.03739 0.00695 -0.04687 -0.01433 0.01038 -0.01522 -0.01209 0.01558
0.03223 0.01711 0.01482 0.01019 -0.00051 -0.07240 0.00011 0.02526 0.03822 0.01186 -0.03995 -0.05796 -0.01935 -0.01048 0.02739 -0.02132 0.02437 -0.03944 0.06186 -0.00102 0.00709 -0.06821 -0.01423 0.01161 -0.05213 -0.01081 -0.00132 -0.01526 0.02151 -0.01543 0.00987 0.32035 0.02028 -0.02122 -0.04212 0.05794 -0.01927 0.01477 0.00639 0.01808 -0.04064 -0.00830 -0.02628 -0.01703 -0.04442 -0.03813 0.01365 -0.02425 -0.06932 0.00560
-0.01497 -0.03441 -0.01779 0.04920 0.00593 -0.08779 -0.00315 -0.03533 0.00779 -0.01812 0.01455 0.00136 -0.00465 0.00311 -0.03418 0.00118 0.01821 -0.06724 -0.04096 0.00766 0.05508 0.05026 -0.00322 -0.04801 0.02440 -0.00332 -0.07514 -0.06658 0.02101 0.02007 0.01155 -0.02028 0.60913 -0.07716 0.03162 0.02257 -0.02164 -0.00302 -0.08228 0.04329 0.05362 -0.02391 -0.01982 -0.04134 -0.02913 -0.01174 -0.01564 -0.00954 0.05202 -0.01975
0.02972 0.02371 0.03391 -0.03131 -0.06473 0.00133 -0.00397 0.00454 -0.05224 -0.04590 -0.04357 0.03392 -0.01020 0.01000 0.02805 0.03035 -0.02099 -0.04367 0.04239 0.06115 -0.05579 0.01735 0.02569 -0.01588 -0.02951 0.02107 -0.03276 -0.00610 -0.02166 -0.02323 -0.00242 0.02122 0.07716 0.36696 -0.00679 -0.04953 0.03735 -0.04829 0.02687 0.03140 -0.04034 0.07336 0.02226 0.05261 0.05332 0.03047 -0.07702 0.00322 0.06105 0.02858
0.06116 -0.00164 0.00935 -0.06990 0.00308 0.03542 0.02658 0.05394 -0.01159 0.05987 -0.03848 0.05632 -0.02225 -0.04553 -0.02141 -0.02328 -0.03790 0.03738 0.03083 0.04763 -0.02548 -0.05707 -0.02545 0.05420 0.00048 0.01086 0.04619 0.05957 -0.04377 -0.00211 -0.02683 0.04212 -0.03162 0.00679 0.86120 0.00203 0.03250 -0.02177 0.03858 -0.04000 -0.05210 0.04112 0.00583 0.05369 0.03734 -0.03198 -0.03076 0.03738 -0.02632 0.02959
-0.02513 -0.00076 -0.06343 -0.04555 0.01516 -0.00954 0.05690 -0.03492 -0.00275 -0.01131 0.01077 -0.09225 0.00161 0.00645 -0.10073 0.00226 0.01838 0.01327 -0.01016 -0.03409 0.04965 -0.00755 0.06041 0.02723 -0.00393 -0.03117 0.05498 -0.01211 0.01541 0.04225 -0.04976 -0.05794 -0.02257 0.04953 -0.00203 0.44615 -0.01714 0.01533 0.05806 0.01458 0.04983 -0.05217 -0.01479 -0.04851 -0.04050 -0.04566 0.01886 -0.01685 -0.04736 -0.02360
0.03927 0.01849 0.06067 -0.03580 -0.01128 0.00749 -0.00163 0.04857 -0.00853 0.01082 0.01176 -0.00928 -0.03285 0.03014 0.00274 -0.02224 0.01701 -0.00495 -0.02291 -0.01807 -0.00882 -0.04259 0.05161 0.00368 0.00333 0.04303 0.00317 0.00400 0.01038 0.00291 0.05281 0.01927 0.02164 -0.03735 -0.03250 0.01714 0.97171 0.00565 -0.03295 -0.08161 -0.00124 0.01277 -0.00367 0.01836 0.04969 0.05035 0.01048 0.05282 0.00322 0.03638
-0.01046 0.02871 0.03878 0.02600 -0.04409 -0.04543 0.00114 0.03554 0.05816 -0.04942 -0.02808 -0.02156 0.05345 0.04919 0.05461 0.06272 0.02335 -0.10901 0.03894 -0.00238 -0.01007 0.03075 0.02514 -0.00058 -0.00196 0.05949 -0.06185 -0.02624 0.03054 -0.04204 0.01329 -0.01477 0.00302 0.04829 0.02177 -0.01533 -0.00565 0.44674 -0.01781 0.01168 -0.00754 0.01063 -0.03283 0.01203 -0.02286 0.04912 -0.01554 -0.00322 0.02547 0.04824
0.01098 0.03138 0.05306 0.02007 -0.12763 -0.03145 -0.05670 0.00763 -0.03608 -0.01300 -0.04747 0.00534 -0.01378 0.01888 -0.03023 0.00656 -0.01795 0.00099 0.05470 -0.04667 0.01717 0.02678 0.02232 -0.02504 0.05375 0.04664 -0.00655 -0.01767 -0.00128 -0.02625 0.01578 -0.00639 0.08228 -0.02687 -0.03858 -0.05806 0.03295 0.01781 0.24736 -0.00309 -0.04217 -0.01040 -0.00515 0.03252 0.00553 0.05258 0.01209 0.03989 0.12644 0.06815
-0.02798 -0.01552 -0.04583 0.01736 0.05105 0.00275 -0.00043 -0.07341 0.04248 -0.00425 -0.05140 -0.02634 0.02230 -0.00513 -0.00200 0.02911 0.01703 -0.00995 0.01673 -0.00727 -0.03025 0.03641 -0.01119 -0.00919 -0.02321 -0.04406 -0.01198 -0.02078 0.00544 0.04768 -0.05945 -0.01808 -0.04329 -0.03140 0.04000 -0.01458 0.08161 -0.01168 0.00309 0.93437 0.00122 -0.00467 -0.03795 -0.00287 -0.00903 -0.06387 0.01839 -0.05333 0.03535 0.00646
0.06768 -0.05487 0.07607 -0.04777 -0.04772 0.02510 -0.03050 0.05366 -0.02544 0.03817 0.06424 0.00777 -0.04865 -0.02006 -0.04147 -0.04083 -0.02054 0.01444 -0.03215 0.03106 0.04273 -0.04641 -0.01285 0.02724 0.01933 0.04573 0.00182 0.07224 -0.03646 -0.01824 0.05967 0.04064 -0.05362 0.04034 0.05210 -0.04983 0.00124 0.00754 0.04217 -0.00122 1.00745 0.04315 0.05862 0.05139 0.02316 0.05208 -0.03082 0.06105 -0.00711 -0.02950
0.04500 0.03972 0.03547 -0.03886 -0.04371 -0.03470 -0.00227 0.04679 -0.03538 0.05790 -0.02070 -0.00693 -0.06701 -0.05431 -0.00152 0.00061 -0.02235 0.00064 0.00249 0.03461 -0.00114 -0.02827 0.06535 0.02494 0.02016 0.01851 0.03124 -0.03462 -0.00365 0.01676 0.00322 0.00830 0.02391 -0.07336 -0.04112 0.05217 -0.01277 -0.01063 0.01040 0.00467 -0.04315 0.72697 0.00080 0.00700 -0.00607 -0.03467 -0.00599 -0.00091 0.02849 -0.01945
0.05546 -0.01120 0.02391 -0.04840 -0.02848 0.00748 -0.03147 0.03994 0.02430 0.03636 -0.05323 -0.04583 0.00965 -0.03186 -0.02854 -0.00439 0.01281 -0.01057 -0.00228 0.00516 0.01164 -0.04511 -0.04122 -0.01102 0.02576 0.00465 0.01183 0.01073 0.02604 0.00300 0.03739 0.02628 0.01982 -0.02226 -0.00583 0.01479 0.00367 0.03283 0.00515 0.03795 -0.05862 -0.00080 0.89573 0.04730 0.06618 -0.01037 0.03074 -0.06870 0.00446 -0.06453
0.08157 0.03367 0.00956 0.08032 -0.03555 -0.01008 -0.00734 0.02268 0.00242 0.00295 -0.04714 -0.01298 0.00586 -0.04859 0.04091 -0.02566 0.01095 -0.00766 0.03900 0.00278 -0.03567 -0.01816 -0.04298 0.03020 -0.00004 -0.00976 -0.03185 -0.02333 0.02264 0.02118 -0.00695 0.01703 0.04134 -0.05261 -0.05369 0.04851 -0.01836 -0.01203 -0.03252 0.00287 -0.05139 -0.00700 -0.04730 0.27058 0.01207 -0.01751 0.04607 -0.02943 -0.03007 -0.00349
0.06767 -0.00072 0.01006 0.02628 0.00766 0.02339 -0.02052 0.00427 -0.02446 0.00529 -0.02253 -0.04167 -0.00462 -0.07231 -0.00166 -0.05537 0.02213 0.00725 0.02657 -0.01722 -0.01920 -0.06495 -0.01316 0.05413 0.02923 -0.00817 0.02261 -0.01260 0.03276 0.02414 0.04687 0.04442 0.02913 -0.05332 -0.03734 0.04050 -0.04969 0.02286 -0.00553 0.00903 -0.02316 0.00607 -0.06618 -0.01207 0.52220 -0.00597 0.04864 -0.06039 0.00740 -0.03782
-0.02668 0.01847 0.04254 -0.01055 0.00851 -0.00590 0.06349 -0.02355 0.06556 0.06587 -0.02528 0.01778 0.02109 0.06541 0.05721 0.04472 0.02376 -0.01820 0.02132 0.02149 -0.07620 -0.01671 0.02044 -0.04842 -0.02860 -0.01260 -0.04061 0.01892 0.03155 0.01579 0.01433 0.03813 0.01174 -0.03047 0.03198 0.04566 -0.05035 -0.04912 -0.05258 0.06387 -0.05208 0.03467 0.01037 0.01751 0.00597 0.31235 0.00720 -0.05164 -0.02250 0.04830
-0.02855 -0.03281 -0.04450 0.05256 0.06206 0.01927 0.00535 -0.04477 -0.00260 -0.03372 0.02682 -0.06869 0.04242 0.01772 0.00873 -0.02200 0.01379 -0.01756 -0.04518 -0.01610 -0.00465 0.00914 -0.03480 -0.02661 -0.03368 -0.03829 -0.02151 0.02515 0.02342 0.02474 -0.01038 -0.01365 0.01564 0.07702 0.03076 -0.01886 -0.01048 0.01554 -0.01209 -0.01839 0.03082 0.00599 -0.03074 -0.04607 -0.04864 -0.00720 0.76755 -0.02883 -0.10161 0.00518
0.01244 0.03145 0.03778 0.00569 -0.03177 0.00382 0.00306 0.04038 0.02547 0.00364 -0.01003 0.01640 0.00216 -0.02687 0.06191 -0.01500 0.00962 -0.00578 0.06129 -0.01908 -0.04255 0.00406 -0.01813 -0.02889 0.00936 0.00546 -0.03378 0.03518 0.03752 -0.03162 0.01522 0.02425 0.00954 -0.00322 -0.03738 0.01685 -0.05282 0.00322 -0.03989 0.05333 -0.06105 0.00091 0.06870 0.02943 0.06039 0.05164 0.02883 0.85610 -0.00051 0.00018
-0.02237 -0.00580 0.05401 -0.02778 0.05005 0.08568 0.08370 -0.04099 0.04998 0.11222 -0.00718 0.08569 -0.00631 0.01118 0.05657 0.00335 -0.02168 0.11474 0.01447 -0.04523 -0.07582 -0.02205 -0.02540 -0.08406 0.08670 -0.01897 0.05559 0.07902 -0.00831 0.09698 0.01209 0.06932 -0.05202 -0.06105 0.02632 0.04736 -0.00322 -0.02547 -0.12644 -0.03535 0.00711 -0.02849 -0.00446 0.03007 -0.00740 0.02250 0.10161 0.00051 0.16866 0.17078
-0.01646 0.03984 -0.06034 0.00863 0.03542 -0.05330 0.06673 -0.04266 0.01929 -0.02537 0.01095 -0.01366 -0.01918 0.01123 0.01085 0.00247 0.00071 0.00221 -0.02408 0.04044 -0.03889 -0.01923 -0.02787 0.00946 -0.06891 -0.05507 -0.05860 -0.05381 0.00753 -0.00609 -0.01558 -0.00560 0.01975 -0.02858 -0.02959 0.02360 -0.03638 -0.04824 -0.06815 -0.00646 0.02950 0.01945 0.06453 0.00349 0.03782 -0.04830 -0.00518 -0.00018 -0.17078 0.86420
