0.26412 -0.00671 -0.00897 0.07117 0.05694 -0.01456 -0.00069 -0.01997 0.00520 -0.00609 -0.03398 -0.02646 0.00129 -0.00165 0.02195 -0.01529 0.00557 0.00147 0.02972 -0.03619 0.00601 0.00428 -0.04258 -0.04556 0.02100 -0.00696 -0.02343 -0.02122 0.04576 0.04844 -0.00601 -0.00215 0.00972 -0.01980 -0.04515 0.02826 0.00255 -0.00266 -0.02373 0.02215 -0.05204 -0.02894 -0.03114 -0.06946 -0.05107 0.00928 0.02306 -0.02053 -0.01577 0.01814
0.00671 0.67395 -0.03105 0.03524 0.02738 -0.01107 0.01472 0.01287 -0.00249 0.00253 0.08919 0.01393 0.02250 -0.01609 0.02047 0.03101 0.01085 0.00387 -0.02552 -0.04750 -0.04922 0.01010 0.05691 -0.01693 0.01713 -0.00502 -0.00195 -0.03506 0.01825 0.00987 -0.00487 -0.01209 0.05695 -0.04872 -0.03056 0.00805 -0.00876 -0.02943 -0.02364 0.00679 0.05232 -0.02983 0.01971 -0.02922 0.00785 -0.01908 0.02898 -0.02731 0.00560 -0.04628
0.00897 0.03105 0.14074 0.02346 0.00777 -0.05977 0.02351 0.01133 0.04489 -0.00434 -0.05851 -0.01429 0.04076 0.02351 0.05225 0.05591 0.02216 -0.00999 0.05023 -0.02057 -0.01356 -0.01442 0.02148 0.00422 -0.04886 0.02310 -0.01424 -0.01748 0.04947 0.02346 -0.01231 -0.01756 0.02275 -0.00732 -0.00440 0.05145 -0.01111 -0.02731 -0.01306 0.04227 -0.05115 -0.02670 -0.01245 -0.01475 -0.02820 -0.03935 0.01342 -0.01916 -0.03929 0.03189
-0.07117 -0.03524 -0.02346 0.68620 0.05856 0.00574 -0.00982 -0.03086 0.02231 0.01203 0.05348 -0.01072 0.00241 0.01506 -0.03293 0.00813 0.00177 -0.00956 -0.04922 0.00790 0.01973 0.00777 -0.00950 -0.04366 -0.00238 -0.01331 -0.00189 0.01724 -0.02106 -0.00567 -0.00534 -0.02161 -0.01586 0.05282 0.03220 0.00635 0.01049 0.00965 -0.00036 -0.02420 0.03375 0.02616 0.03188 -0.06443 -0.02977 0.00056 -0.03188 -0.00637 -0.03018 -0.00401
-0.05694 -0.02738 -0.00777 -0.05856 0.45997 -0.01146 -0.01166 -0.03694 -0.00151 0.01483 0.06570 0.00370 -0.01226 0.01224 -0.03205 -0.01923 0.00436 0.01378 -0.05573 0.05939 0.04276 -0.01771 -0.00667 0.00831 -0.00923 -0.01673 0.01815 0.00999 -0.02200 0.02929 0.02904 0.00659 -0.03888 0.04353 0.02329 -0.00953 -0.00989 0.02483 0.05047 -0.04017 0.03889 0.04328 0.02875 0.04117 0.00544 0.01245 -0.04279 0.03336 -0.01026 -0.01938
0.01456 0.01107 0.05977 -0.00574 0.01146 0.72874 -0.04329 0.02625 0.03020 0.07598 -0.03656 -0.01112 -0.03245 0.01536 0.03130 -0.00392 -0.00330 -0.01135 0.02660 -0.00868 -0.00351 -0.04717 -0.02717 -0.01597 0.01257 0.02631 -0.02881 -0.01644 0.00634 -0.00293 0.00650 0.05749 0.02488 -0.00684 -0.00652 0.01316 -0.00457 0.04943 -0.01066 0.01295 -0.01708 0.00074 -0.01687 -0.00330 -0.02232 0.00933 -0.00308 -0.00292 -0.04094 0.04432
0.00069 -0.01472 -0.02351 0.00982 0.01166 0.04329 0.53615 -0.02543 -0.07200 -0.03941 0.02912 0.02792 0.00303 -0.03609 -0.04073 -0.00413 -0.00526 0.03294 -0.00161 -0.01925 0.03390 0.01574 -0.00002 0.00444 -0.02456 -0.01636 0.03147 0.01301 -0.01056 0.02280 0.01180 0.00204 -0.01721 -0.04132 -0.00614 -0.04266 -0.00985 -0.06163 0.00760 0.01436 0.01980 0.00292 0.03367 0.00297 0.02778 -0.01748 0.00104 -0.00327 0.02429 -0.04613
0.01997 -0.01287 -0.01133 0.03086 0.03694 -0.02625 0.02543 0.61367 0.02071 0.01138 -0.03925 -0.01614 0.00356 -0.01296 0.02570 0.02697 0.01964 -0.00933 0.02968 -0.01859 -0.00266 -0.00273 0.01920 -0.02379 -0.00219 -0.00676 -0.03389 -0.03294 0.02768 0.06938 -0.00968 -0.01275 0.02707 0.00430 -0.04096 0.04119 -0.01022 -0.03635 -0.00488 0.06922 -0.03620 -0.03875 -0.02817 -0.02648 -0.00948 0.00159 0.03202 -0.04667 0.01224 0.02700
-0.00520 0.00249 -0.04489 -0.02231 0.00151 -0.03020 0.07200 -0.02071 0.82940 -0.05708 0.02267 -0.01715 0.03422 0.00370 -0.02868 0.00906 0.02261 -0.03995 -0.00385 0.00419 0.01408 0.03432 0.01022 0.01343 -0.02823 -0.01841 0.01893 0.00159 -0.00221 -0.00323 -0.00260 -0.03707 -0.01446 0.02697 0.00757 -0.00177 0.01238 -0.06291 0.02753 -0.04132 0.02078 0.02868 -0.01710 0.00196 0.02772 -0.03448 0.00457 -0.01036 0.02268 -0.01672
0.00609 -0.00253 0.00434 -0.01203 -0.01483 -0.07598 0.03941 -0.01138 0.05708 0.31039 -0.03329 -0.01335 0.01975 -0.00096 0.02698 0.03938 0.00663 -0.02079 0.02964 -0.00364 0.00808 -0.04302 0.01875 0.00078 -0.02519 0.02681 -0.02721 -0.00851 0.02470 -0.00250 -0.00730 0.00388 0.01069 0.01636 -0.03390 0.01613 0.01236 -0.01418 -0.00118 0.01319 -0.02671 -0.02651 -0.01563 0.00047 -0.00707 -0.02612 0.00100 0.00862 -0.04028 0.03272
0.03398 -0.08919 0.05851 -0.05348 -0.06570 0.03656 -0.02912 0.03925 -0.02267 0.03329 0.98518 -0.01263 -0.01762 -0.01779 -0.00628 -0.03330 -0.01271 0.03466 -0.02348 0.03902 0.08650 -0.04359 -0.07138 0.03881 0.04209 0.01753 0.04705 0.04281 -0.00936 -0.02689 0.03733 0.03830 -0.02756 0.04681 0.04783 0.00311 -0.01376 0.02688 0.04921 0.05704 -0.05834 0.01862 0.04242 0.03711 0.01406 0.01346 -0.04062 0.00705 0.00737 -0.01938
0.02646 -0.01393 0.01429 0.01072 -0.00370 0.01112 -0.02792 0.01614 0.01715 0.01335 0.01263 0.30634 0.00037 -0.02191 0.01916 -0.03538 -0.02171 0.02136 0.01895 -0.02127 -0.01138 -0.01586 -0.02665 -0.01148 0.00409 0.02600 -0.01910 -0.00288 -0.00282 0.00068 0.01526 0.02210 0.02476 -0.00614 -0.04339 0.04004 -0.00080 0.02913 0.00099 0.04022 -0.00311 -0.00140 0.03577 -0.00421 0.01493 0.02205 0.04016 -0.00385 -0.01201 0.01873
-0.00129 -0.02250 -0.04076 -0.00241 0.01226 0.03245 -0.00303 -0.00356 -0.03422 -0.01975 0.01762 -0.00037 0.59567 -0.04250 -0.01242 -0.00694 -0.01264 0.01638 -0.01575 0.01986 0.01906 0.01511 -0.02187 0.01686 0.00547 -0.05005 0.01666 0.01618 -0.01362 -0.01017 -0.01495 -0.02781 -0.01045 0.00686 0.01499 0.00181 0.00875 -0.03575 0.01016 -0.01822 0.03445 0.02767 -0.02670 -0.02081 -0.00126 -0.02219 -0.01407 -0.00244 0.02038 0.01911
0.00165 0.01609 -0.02351 -0.01506 -0.01224 -0.01536 0.03609 0.01296 -0.00370 0.00096 0.01779 0.02191 0.04250 0.22655 -0.02009 0.03198 -0.02087 0.00837 -0.02096 0.02832 -0.01724 0.01558 0.04442 0.01989 -0.03580 -0.03240 0.04846 -0.01658 -0.00978 -0.00099 0.01082 -0.01716 -0.01214 -0.01489 0.03658 -0.00432 -0.02099 -0.02817 0.01041 0.01158 0.02009 0.02377 0.03105 0.01607 0.04053 -0.05196 -0.02112 0.03242 0.04563 -0.02704
-0.02195 -0.02047 -0.05225 0.03293 0.03205 -0.03130 0.04073 -0.02570 0.02868 -0.02698 0.00628 -0.01916 0.01242 0.02009 0.76731 0.03239 0.02478 -0.02076 -0.01659 -0.00331 -0.01284 0.01377 0.01529 -0.01352 -0.03404 -0.01903 -0.01790 -0.03943 0.01589 0.05916 -0.02098 -0.04988 0.01767 -0.02361 0.01272 0.04515 -0.00308 -0.03511 -0.00174 0.01465 0.03683 -0.02839 0.01764 -0.04373 -0.01036 -0.03619 0.02048 -0.04772 -0.01219 -0.01442
0.01529 -0.03101 -0.05591 -0.00813 0.01923 0.00392 0.00413 -0.02697 -0.00906 -0.03938 0.03330 0.03538 0.00694 -0.03198 -0.03239 0.37583 0.00670 0.00512 -0.02410 -0.01045 0.01848 0.02719 -0.05597 0.00289 -0.02329 -0.01247 0.03295 0.01851 -0.00182 0.03075 -0.00852 -0.00002 -0.00306 -0.03867 0.00699 -0.00138 0.00969 -0.04528 0.01305 -0.02432 0.03070 -0.00563 -0.01084 0.01087 0.03835 -0.02998 0.01427 0.02301 0.02581 -0.01853
-0.00557 -0.01085 -0.02216 -0.00177 -0.00436 0.00330 0.00526 -0.01964 -0.02261 -0.00663 0.01271 0.02171 0.01264 0.02087 -0.02478 -0.00670 1.05312 0.00229 -0.01694 0.01618 -0.01059 -0.00043 -0.01443 -0.00310 0.00284 -0.00734 -0.01480 -0.01406 0.00130 0.00014 -0.01231 -0.01563 -0.01333 0.01917 0.02902 -0.01025 0.00841 -0.00631 0.01910 -0.01900 0.02689 0.01645 0.00367 -0.01025 -0.00624 -0.01469 -0.01359 0.00141 0.01292 -0.00922
-0.00147 -0.00387 0.00999 0.00956 -0.01378 0.01135 -0.03294 0.00933 0.03995 0.02079 -0.03466 -0.02136 -0.01638 -0.00837 0.02076 -0.00512 -0.00229 0.77291 0.00859 0.00454 -0.02312 -0.01374 -0.00326 -0.01349 0.00520 0.02296 0.00165 -0.01473 0.01608 -0.00027 -0.00503 0.03840 0.03723 0.00728 -0.01960 0.01294 0.00505 0.06246 -0.02242 0.01877 -0.01327 0.00584 0.01499 -0.00275 -0.00819 0.01884 0.01224 0.00751 -0.03844 -0.00704
-0.02972 0.02552 -0.05023 0.04922 0.05573 -0.02660 0.00161 -0.02968 0.00385 -0.02964 0.02348 -0.01895 0.01575 0.02096 0.01659 0.02410 0.01694 -0.00859 1.04549 -0.04067 -0.04193 0.05808 0.02852 -0.03827 -0.02881 -0.03797 -0.02590 -0.03559 0.00737 -0.00208 -0.05182 -0.05183 0.03401 -0.03921 -0.02776 0.01292 0.03655 -0.03272 -0.04805 -0.02337 0.03984 -0.00453 0.00631 -0.03798 -0.02243 -0.01872 0.03575 -0.04069 -0.01034 0.01912
0.03619 0.04750 0.02057 -0.00790 -0.05939 0.00868 0.01925 0.01859 -0.00419 0.00364 -0.03902 0.02127 -0.01986 -0.02832 0.00331 0.01045 -0.01618 -0.00454 0.04067 0.58516 -0.02520 0.01933 0.04013 0.02944 -0.00877 -0.00198 -0.00292 -0.02081 -0.02579 -0.00270 -0.00977 0.01664 0.02168 -0.05565 -0.02800 0.01207 0.00719 -0.00587 0.00301 0.01072 -0.03215 -0.00363 -0.00773 0.01904 0.03127 -0.00952 0.00684 0.00512 0.02925 0.00341
-0.00601 0.04922 0.01356 -0.01973 -0.04276 0.00351 -0.03390 0.00266 -0.01408 -0.00808 -0.08650 0.01138 -0.01906 0.01724 0.01284 -0.01848 0.01059 0.02312 0.04193 0.02520 0.72734 0.00132 -0.02505 0.02578 -0.01608 0.01133 -0.00018 0.01301 -0.01999 -0.04220 0.00861 0.00303 -0.03793 0.05197 0.00725 -0.00199 0.00470 0.01119 0.02471 0.02150 -0.04327 0.01536 -0.01217 0.03437 0.01462 0.03214 -0.01182 0.02495 0.00200 0.01694
-0.00428 -0.01010 0.01442 -0.00777 0.01771 0.04717 -0.01574 0.00273 -0.03432 0.04302 0.04359 0.01586 -0.01511 -0.01558 -0.01377 -0.02719 0.00043 0.01374 -0.05808 -0.01933 -0.00132 0.22882 -0.00817 0.00940 0.04098 -0.00605 0.02448 0.01683 -0.03476 0.01810 0.02147 0.00241 -0.00829 0.00500 0.02315 -0.02124 0.01172 0.03068 0.01672 -0.03037 0.03730 0.01304 0.01712 -0.01367 0.01922 0.03597 -0.02027 0.01287 0.02590 -0.00962
0.04258 -0.05691 -0.02148 0.00950 0.00667 0.02717 0.00002 -0.01920 -0.01022 -0.01875 0.07138 0.02665 0.02187 -0.04442 -0.01529 0.05597 0.01443 0.00326 -0.02852 -0.04013 0.02505 0.00817 0.55012 -0.00913 -0.02111 -0.01692 -0.01613 0.00915 0.02186 0.03422 -0.00970 0.01462 -0.00073 -0.06212 -0.00023 -0.03062 -0.02229 -0.02311 0.01012 -0.00787 0.02090 -0.04257 0.04639 0.03104 0.01463 -0.03333 0.00872 0.02613 0.02762 -0.00790
0.04556 0.01693 -0.00422 0.04366 -0.00831 0.01597 -0.00444 0.02379 -0.01343 -0.00078 -0.03881 0.01148 -0.01686 -0.01989 0.01352 -0.00289 0.00310 0.01349 0.03827 -0.02944 -0.02578 -0.00940 0.00913 0.15085 -0.00558 0.00187 0.01045 -0.03053 0.00168 0.03233 -0.00509 0.01692 0.02642 -0.02934 -0.04874 0.02779 -0.00016 -0.02510 -0.04683 0.00907 -0.03060 -0.01746 0.01652 -0.02604 -0.02083 0.01250 0.04350 -0.00441 0.04018 -0.00588
-0.02100 -0.01713 0.04886 0.00238 0.00923 -0.01257 0.02456 0.00219 0.02823 0.02519 -0.04209 -0.00409 -0.00547 0.03580 0.03404 0.02329 -0.00284 -0.00520 0.02881 0.00877 0.01608 -0.04098 0.02111 0.00558 0.17799 0.01177 -0.02911 -0.02244 -0.00537 0.01672 -0.00847 0.02459 -0.00260 0.04626 -0.00320 -0.01123 -0.00086 0.01455 -0.02406 0.02524 -0.00754 -0.01335 -0.03108 -0.01242 -0.05221 0.04829 0.00224 -0.00330 -0.04712 0.05703
0.00696 0.00502 -0.02310 0.01331 0.01673 -0.02631 0.01636 0.00676 0.01841 -0.02681 -0.01753 -0.02600 0.05005 0.03240 0.01903 0.01247 0.00734 -0.02296 0.03797 0.00198 -0.01133 0.00605 0.01692 -0.00187 -0.01177 0.18084 -0.02422 -0.00713 0.02748 0.00282 -0.01005 0.01057 0.01092 -0.00533 -0.02794 0.03225 -0.01465 -0.03436 -0.00232 0.03701 -0.03048 -0.01862 -0.00423 0.00383 -0.00253 -0.01958 0.02417 -0.00907 -0.02643 0.02875
0.02343 0.00195 0.01424 0.00189 -0.01815 0.02881 -0.03147 0.03389 -0.01893 0.02721 -0.04705 0.01910 -0.01666 -0.04846 0.01790 -0.03295 0.01480 -0.00165 0.02590 0.00292 0.00018 -0.02448 0.01613 -0.01045 0.02911 0.02422 0.68928 0.02918 -0.01884 0.00093 -0.00052 0.01956 0.03432 -0.01096 -0.01991 0.00253 -0.00698 0.03050 -0.03002 0.01438 -0.00375 -0.01638 -0.00025 0.03241 -0.00353 0.03807 0.02356 0.02592 -0.01970 0.06406
0.02122 0.03506 0.01748 -0.01724 -0.00999 0.01644 -0.01301 0.03294 -0.00159 0.00851 -0.04281 0.00288 -0.01618 0.01658 0.03943 -0.01851 0.01406 0.01473 0.03559 0.02081 -0.01301 -0.01683 -0.00915 0.03053 0.02244 0.00713 -0.02918 0.64255 0.00157 -0.03867 0.01305 -0.00518 0.01523 0.00715 -0.03008 0.02786 0.01080 0.02137 0.00189 0.03495 -0.05968 0.00765 -0.00797 0.00227 -0.00566 -0.00408 -0.01624 -0.02304 -0.01382 0.03850
-0.04576 -0.01825 -0.04947 0.02106 0.02200 -0.00634 0.01056 -0.02768 0.00221 -0.02470 0.00936 0.00282 0.01362 0.00978 -0.01589 0.00182 -0.00130 -0.01608 -0.00737 0.02579 0.01999 0.03476 -0.02186 -0.00168 0.00537 -0.02748 0.01884 -0.00157 1.06284 0.00673 -0.03305 -0.01069 -0.01795 0.02339 0.04180 -0.00920 0.01851 -0.02203 0.00600 -0.00976 0.04706 0.00147 -0.01074 -0.02123 -0.01725 -0.02410 -0.02945 -0.01379 0.00883 -0.01551
-0.04844 -0.00987 -0.02346 0.00567 -0.02929 0.00293 -0.02280 -0.06938 0.00323 0.00250 0.02689 -0.00068 0.01017 0.00099 -0.05916 -0.03075 -0.00014 0.00027 0.00208 0.00270 0.04220 -0.01810 -0.03422 -0.03233 -0.01672 -0.00282 -0.00093 0.03867 -0.00673 0.57917 -0.01643 0.02817 -0.04166 0.00142 0.02575 -0.03932 -0.00478 0.00749 -0.00827 -0.04753 0.01764 0.00185 0.00416 -0.01224 0.00083 0.02431 -0.03079 0.04114 -0.02903 0.03447
0.00601 0.00487 0.01231 0.00534 -0.02904 -0.00650 -0.01180 0.00968 0.00260 0.00730 -0.03733 -0.01526 0.01495 -0.01082 0.02098 0.00852 0.01231 0.00503 0.05182 0.00977 -0.00861 -0.02147 0.00970 0.00509 0.00847 0.01005 0.00052 -0.01305 0.03305 0.01643 1.04486 -0.00720 0.00849 -0.00062 -0.00192 0.02597 -0.02620 -0.00106 -0.00791 0.05139 -0.05687 -0.00932 -0.01935 0.01158 -0.03106 -0.00115 0.02054 -0.01268 -0.00482 0.01894
0.00215 0.01209 0.01756 0.02161 -0.00659 -0.05749 -0.00204 0.01275 0.03707 -0.00388 -0.03830 -0.02210 0.02781 0.01716 0.04988 0.00002 0.01563 -0.03840 0.05183 -0.01664 -0.00303 -0.00241 -0.01462 -0.01692 -0.02459 -0.01057 -0.01956 0.00518 0.01069 -0.02817 0.00720 0.35836 0.00375 -0.00416 -0.01392 0.03422 0.00026 0.00139 -0.01665 0.02951 -0.03090 -0.01700 -0.01415 -0.00712 -0.04097 -0.00445 0.01638 -0.01721 -0.01595 0.02468
-0.00972 -0.05695 -0.02275 0.01586 0.03888 -0.02488 0.01721 -0.02707 0.01446 -0.01069 0.02756 -0.02476 0.01045 0.01214 -0.01767 0.00306 0.01333 -0.03723 -0.03401 -0.02168 0.03793 0.00829 0.00073 -0.02642 0.00260 -0.01092 -0.03432 -0.01523 0.01795 0.04166 -0.00849 -0.00375 0.69638 0.00474 0.03070 0.00800 -0.01671 0.00112 -0.05204 0.02729 0.05045 -0.01693 -0.00969 -0.03434 -0.02086 -0.02146 0.00816 -0.01013 -0.01668 0.00060
0.01980 0.04872 0.00732 -0.05282 -0.04353 0.00684 0.04132 -0.00430 -0.02697 -0.01636 -0.04681 0.00614 -0.00686 0.01489 0.02361 0.03867 -0.01917 -0.00728 0.03921 0.05565 -0.05197 -0.00500 0.06212 0.02934 -0.04626 0.00533 0.01096 -0.00715 -0.02339 -0.00142 0.00062 0.00416 -0.00474 0.42203 -0.00501 -0.00100 0.02081 -0.03293 0.04376 0.03351 -0.04348 0.02962 0.00679 0.02448 0.03601 -0.01660 -0.04059 -0.01394 0.01575 0.00024
0.04515 0.03056 0.00440 -0.03220 -0.02329 0.00652 0.00614 0.04096 -0.00757 0.03390 -0.04783 0.04339 -0.01499 -0.03658 -0.01272 -0.00699 -0.02902 0.01960 0.02776 0.02800 -0.00725 -0.02315 0.00023 0.04874 0.00320 0.02794 0.01991 0.03008 -0.04180 -0.02575 0.00192 0.01392 -0.03070 0.00501 0.88587 -0.01645 0.02237 -0.00620 0.03394 -0.02368 -0.05244 0.01247 -0.00838 0.03612 0.01235 -0.01162 -0.03029 0.03656 0.03129 0.02816
-0.02826 -0.00805 -0.05145 -0.00635 0.00953 -0.01316 0.04266 -0.04119 0.00177 -0.01613 -0.00311 -0.04004 -0.00181 0.00432 -0.04515 0.00138 0.01025 -0.01294 -0.01292 -0.01207 0.00199 0.02124 0.03062 -0.02779 0.01123 -0.03225 -0.00253 -0.02786 0.00920 0.03932 -0.02597 -0.03422 -0.00800 0.00100 0.01645 0.48525 -0.01823 -0.01332 -0.01894 0.02065 0.04061 -0.02346 -0.00983 -0.02225 -0.02489 -0.02345 0.00617 -0.02201 -0.00935 0.00414
-0.00255 0.00876 0.01111 -0.01049 0.00989 0.00457 0.00985 0.01022 -0.01238 -0.01236 0.01376 0.00080 -0.00875 0.02099 0.00308 -0.00969 -0.00841 -0.00505 -0.03655 -0.00719 -0.00470 -0.01172 0.02229 0.00016 0.00086 0.01465 0.00698 -0.01080 -0.01851 0.00478 0.02620 -0.00026 0.01671 -0.02081 -0.02237 0.01823 0.98434 -0.00796 -0.02912 -0.05613 0.01434 0.00551 -0.01241 -0.00639 0.02275 0.01805 0.00277 0.03467 -0.00135 0.02315
0.00266 0.02943 0.02731 -0.00965 -0.02483 -0.04943 0.06163 0.03635 0.06291 0.01418 -0.02688 -0.02913 0.03575 0.02817 0.03511 0.04528 0.00631 -0.06246 0.03272 0.00587 -0.01119 -0.03068 0.02311 0.02510 -0.01455 0.03436 -0.03050 -0.02137 0.02203 -0.00749 0.00106 -0.00139 -0.00112 0.03293 0.00620 0.01332 0.00796 0.49949 -0.00760 0.00402 -0.00702 0.00135 -0.02962 0.01264 -0.01707 -0.00965 -0.00500 -0.01541 -0.02932 0.02694
0.02373 0.02364 0.01306 0.00036 -0.05047 0.01066 -0.00760 0.00488 -0.02753 0.00118 -0.04921 -0.00099 -0.01016 -0.01041 0.00174 -0.01305 -0.01910 0.02242 0.04805 -0.00301 -0.02471 -0.01672 -0.01012 0.04683 0.02406 0.00232 0.03002 -0.00189 -0.00600 0.00827 0.00791 0.01665 0.05204 -0.04376 -0.03394 0.01894 0.02912 0.00760 0.28780 -0.01377 -0.03700 0.00530 -0.00348 0.02464 0.02502 -0.00392 0.01747 0.00968 0.03211 0.04663
-0.02215 -0.00679 -0.04227 0.02420 0.04017 -0.01295 -0.01436 -0.06922 0.04132 -0.01319 -0.05704 -0.04022 0.01822 -0.01158 -0.01465 0.02432 0.01900 -0.01877 0.02337 -0.01072 -0.02150 0.03037 0.00787 -0.00907 -0.02524 -0.03701 -0.01438 -0.03495 0.00976 0.04753 -0.05139 -0.02951 -0.02729 -0.03351 0.02368 -0.02065 0.05613 -0.00402 0.01377 0.93785 -0.01912 -0.00283 -0.04950 -0.00680 -0.02193 -0.05841 0.02042 -0.04974 0.03613 0.00832
0.05204 -0.05232 0.05115 -0.03375 -0.03889 0.01708 -0.01980 0.03620 -0.02078 0.02671 0.05834 0.00311 -0.03445 -0.02009 -0.03683 -0.03070 -0.02689 0.01327 -0.03984 0.03215 0.04327 -0.03730 -0.02090 0.03060 0.00754 0.03048 0.00375 0.05968 -0.04706 -0.01764 0.05687 0.03090 -0.05045 0.04348 0.05244 -0.04061 -0.01434 0.00702 0.03700 0.01912 1.01873 0.03205 0.04886 0.03978 0.01059 0.03293 -0.03122 0.04507 -0.02318 -0.03237
0.02894 0.02983 0.02670 -0.02616 -0.04328 -0.00074 -0.00292 0.03875 -0.02868 0.02651 -0.01862 0.00140 -0.02767 -0.02377 0.02839 0.00563 -0.01645 -0.00584 0.00453 0.00363 -0.01536 -0.01304 0.04257 0.01746 0.01335 0.01862 0.01638 -0.00765 -0.00147 -0.00185 0.00932 0.01700 0.01693 -0.02962 -0.01247 0.02346 -0.00551 -0.00135 -0.00530 0.00283 -0.03205 0.77753 0.00880 0.01985 0.00395 -0.00986 -0.00028 0.00416 0.01577 0.00750
0.03114 -0.01971 0.01245 -0.03188 -0.02875 0.01687 -0.03367 0.02817 0.01710 0.01563 -0.04242 -0.03577 0.02670 -0.03105 -0.01764 0.01084 -0.00367 -0.01499 -0.00631 0.00773 0.01217 -0.01712 -0.04639 -0.01652 0.03108 0.00423 0.00025 0.00797 0.01074 -0.00416 0.01935 0.01415 0.00969 -0.00679 0.00838 0.00983 0.01241 0.02962 0.00348 0.04950 -0.04886 -0.00880 0.90438 0.03475 0.04341 -0.00596 0.02400 -0.06152 0.02635 -0.06904
0.06946 0.02922 0.01475 0.06443 -0.04117 0.00330 -0.00297 0.02648 -0.00196 -0.00047 -0.03711 0.00421 0.02081 -0.01607 0.04373 -0.01087 0.01025 0.00275 0.03798 -0.01904 -0.03437 0.01367 -0.03104 0.02604 0.01242 -0.00383 -0.03241 -0.00227 0.02123 0.01224 -0.01158 0.00712 0.03434 -0.02448 -0.03612 0.02225 0.00639 -0.01264 -0.02464 0.00680 -0.03978 -0.01985 -0.03475 0.30000 0.01470 0.00042 0.04842 -0.01430 -0.00011 0.00553
0.05107 -0.00785 0.02820 0.02977 -0.00544 0.02232 -0.02778 0.00948 -0.02772 0.00707 -0.01406 -0.01493 0.00126 -0.04053 0.01036 -0.03835 0.00624 0.00819 0.02243 -0.03127 -0.01462 -0.01922 -0.01463 0.02083 0.05221 0.00253 0.00353 0.00566 0.01725 -0.00083 0.03106 0.04097 0.02086 -0.03601 -0.01235 0.02489 -0.02275 0.01707 -0.02502 0.02193 -0.01059 -0.00395 -0.04341 -0.01470 0.54192 0.02251 0.04404 -0.04998 0.05886 -0.03073
-0.00928 0.01908 0.03935 -0.00056 -0.01245 -0.00933 0.01748 -0.00159 0.03448 0.02612 -0.01346 -0.02205 0.02219 0.05196 0.03619 0.02998 0.01469 -0.01884 0.01872 0.00952 -0.03214 -0.03597 0.03333 -0.01250 -0.04829 0.01958 -0.03807 0.00408 0.02410 -0.02431 0.00115 0.00445 0.02146 0.01660 0.01162 0.02345 -0.01805 0.00965 0.00392 0.05841 -0.03293 0.00986 0.00596 -0.00042 -0.02251 0.30477 -0.00910 -0.02581 -0.02694 0.01240
-0.02306 -0.02898 -0.01342 0.03188 0.04279 0.00308 -0.00104 -0.03202 -0.00457 -0.00100 0.04062 -0.04016 0.01407 0.02112 -0.02048 -0.01427 0.01359 -0.01224 -0.03575 -0.00684 0.01182 0.02027 -0.00872 -0.04350 -0.00224 -0.02417 -0.02356 0.01624 0.02945 0.03079 -0.02054 -0.01638 -0.00816 0.04059 0.03029 -0.00617 -0.00277 0.00500 -0.01747 -0.02042 0.03122 0.00028 -0.02400 -0.04842 -0.04404 0.00910 0.80167 -0.00962 -0.03231 -0.00309
0.02053 0.02731 0.01916 0.00637 -0.03336 0.00292 0.00327 0.04667 0.01036 -0.00862 -0.00705 0.00385 0.00244 -0.03242 0.04772 -0.02301 -0.00141 -0.00751 0.04069 -0.00512 -0.02495 -0.01287 -0.02613 0.00441 0.00330 0.00907 -0.02592 0.02304 0.01379 -0.04114 0.01268 0.01721 0.01013 0.01394 -0.03656 0.02201 -0.03467 0.01541 -0.00968 0.04974 -0.04507 -0.00416 0.06152 0.01430 0.04998 0.02581 0.00962 0.84980 -0.01309 -0.02710
0.01577 -0.00560 0.03929 0.03018 0.01026 0.04094 -0.02429 -0.01224 -0.02268 0.04028 -0.00737 0.01201 -0.02038 -0.04563 0.01219 -0.02581 -0.01292 0.03844 0.01034 -0.02925 -0.00200 -0.02590 -0.02762 -0.04018 0.04712 0.02643 0.01970 0.01382 -0.00883 0.02903 0.00482 0.01595 0.01668 -0.01575 -0.03129 0.00935 0.00135 0.02932 -0.03211 -0.03613 0.02318 -0.01577 -0.02635 0.00011 -0.05886 0.02694 0.03231 0.01309 0.14295 0.11818
-0.01814 0.04628 -0.03189 0.00401 0.01938 -0.04432 0.04613 -0.02700 0.01672 -0.03272 0.01938 -0.01873 -0.01911 0.02704 0.01442 0.01853 0.00922 0.00704 -0.01912 -0.00341 -0.01694 0.00962 0.00790 0.00588 -0.05703 -0.02875 -0.06406 -0.03850 0.01551 -0.03447 -0.01894 -0.02468 -0.00060 -0.00024 -0.02816 -0.00414 -0.02315 -0.02694 -0.04663 -0.00832 0.03237 -0.00750 0.06904 -0.00553 0.03073 -0.01240 0.00309 0.02710 -0.11818 0.88621
