0.25140 0.01271 0.00261 0.07569 0.04541 -0.03161 -0.00932 -0.01492 0.01028 -0.01225 -0.03448 -0.05018 -0.00548 0.00284 0.00657 0.01437 0.02465 -0.00976 0.04501 -0.05421 0.02057 0.01797 0.00352 -0.03555 0.01350 0.02455 -0.02468 -0.05431 0.06889 0.05589 0.00576 -0.03595 0.00874 -0.02803 -0.05946 0.03635 -0.04162 0.01249 0.00018 0.03471 -0.07182 -0.05681 -0.06228 -0.09336 -0.07274 0.02419 0.02704 -0.00496 0.03563 0.01739
-0.01271 0.64585 -0.05101 0.05129 0.03854 0.02457 0.03206 0.00349 0.00714 -0.02607 0.08918 0.00440 0.05213 -0.00271 0.07070 0.06040 0.01026 -0.00183 -0.02740 -0.05279 -0.07152 0.02700 0.06900 -0.00470 -0.00107 0.00037 -0.00986 -0.03409 0.00942 0.01522 0.00454 -0.02194 0.02670 -0.02224 -0.00060 0.01412 -0.02062 -0.02245 -0.02266 0.02033 0.05057 -0.05244 0.00638 -0.04313 -0.00470 -0.01844 0.03258 -0.02699 0.01873 -0.04153
-0.00261 0.05101 0.16103 0.00504 0.02796 -0.05649 0.06005 -0.00988 0.07887 0.03505 -0.07386 -0.01196 0.05567 0.03534 0.06261 0.07797 0.05397 0.00230 0.05796 -0.03937 -0.03899 -0.01907 0.03714 -0.01298 -0.06696 0.00216 -0.00890 -0.00216 0.07910 0.05356 0.01405 -0.01002 0.01707 -0.03557 -0.00692 0.07043 -0.05876 -0.03779 -0.05568 0.04974 -0.07667 -0.03954 -0.02698 -0.00941 -0.00724 -0.05044 0.04354 -0.03104 -0.05721 0.06056
-0.07569 -0.05129 -0.00504 0.66845 0.04526 0.00279 -0.01509 -0.01555 0.01836 0.04741 0.07018 0.03512 -0.02243 0.04423 -0.02954 0.01288 0.00044 -0.02041 -0.05254 0.03804 0.00894 0.06959 -0.01363 -0.07620 0.04479 -0.00595 -0.01838 0.00922 -0.03261 -0.01101 -0.02087 -0.01320 -0.04732 0.03588 0.07139 0.03135 0.03219 -0.03315 -0.01775 -0.02951 0.04907 0.04912 0.06082 -0.07516 -0.02265 0.02387 -0.05206 -0.01414 0.03966 -0.00225
-0.04541 -0.03854 -0.02796 -0.04526 0.42960 -0.02432 -0.02905 -0.03629 -0.00957 -0.00528 0.05734 -0.02626 -0.01569 0.00436 -0.06554 -0.03570 0.00461 0.00613 -0.06924 0.04911 0.06880 -0.04861 -0.00152 0.03756 -0.02079 -0.01952 0.03937 -0.00835 -0.02611 0.03665 0.04647 -0.00636 -0.00065 0.06733 -0.00771 -0.02666 -0.00017 0.03362 0.13181 -0.05669 0.04139 0.04949 0.03167 0.03112 -0.01011 0.00133 -0.05518 0.01533 -0.03485 -0.02611
0.03161 -0.02457 0.05649 -0.00279 0.02432 0.64627 -0.06417 0.03247 0.01854 0.05870 -0.03999 -0.03212 -0.03837 -0.00178 0.01807 -0.00084 -0.00308 -0.02995 0.02563 -0.01898 -0.01137 -0.09013 -0.02872 -0.01755 -0.01019 0.02856 -0.01887 -0.03199 0.01153 0.02558 0.00807 0.06806 0.08986 -0.00005 -0.03525 0.01424 -0.01418 0.03430 0.03425 0.00205 -0.03393 0.02753 -0.01045 0.00353 -0.02519 0.00815 -0.01580 -0.00778 -0.07059 0.06388
0.00932 -0.03206 -0.06005 0.01509 0.02905 0.06417 0.45217 -0.03431 -0.07942 -0.08697 0.02686 -0.01494 0.03460 -0.06572 -0.05411 -0.02120 -0.02081 0.03714 -0.00597 -0.03513 0.04798 -0.03367 -0.00874 0.03740 -0.09625 -0.02679 0.05342 0.01309 -0.02072 0.03744 0.01124 -0.00815 0.00498 0.00404 -0.03297 -0.05241 -0.00789 -0.00586 0.06263 0.00213 0.02199 -0.00464 0.02747 -0.00172 0.01494 -0.06367 0.00024 -0.01256 -0.07665 -0.06227
0.01492 -0.00349 0.00988 0.01555 0.03629 -0.03247 0.03431 0.61158 0.03366 0.02633 -0.04322 -0.02163 0.00184 -0.00170 0.01590 0.05793 0.04882 -0.01026 0.04351 -0.04003 -0.00310 0.00803 0.05788 -0.03224 -0.00395 0.01180 -0.02647 -0.03869 0.05320 0.09731 0.00316 -0.02593 0.03304 -0.00352 -0.05207 0.04320 -0.05183 -0.03805 -0.00276 0.07985 -0.05889 -0.05557 -0.04490 -0.02874 -0.00563 0.02278 0.04505 -0.03579 0.05276 0.04726
-0.01028 -0.00714 -0.07887 -0.01836 0.00957 -0.01854 0.07942 -0.03366 0.81296 -0.08051 0.02306 -0.02809 0.05877 0.01264 -0.03341 -0.02075 0.02004 -0.04032 -0.00545 0.01109 0.01325 0.01227 -0.00873 0.02447 -0.04063 -0.04591 0.04052 0.01048 -0.00868 -0.00090 -0.00742 -0.03831 -0.00277 0.05401 0.01003 -0.01132 0.00491 -0.06467 0.03351 -0.05369 0.02937 0.05141 -0.01454 0.00516 0.02852 -0.05538 0.00446 -0.03957 -0.04780 -0.01576
0.01225 0.02607 -0.03505 -0.04741 0.00528 -0.05870 0.08697 -0.02633 0.08051 0.27844 -0.04751 -0.06222 0.06122 -0.01906 0.01578 0.03147 0.01144 0.04440 0.03049 -0.02867 0.02243 -0.14776 0.02786 0.04701 -0.07949 0.00429 0.01893 0.01021 0.03228 0.01026 0.00527 -0.00481 0.01668 0.04017 -0.06215 0.02460 -0.00758 0.06047 0.00955 0.01361 -0.03866 -0.06828 -0.04730 -0.00576 -0.00795 -0.08060 0.03328 0.00271 -0.12505 0.01713
0.03448 -0.08918 0.07386 -0.07018 -0.05734 0.03999 -0.02686 0.04322 -0.02306 0.04751 0.97869 -0.01534 -0.01688 -0.02432 -0.00688 -0.02021 -0.01140 0.04785 -0.02006 0.01857 0.08382 -0.04509 -0.07172 0.02697 0.03939 0.01315 0.05168 0.05935 -0.00185 -0.02454 0.02485 0.04362 -0.01530 0.03999 0.04079 0.00045 -0.00709 0.02946 0.04293 0.06397 -0.06651 0.01150 0.04576 0.04682 0.02301 0.01494 -0.02793 0.02142 -0.00346 -0.01185
0.05018 -0.00440 0.01196 -0.03512 0.02626 0.03212 0.01494 0.02163 0.02809 0.06222 0.01534 0.25479 -0.01237 -0.05758 0.02484 -0.05820 -0.03585 0.06087 0.02193 0.01287 -0.03162 -0.07562 -0.05218 0.01973 -0.01957 -0.00012 0.00962 0.02328 -0.00417 0.02729 0.00663 0.06538 0.00049 -0.04059 -0.05894 0.10221 0.01368 0.02799 -0.01334 0.03217 -0.00524 0.00373 0.04015 0.02024 0.04452 -0.02991 0.06862 -0.01244 -0.10157 0.00730
0.00548 -0.05213 -0.05567 0.02243 0.01569 0.03837 -0.03460 -0.00184 -0.05877 -0.06122 0.01688 0.01237 0.59803 -0.04949 0.00001 -0.02456 -0.03973 -0.01741 -0.02774 0.04004 0.00441 0.02707 -0.05387 0.00491 0.01153 -0.05487 0.00081 0.00862 -0.03303 -0.01191 -0.02196 0.01164 0.00783 0.01164 0.01960 -0.00688 0.02212 -0.06157 0.01642 -0.02635 0.04298 0.07009 -0.00711 -0.00958 0.00182 -0.01105 -0.03837 -0.01751 0.01982 0.02587
-0.00284 0.00271 -0.03534 -0.04423 -0.00436 0.00178 0.06572 0.00170 -0.01264 0.01906 0.02432 0.05758 0.04949 0.18316 -0.02661 -0.00037 -0.01629 0.03603 -0.01178 0.05047 -0.03531 -0.01382 0.01450 0.00311 -0.02520 -0.06659 0.08308 0.01785 -0.00158 0.01715 -0.00203 0.01962 0.00488 -0.01140 0.04682 -0.02357 -0.02424 -0.05224 -0.03308 -0.00819 0.02954 0.07527 0.04321 0.06821 0.08403 -0.06263 -0.01843 0.02103 -0.03004 -0.01295
-0.00657 -0.07070 -0.06261 0.02954 0.06554 -0.01807 0.05411 -0.01590 0.03341 -0.01578 0.00688 -0.02484 -0.00001 0.02661 0.69426 0.03722 0.03630 -0.03137 -0.02155 0.01712 -0.05042 -0.00472 0.00428 -0.00709 -0.04134 -0.02788 0.01403 -0.04921 0.01865 0.08954 -0.01459 -0.03348 0.03652 -0.02045 0.01931 0.09605 -0.01162 -0.06536 0.04303 -0.00185 0.03333 0.00106 0.03059 -0.04787 -0.00009 -0.04668 -0.00320 -0.07079 -0.03229 0.00320
-0.01437 -0.06040 -0.07797 -0.01288 0.03570 0.00084 0.02120 -0.05793 0.02075 -0.03147 0.02021 0.05820 0.02456 0.00037 -0.03722 0.35688 -0.01231 0.00655 -0.03513 -0.03168 -0.00157 0.03950 -0.07179 -0.03492 0.01366 -0.03896 0.05602 0.03523 -0.01608 0.07545 0.00325 0.01183 0.01122 -0.02323 0.02050 -0.01789 0.00072 -0.08605 -0.00304 -0.03995 0.02396 0.01008 0.01139 0.01897 0.05476 -0.01659 0.03453 -0.00880 0.03306 0.02166
-0.02465 -0.01026 -0.05397 -0.00044 -0.00461 0.00308 0.02081 -0.04882 -0.02004 -0.01144 0.01140 0.03585 0.03973 0.01629 -0.03630 0.01231 1.03430 -0.00275 -0.00403 0.03296 -0.02274 -0.00738 -0.01691 -0.00973 0.00097 -0.01583 -0.02535 -0.03518 0.00050 0.03367 -0.01496 -0.01938 -0.02063 0.01772 0.03935 -0.00471 -0.00834 -0.01746 0.01439 -0.00327 0.01980 0.01159 -0.02516 -0.01223 -0.02204 -0.03736 -0.01558 0.00645 0.00999 -0.00466
0.00976 0.00183 -0.00230 0.02041 -0.00613 0.02995 -0.03714 0.01026 0.04032 -0.04440 -0.04785 -0.06087 0.01741 -0.03603 0.03137 -0.00655 0.00275 0.72653 0.00313 -0.01752 -0.01792 -0.05472 -0.01204 0.01686 -0.04518 0.02576 0.00515 -0.00852 0.01805 -0.00707 0.01460 0.04046 0.06256 0.04027 -0.03791 -0.00050 0.00967 0.11963 -0.00060 0.02022 -0.01549 -0.01370 -0.00218 0.00108 -0.01212 0.00466 0.01615 0.01567 -0.12746 -0.01022
-0.04501 0.02740 -0.05796 0.05254 0.06924 -0.02563 0.00597 -0.04351 0.00545 -0.03049 0.02006 -0.02193 0.02774 0.01178 0.02155 0.03513 0.00403 -0.00313 1.03017 -0.04271 -0.04573 0.06410 0.02315 -0.04552 -0.03386 -0.05221 -0.02757 -0.03558 -0.00800 0.00349 -0.06629 -0.05773 0.03886 -0.04493 -0.02885 0.01973 0.03002 -0.03430 -0.05760 -0.00718 0.03296 -0.00993 -0.00521 -0.03862 -0.02592 -0.03182 0.04268 -0.04770 -0.02534 0.02035
0.05421 0.05279 0.03937 -0.03804 -0.04911 0.01898 0.03513 0.04003 -0.01109 0.02867 -0.01857 -0.01287 -0.04004 -0.05047 -0.01712 0.03168 -0.03296 0.01752 0.04271 0.53389 -0.00412 0.00111 0.08380 0.07381 -0.01818 0.01600 0.01090 -0.02781 -0.03485 0.00968 -0.04948 -0.00097 -0.01912 -0.06480 -0.05077 0.05333 0.02193 0.01226 0.05177 0.02010 -0.03488 -0.05782 -0.01607 -0.01408 0.00920 -0.03368 0.01449 0.03080 0.03606 -0.04920
-0.02057 0.07152 0.03899 -0.00894 -0.06880 0.01137 -0.04798 0.00310 -0.01325 -0.02243 -0.08382 0.03162 -0.00441 0.03531 0.05042 0.00157 0.02274 0.01792 0.04573 0.00412 0.66402 0.05816 -0.01896 0.00063 -0.00279 0.03051 -0.04690 0.03955 -0.01256 -0.07667 0.01639 -0.00143 -0.06042 0.05352 0.03035 -0.04191 0.02012 0.02096 -0.02270 0.03523 -0.03538 -0.00192 -0.01314 0.04065 0.02080 0.07029 -0.00195 0.05673 0.06574 0.02857
-0.01797 -0.02700 0.01907 -0.06959 0.04861 0.09013 0.03367 -0.00803 -0.01227 0.14776 0.04509 0.07562 -0.02707 0.01382 0.00472 -0.03950 0.00738 0.05472 -0.06410 -0.00111 -0.05816 0.24414 -0.03087 -0.03198 0.07804 -0.05098 0.05149 0.07356 -0.03337 0.05015 0.02951 0.07316 -0.03944 -0.01587 0.05835 -0.00976 0.03887 -0.04444 -0.03465 -0.04733 0.04799 0.04430 0.05771 0.03304 0.07421 0.03036 -0.00586 -0.02106 0.02833 0.02968
-0.00352 -0.06900 -0.03714 0.01363 0.00152 0.02872 0.00874 -0.05788 0.00873 -0.02786 0.07172 0.05218 0.05387 -0.01450 -0.00428 0.07179 0.01691 0.01204 -0.02315 -0.08380 0.01896 0.03087 0.50251 -0.05001 0.00230 -0.03242 -0.00278 0.03527 0.01868 0.05796 -0.01297 0.01728 0.00717 -0.01965 0.03036 -0.07702 -0.05182 -0.03313 -0.02249 -0.00037 0.01703 -0.04874 0.05300 0.05102 0.02053 -0.00428 0.03397 0.01340 0.04184 0.03495
0.03555 0.00470 0.01298 0.07620 -0.03756 0.01755 -0.03740 0.03224 -0.02447 -0.04701 -0.02697 -0.01973 -0.00491 -0.00311 0.00709 0.03492 0.00973 -0.01686 0.04552 -0.07381 -0.00063 0.03198 0.05001 0.08770 -0.00914 0.04875 -0.01015 -0.05483 0.00419 0.02026 -0.00738 -0.02237 0.03971 0.02257 -0.05279 -0.01566 -0.01067 -0.00574 0.05045 0.01721 -0.03663 -0.04104 0.00505 -0.05024 -0.06579 0.05369 0.02760 0.03058 0.10844 0.00225
-0.01350 0.00107 0.06696 -0.04479 0.02079 0.01019 0.09625 0.00395 0.04063 0.07949 -0.03939 0.01957 -0.01153 0.02520 0.04134 -0.01366 -0.00097 0.04518 0.03386 0.01818 0.00279 -0.07804 -0.00230 0.00914 0.14340 -0.01329 -0.00320 0.02840 -0.00156 0.02638 -0.02358 0.06674 -0.02413 0.02081 0.00332 0.00185 0.01081 0.01307 -0.06802 0.02284 -0.00657 -0.00788 -0.02327 0.01590 -0.02117 0.00868 0.02771 0.00156 -0.12253 0.05624
-0.02455 -0.00037 -0.00216 0.00595 0.01952 -0.02856 0.02679 -0.01180 0.04591 -0.00429 -0.01315 0.00012 0.05487 0.06659 0.02788 0.03896 0.01583 -0.02576 0.05221 -0.01600 -0.03051 0.05098 0.03242 -0.04875 0.01329 0.15383 -0.02725 0.00483 0.03346 0.02881 -0.00894 0.01210 0.00400 -0.01810 -0.00582 0.02955 -0.04612 -0.07179 -0.04618 0.04301 -0.04887 -0.01787 -0.00184 0.00940 0.01138 0.02059 0.03804 -0.00834 0.03536 0.06308
0.02468 0.00986 0.00890 0.01838 -0.03937 0.01887 -0.05342 0.02647 -0.04052 -0.01893 -0.05168 -0.00962 -0.00081 -0.08308 -0.01403 -0.05602 0.02535 -0.00515 0.02757 -0.01090 0.04690 -0.05149 0.00278 0.01015 0.00320 0.02725 0.64437 0.03384 -0.01458 -0.02367 0.00000 0.01165 0.07246 0.02781 -0.04401 -0.05711 0.01330 0.07364 -0.00411 0.01159 0.01249 -0.02456 -0.00969 0.04572 -0.01639 0.03037 0.01490 0.04754 -0.09022 0.04311
0.05431 0.03409 0.00216 -0.00922 0.00835 0.03199 -0.01309 0.03869 -0.01048 -0.01021 -0.05935 -0.02328 -0.00862 -0.01785 0.04921 -0.03523 0.03518 0.00852 0.03558 0.02781 -0.03955 -0.07356 -0.03527 0.05483 -0.02840 -0.00483 -0.03384 0.61114 0.02130 -0.02902 0.03605 0.02154 0.06587 0.00097 -0.06058 0.02275 0.00222 0.03328 0.01288 0.03051 -0.07132 0.02696 -0.02293 0.02462 0.01289 -0.03302 -0.02595 -0.02711 -0.09398 0.04763
-0.06889 -0.00942 -0.07910 0.03261 0.02611 -0.01153 0.02072 -0.05320 0.00868 -0.03228 0.00185 0.00417 0.03303 0.00158 -0.01865 0.01608 -0.00050 -0.01805 0.00800 0.03485 0.01256 0.03337 -0.01868 -0.00419 0.00156 -0.03346 0.01458 -0.02130 1.04217 0.02727 -0.03060 -0.01921 -0.02388 0.01913 0.04472 -0.00324 -0.00249 -0.02509 0.00113 0.00815 0.03470 -0.00713 -0.03868 -0.02673 -0.03486 -0.04381 -0.02507 -0.02170 0.00122 -0.01027
-0.05589 -0.01522 -0.05356 0.01101 -0.03665 -0.02558 -0.03744 -0.09731 0.00090 -0.01026 0.02454 -0.02729 0.01191 -0.01715 -0.08954 -0.07545 -0.03367 0.00707 -0.00349 -0.00968 0.07667 -0.05015 -0.05796 -0.02026 -0.02638 -0.02881 0.02367 0.02902 -0.02727 0.53278 -0.03825 0.01387 -0.01076 0.02351 -0.00158 -0.05611 -0.01134 0.03023 0.01934 -0.05935 0.01889 -0.00247 0.00412 -0.01547 -0.02107 -0.01040 -0.02081 0.01412 -0.10007 0.01129
-0.00576 -0.00454 -0.01405 0.02087 -0.04647 -0.00807 -0.01124 -0.00316 0.00742 -0.00527 -0.02485 -0.00663 0.02196 0.00203 0.01459 -0.00325 0.01496 -0.01460 0.06629 0.04948 -0.01639 -0.02951 0.01297 0.00738 0.02358 0.00894 -0.00000 -0.03605 0.03060 0.03825 1.02215 -0.01360 -0.00841 0.00677 0.02522 0.03557 -0.05991 -0.01942 -0.01300 0.04530 -0.05861 0.01006 -0.02800 0.00928 -0.04575 -0.00225 0.01288 -0.02895 0.00075 0.02053
0.03595 0.02194 0.01002 0.01320 0.00636 -0.06806 0.00815 0.02593 0.03831 0.00481 -0.04362 -0.06538 -0.01164 -0.01962 0.03348 -0.01183 0.01938 -0.04046 0.05773 0.00097 0.00143 -0.07316 -0.01728 0.02237 -0.06674 -0.01210 -0.01165 -0.02154 0.01921 -0.01387 0.01360 0.31552 0.01920 -0.02511 -0.04522 0.06911 -0.01925 0.02081 0.00517 0.02537 -0.04338 -0.02006 -0.03561 -0.02390 -0.04913 -0.05031 0.01421 -0.02055 -0.07945 0.00087
-0.00874 -0.02670 -0.01707 0.04732 0.00065 -0.08986 -0.00498 -0.03304 0.00277 -0.01668 0.01530 -0.00049 -0.00783 -0.00488 -0.03652 -0.01122 0.02063 -0.06256 -0.03886 0.01912 0.06042 0.03944 -0.00717 -0.03971 0.02413 -0.00400 -0.07246 -0.06587 0.02388 0.01076 0.00841 -0.01920 0.60253 -0.08011 0.02725 0.02044 -0.01949 0.00602 -0.08458 0.04040 0.05813 -0.01999 -0.01967 -0.03826 -0.02929 -0.01576 -0.01677 -0.00956 0.03944 -0.02919
0.02803 0.02224 0.03557 -0.03588 -0.06733 0.00005 -0.00404 0.00352 -0.05401 -0.04017 -0.03999 0.04059 -0.01164 0.01140 0.02045 0.02323 -0.01772 -0.04027 0.04493 0.06480 -0.05352 0.01587 0.01965 -0.02257 -0.02081 0.01810 -0.02781 -0.00097 -0.01913 -0.02351 -0.00677 0.02511 0.08011 0.36463 -0.00188 -0.05508 0.04063 -0.05294 0.01934 0.02938 -0.03688 0.07863 0.02562 0.05775 0.05731 0.03232 -0.07820 0.00405 0.05891 0.03072
0.05946 0.00060 0.00692 -0.07139 0.00771 0.03525 0.03297 0.05207 -0.01003 0.06215 -0.04079 0.05894 -0.01960 -0.04682 -0.01931 -0.02050 -0.03935 0.03791 0.02885 0.05077 -0.03035 -0.05835 -0.03036 0.05279 -0.00332 0.00582 0.04401 0.06058 -0.04472 0.00158 -0.02522 0.04522 -0.02725 0.00188 0.86202 0.00826 0.03287 -0.02431 0.03166 -0.03533 -0.05465 0.03891 0.00288 0.05567 0.03904 -0.03863 -0.02868 0.03838 -0.03729 0.03152
-0.03635 -0.01412 -0.07043 -0.03135 0.02666 -0.01424 0.05241 -0.04320 0.01132 -0.02460 -0.00045 -0.10221 0.00688 0.02357 -0.09605 0.01789 0.00471 0.00050 -0.01973 -0.05333 0.04191 0.00976 0.07702 0.01566 -0.00185 -0.02955 0.05711 -0.02275 0.00324 0.05611 -0.03557 -0.06911 -0.02044 0.05508 -0.00826 0.42184 -0.03289 0.00437 0.07466 0.01345 0.03554 -0.05851 -0.01669 -0.06399 -0.04772 -0.03342 0.02801 -0.03077 -0.01309 -0.01037
0.04162 0.02062 0.05876 -0.03219 0.00017 0.01418 0.00789 0.05183 -0.00491 0.00758 0.00709 -0.01368 -0.02212 0.02424 0.01162 -0.00072 0.00834 -0.00967 -0.03002 -0.02193 -0.02012 -0.03887 0.05182 0.01067 -0.01081 0.04612 -0.01330 -0.00222 0.00249 0.01134 0.05991 0.01925 0.01949 -0.04063 -0.03287 0.03289 0.97117 0.00841 -0.03219 -0.06500 -0.00979 -0.00183 -0.01917 0.01044 0.04570 0.04033 0.01161 0.06419 0.00147 0.03687
-0.01249 0.02245 0.03779 0.03315 -0.03362 -0.03430 0.00586 0.03805 0.06467 -0.06047 -0.02946 -0.02799 0.06157 0.05224 0.06536 0.08605 0.01746 -0.11963 0.03430 -0.01226 -0.02096 0.04444 0.03313 0.00574 -0.01307 0.07179 -0.07364 -0.03328 0.02509 -0.03023 0.01942 -0.02081 -0.00602 0.05294 0.02431 -0.00437 -0.00841 0.43054 -0.00384 0.01945 -0.01382 -0.00241 -0.03829 0.00021 -0.02868 0.05124 -0.01661 0.00419 0.04259 0.05242
-0.00018 0.02266 0.05568 0.01775 -0.13181 -0.03425 -0.06263 0.00276 -0.03351 -0.00955 -0.04293 0.01334 -0.01642 0.03308 -0.04303 0.00304 -0.01439 0.00060 0.05760 -0.05177 0.02270 0.03465 0.02249 -0.05045 0.06802 0.04618 0.00411 -0.01288 -0.00113 -0.01934 0.01300 -0.00517 0.08458 -0.01934 -0.03166 -0.07466 0.03219 0.00384 0.23763 -0.01036 -0.04054 -0.00074 0.00284 0.03748 0.01080 0.06331 0.01023 0.03598 0.14009 0.07985
-0.03471 -0.02033 -0.04974 0.02951 0.05669 -0.00205 -0.00213 -0.07985 0.05369 -0.01361 -0.06397 -0.03217 0.02635 0.00819 0.00185 0.03995 0.00327 -0.02022 0.00718 -0.02010 -0.03523 0.04733 0.00037 -0.01721 -0.02284 -0.04301 -0.01159 -0.03051 -0.00815 0.05935 -0.04530 -0.02537 -0.04040 -0.02938 0.03533 -0.01345 0.06500 -0.01945 0.01036 0.92745 -0.01374 -0.00947 -0.04012 -0.01490 -0.01579 -0.05656 0.02547 -0.06691 0.05851 0.01618
0.07182 -0.05057 0.07667 -0.04907 -0.04139 0.03393 -0.02199 0.05889 -0.02937 0.03866 0.06651 0.00524 -0.04298 -0.02954 -0.03333 -0.02396 -0.01980 0.01549 -0.03296 0.03488 0.03538 -0.04799 -0.01703 0.03663 0.00657 0.04887 -0.01249 0.07132 -0.03470 -0.01889 0.05861 0.04338 -0.05813 0.03688 0.05465 -0.03554 0.00979 0.01382 0.04054 0.01374 1.00837 0.03078 0.04985 0.04854 0.02122 0.04158 -0.03449 0.07449 -0.01925 -0.03464
0.05681 0.05244 0.03954 -0.04912 -0.04949 -0.02753 0.00464 0.05557 -0.05141 0.06828 -0.01150 -0.00373 -0.07009 -0.07527 -0.00106 -0.01008 -0.01159 0.01370 0.00993 0.05782 0.00192 -0.04430 0.04874 0.04104 0.00788 0.01787 0.02456 -0.02696 0.00713 0.00247 -0.01006 0.02006 0.01999 -0.07863 -0.03891 0.05851 0.00183 0.00241 0.00074 0.00947 -0.03078 0.71123 -0.00283 0.01961 -0.00140 -0.05243 -0.01451 0.01255 -0.00290 -0.03662
0.06228 -0.00638 0.02698 -0.06082 -0.03167 0.01045 -0.02747 0.04490 0.01454 0.04730 -0.04576 -0.04015 0.00711 -0.04321 -0.03059 -0.01139 0.02516 0.00218 0.00521 0.01607 0.01314 -0.05771 -0.05300 -0.00505 0.02327 0.00184 0.00969 0.02293 0.03868 -0.00412 0.02800 0.03561 0.01967 -0.02562 -0.00288 0.01669 0.01917 0.03829 -0.00284 0.04012 -0.04985 0.00283 0.88901 0.05880 0.07370 -0.02139 0.02634 -0.05764 -0.01535 -0.07140
0.09336 0.04313 0.00941 0.07516 -0.03112 -0.00353 0.00172 0.02874 -0.00516 0.00576 -0.04682 -0.02024 0.00958 -0.06821 0.04787 -0.01897 0.01223 -0.00108 0.03862 0.01408 -0.04065 -0.03304 -0.05102 0.05024 -0.01590 -0.00940 -0.04572 -0.02462 0.02673 0.01547 -0.00928 0.02390 0.03826 -0.05775 -0.05567 0.06399 -0.01044 -0.00021 -0.03748 0.01490 -0.04854 -0.01961 -0.05880 0.26464 0.00909 -0.03249 0.04329 -0.01866 -0.04748 -0.01578
0.07274 0.00470 0.00724 0.02265 0.01011 0.02519 -0.01494 0.00563 -0.02852 0.00795 -0.02301 -0.04452 -0.00182 -0.08403 0.00009 -0.05476 0.02204 0.01212 0.02592 -0.00920 -0.02080 -0.07421 -0.02053 0.06579 0.02117 -0.01138 0.01639 -0.01289 0.03486 0.02107 0.04575 0.04913 0.02929 -0.05731 -0.03904 0.04772 -0.04570 0.02868 -0.01080 0.01579 -0.02122 0.00140 -0.07370 -0.00909 0.51425 -0.01694 0.04753 -0.05568 -0.00629 -0.04552
-0.02419 0.01844 0.05044 -0.02387 -0.00133 -0.00815 0.06367 -0.02278 0.05538 0.08060 -0.01494 0.02991 0.01105 0.06263 0.04668 0.01659 0.03736 -0.00466 0.03182 0.03368 -0.07029 -0.03036 0.00428 -0.05369 -0.00868 -0.02059 -0.03037 0.03302 0.04381 0.01040 0.00225 0.05031 0.01576 -0.03232 0.03863 0.03342 -0.04033 -0.05124 -0.06331 0.05656 -0.04158 0.05243 0.02139 0.03249 0.01694 0.30546 0.00343 -0.04733 -0.04175 0.04700
-0.02704 -0.03258 -0.04354 0.05206 0.05518 0.01580 -0.00024 -0.04505 -0.00446 -0.03328 0.02793 -0.06862 0.03837 0.01843 0.00320 -0.03453 0.01558 -0.01615 -0.04268 -0.01449 0.00195 0.00586 -0.03397 -0.02760 -0.02771 -0.03804 -0.01490 0.02595 0.02507 0.02081 -0.01288 -0.01421 0.01677 0.07820 0.02868 -0.02801 -0.01161 0.01661 -0.01023 -0.02547 0.03449 0.01451 -0.02634 -0.04329 -0.04753 -0.00343 0.76663 -0.03420 -0.10194 0.00373
0.00496 0.02699 0.03104 0.01414 -0.01533 0.00778 0.01256 0.03579 0.03957 -0.00271 -0.02142 0.01244 0.01751 -0.02103 0.07079 0.00880 -0.00645 -0.01567 0.04770 -0.03080 -0.05673 0.02106 -0.01340 -0.03058 -0.00156 0.00834 -0.04754 0.02711 0.02170 -0.01412 0.02895 0.02055 0.00956 -0.00405 -0.03838 0.03077 -0.06419 -0.00419 -0.03598 0.06691 -0.07449 -0.01255 0.05764 0.01866 0.05568 0.04733 0.03420 0.84432 0.01624 0.00926
-0.03563 -0.01873 0.05721 -0.03966 0.03485 0.07059 0.07665 -0.05276 0.04780 0.12505 0.00346 0.10157 -0.01982 0.03004 0.03229 -0.03306 -0.00999 0.12746 0.02534 -0.03606 -0.06574 -0.02833 -0.04184 -0.10844 0.12253 -0.03536 0.09022 0.09398 -0.00122 0.10007 -0.00075 0.07945 -0.03944 -0.05891 0.03729 0.01309 -0.00147 -0.04259 -0.14009 -0.05851 0.01925 0.00290 0.01535 0.04748 0.00629 0.04175 0.10194 -0.01624 0.17758 0.18123
-0.01739 0.04153 -0.06056 0.00225 0.02611 -0.06388 0.06227 -0.04726 0.01576 -0.01713 0.01185 -0.00730 -0.02587 0.01295 -0.00320 -0.02166 0.00466 0.01022 -0.02035 0.04920 -0.02857 -0.02968 -0.03495 -0.00225 -0.05624 -0.06308 -0.04311 -0.04763 0.01027 -0.01129 -0.02053 -0.00087 0.02919 -0.03072 -0.03152 0.01037 -0.03687 -0.05242 -0.07985 -0.01618 0.03464 0.03662 0.07140 0.01578 0.04552 -0.04700 -0.00373 -0.00926 -0.18123 0.86036
