0.44604 0.00568 0.00006 0.01386 -0.07195 -0.00393 -0.00655 0.01215 -0.00636 -0.01609 -0.07695 0.02304 -0.04507 -0.04220 0.00448 -0.01892 0.03565 -0.03184 -0.01805 0.02037 -0.03902 0.00629 -0.00208 -0.02304 0.01570 -0.03178 -0.00438 0.04721 -0.00416 -0.02253 0.03234 0.00596 0.03290 0.00153 -0.01673 0.11467 -0.00671 -0.00576 0.01897 0.00997 -0.02210 -0.03519 0.00330 -0.01258 -0.01155 0.02795 0.01323 -0.02289 0.06613 -0.06813
-0.00568 0.56106 0.00521 -0.03042 -0.02289 0.01774 0.03095 0.02852 0.00246 0.00017 -0.03615 0.04112 -0.00355 0.01204 0.03723 -0.01113 0.01380 0.01651 -0.01530 0.01927 -0.05409 0.03923 0.00110 -0.00030 0.00112 -0.06614 -0.03000 0.02234 -0.04845 -0.00325 0.00537 0.02476 0.00399 -0.00259 -0.06529 0.01640 0.00247 -0.01785 0.00417 -0.04523 -0.02814 -0.01391 -0.01457 0.01221 -0.00218 0.01897 0.04047 -0.04056 -0.08913 0.01367
-0.00006 -0.00521 0.46436 -0.04004 -0.02626 -0.04165 -0.01683 -0.02515 0.02357 0.01399 -0.04390 0.01156 -0.02702 -0.03463 0.00093 -0.02090 0.04376 -0.05031 -0.00323 -0.00595 -0.03452 -0.01106 -0.00647 0.00437 0.02390 -0.04830 -0.02094 0.01736 -0.00497 -0.02912 0.04476 0.01289 0.01765 -0.00876 0.00448 0.00426 0.00719 0.01897 0.00536 -0.01316 -0.01490 -0.04169 0.03914 0.04293 -0.02268 -0.01155 -0.00591 0.01174 -0.02677 -0.04766
-0.01386 0.03042 0.04004 0.73722 0.01581 0.04303 0.07250 0.03958 -0.01337 -0.06902 -0.04853 0.01683 0.03138 -0.05848 0.03978 -0.02982 0.06286 -0.02008 0.01809 -0.00227 0.00406 -0.00638 0.02089 -0.09503 0.00290 0.00439 -0.01070 -0.03086 -0.08151 0.01374 0.08393 -0.05004 0.04730 0.00311 0.09172 0.00513 0.03585 0.05833 0.02082 -0.03195 0.08064 0.00637 -0.03538 0.01842 -0.06377 0.01197 0.06609 0.03264 -0.07958 -0.08983
0.07195 0.02289 0.02626 -0.01581 0.01106 -0.02611 0.01028 0.03375 -0.03310 -0.00016 0.00117 -0.01208 0.02791 0.02418 0.03696 0.00157 0.01062 -0.01026 0.03581 -0.03702 0.03029 0.02553 -0.01447 0.00347 -0.03763 0.02898 -0.01986 -0.02087 -0.01571 -0.00882 -0.07017 -0.00943 -0.00603 -0.02616 0.00653 -0.05500 -0.05244 -0.01046 -0.01233 -0.01450 0.00682 0.04802 0.05095 0.01539 -0.00065 -0.04332 -0.00747 0.02282 -0.06566 0.03110
0.00393 -0.01774 0.04165 -0.04303 0.02611 1.02826 -0.06205 -0.03947 0.00234 0.04063 0.05166 0.04144 -0.04981 -0.05898 -0.01695 0.08256 -0.00396 0.03797 -0.01673 0.06709 -0.03430 -0.04196 -0.04451 0.00966 0.08093 -0.04610 0.03505 0.04189 0.04338 0.09135 0.07361 0.05923 -0.03273 0.10688 -0.02371 -0.02240 0.07286 -0.06272 -0.09457 0.00149 -0.03924 -0.06796 0.04934 -0.07012 0.02837 0.01242 -0.08474 0.06191 0.00605 -0.04323
0.00655 -0.03095 0.01683 -0.07250 -0.01028 0.06205 0.46966 0.02159 -0.00988 0.03246 -0.01121 0.00206 0.02899 -0.01758 0.04882 -0.03464 -0.00064 0.00616 0.01272 -0.02101 -0.03495 -0.03187 -0.05026 0.03102 0.00497 -0.01006 -0.01574 -0.02775 -0.03596 0.03590 -0.01394 0.00309 0.03150 -0.00056 0.01112 0.01586 0.01001 0.00504 -0.03908 -0.03509 0.05272 0.06478 0.02023 0.06412 0.02411 -0.02987 0.05043 -0.00320 -0.07107 0.00728
-0.01215 -0.02852 0.02515 -0.03958 -0.03375 0.03947 -0.02159 1.02745 0.04305 -0.02325 -0.02414 0.01980 -0.03963 -0.04199 0.02261 -0.00133 -0.02912 -0.02544 -0.03486 -0.02698 -0.02558 0.00615 0.02029 -0.01082 0.02743 -0.01866 0.00845 0.02828 -0.06372 0.01469 0.00648 -0.00681 -0.02262 -0.00145 -0.03903 0.02851 0.03744 0.03404 -0.02044 0.02292 -0.01602 0.02026 -0.03301 0.04407 0.00763 0.00014 0.01525 0.02260 -0.02610 0.00297
0.00636 -0.00246 -0.02357 0.01337 0.03310 -0.00234 0.00988 -0.04305 0.95629 -0.00439 0.07010 -0.04259 -0.01025 0.01206 -0.02399 0.05839 -0.00247 0.03331 -0.01609 0.00522 -0.00355 -0.02437 -0.02520 -0.00907 0.02211 0.00300 0.01467 0.00500 0.02111 -0.00480 0.02343 -0.00120 -0.01752 -0.00106 0.01930 -0.03002 -0.00609 -0.00371 -0.05357 -0.02253 -0.00123 -0.03312 -0.06042 -0.05840 0.01292 0.00792 -0.00122 0.00256 0.01282 -0.02216
0.01609 -0.00017 -0.01399 0.06902 0.00016 -0.04063 -0.03246 0.02325 0.00439 0.75467 -0.02551 0.00846 -0.00110 0.03265 0.03710 -0.02204 0.00348 0.00712 0.03071 -0.03230 0.03906 0.04078 -0.02784 0.05925 -0.00846 0.03208 -0.01448 -0.01572 0.05414 0.00840 -0.02037 -0.02393 0.02046 0.02325 0.03158 0.03593 -0.03078 -0.01712 -0.01536 0.01037 0.02837 0.05465 0.02809 -0.01274 0.00255 -0.02359 -0.01485 -0.00122 0.00233 -0.00421
0.07695 0.03615 0.04390 0.04853 -0.00117 -0.05166 0.01121 0.02414 -0.07010 0.02551 0.15239 0.03917 0.03075 0.06894 0.01339 -0.01397 0.04783 0.00442 0.05085 -0.04273 0.02844 0.04843 0.01340 -0.02879 -0.03514 0.03601 -0.02951 -0.03686 0.00709 -0.03563 -0.04313 -0.00710 -0.00748 -0.00880 0.01441 -0.01629 -0.04620 -0.01681 -0.03156 -0.02556 0.00286 0.07601 0.04772 -0.02357 -0.02853 -0.04187 0.02851 -0.01833 -0.03351 0.03913
-0.02304 -0.04112 -0.01156 -0.01683 0.01208 -0.04144 -0.00206 -0.01980 0.04259 -0.00846 -0.03917 0.00000 0.01559 -0.04538 -0.01160 -0.04962 0.04986 -0.02443 0.01512 0.03536 -0.05217 -0.01904 0.01232 -0.03061 0.02720 -0.03121 0.02216 0.04299 0.02501 0.02384 0.05576 -0.00588 -0.02546 0.02201 0.00151 0.01292 -0.02052 0.01209 0.02125 -0.00612 -0.00395 -0.03912 -0.02832 -0.00251 -0.02551 0.03104 0.02245 0.04338 -0.00886 -0.07882
0.04507 0.00355 0.02702 -0.03138 -0.02791 0.04981 -0.02899 0.03963 0.01025 0.00110 -0.03075 -0.01559 0.39538 0.01001 0.01457 -0.02625 0.00101 -0.02810 -0.00849 -0.01289 0.00128 0.02268 -0.03786 0.03148 0.02551 0.01518 -0.02793 0.03615 -0.00565 0.03158 0.01009 0.03883 -0.02075 0.00703 -0.02582 0.03033 -0.00452 -0.00370 -0.02118 -0.03099 -0.07279 0.02568 0.02250 0.02898 0.00236 -0.03356 -0.00285 -0.02956 -0.03147 -0.00570
0.04220 -0.01204 0.03463 0.05848 -0.02418 0.05898 0.01758 0.04199 -0.01206 -0.03265 -0.06894 0.04538 -0.01001 0.66873 0.06655 0.01917 0.04446 -0.02436 0.01228 0.00850 0.01207 0.04799 0.00326 -0.00553 0.02667 0.05831 0.00296 -0.00988 -0.02055 0.00542 0.01727 -0.02314 0.04339 -0.01055 0.06486 0.04668 0.00158 -0.03322 0.00502 -0.02475 0.07044 0.03600 -0.01715 -0.01107 -0.00341 -0.02142 0.06063 -0.04959 -0.03798 -0.06429
-0.00448 -0.03723 -0.00093 -0.03978 -0.03696 0.01695 -0.04882 -0.02261 0.02399 -0.03710 -0.01339 0.01160 -0.01457 -0.06655 0.32442 -0.02515 -0.01297 -0.00799 -0.06893 0.00853 -0.04907 -0.05043 -0.00957 -0.01272 0.04125 -0.02725 -0.00491 0.01290 0.00675 -0.04348 0.06103 -0.02094 0.00144 0.02039 -0.04527 0.06180 0.03144 -0.03706 -0.00069 0.03847 -0.02558 -0.02118 -0.02577 0.00769 -0.01025 0.01973 -0.00278 0.03315 0.00041 -0.03537
0.01892 0.01113 0.02090 0.02982 -0.00157 -0.08256 0.03464 0.00133 -0.05839 0.02204 0.01397 0.04962 0.02625 -0.01917 0.02515 0.18230 0.02423 -0.01368 0.04455 -0.05555 0.01035 -0.00276 0.00062 -0.02151 -0.04207 0.01629 -0.03232 -0.03422 -0.03706 -0.04509 -0.02229 -0.00121 0.06623 -0.01521 0.03630 -0.02642 0.01254 -0.00903 0.00338 -0.03359 0.03783 0.00363 0.05748 0.01885 -0.00907 -0.02011 -0.01329 -0.01696 -0.04587 -0.01837
-0.03565 -0.01380 -0.04376 -0.06286 -0.01062 0.00396 0.00064 0.02912 0.00247 -0.00348 -0.04783 -0.04986 -0.00101 -0.04446 0.01297 -0.02423 0.23364 -0.04783 -0.02495 0.01285 -0.06972 0.00282 0.01421 0.00139 0.01526 -0.05728 -0.05536 0.01167 -0.03114 0.01091 0.04208 -0.01147 0.00755 0.00555 -0.05092 -0.00645 0.00044 0.00067 0.01499 0.01074 -0.03979 -0.00235 -0.00760 0.03429 -0.01168 0.02348 -0.03597 0.01299 -0.01578 -0.01384
0.03184 -0.01651 0.05031 0.02008 0.01026 -0.03797 -0.00616 0.02544 -0.03331 -0.00712 -0.00442 0.02443 0.02810 0.02436 0.00799 0.01368 0.04783 0.27847 0.02664 -0.02745 0.07572 0.00384 -0.01875 0.00774 -0.02388 0.08634 -0.04400 -0.05318 0.00472 -0.04211 -0.04221 0.00516 0.01791 -0.02287 0.01378 0.00236 -0.03574 -0.02662 -0.02002 -0.04596 0.04499 0.04053 0.00517 -0.01531 0.00122 -0.05156 0.04051 0.02821 -0.03560 0.01729
0.01805 0.01530 0.00323 -0.01809 -0.03581 0.01673 -0.01272 0.03486 0.01609 -0.03071 -0.05085 -0.01512 0.00849 -0.01228 0.06893 -0.04455 0.02495 -0.02664 1.03233 -0.01379 -0.00464 0.01829 0.01547 -0.01369 -0.00115 0.00230 -0.03271 -0.00219 -0.01702 -0.03260 -0.00013 -0.01719 0.01011 -0.01635 -0.00496 0.04761 -0.03584 -0.01331 0.01526 -0.01568 -0.01490 0.05696 -0.00686 0.03738 -0.02758 0.00310 0.02769 -0.00258 -0.01271 -0.01265
-0.02037 -0.01927 0.00595 0.00227 0.03702 -0.06709 0.02101 0.02698 -0.00522 0.03230 0.04273 -0.03536 0.01289 -0.00850 -0.00853 0.05555 -0.01285 0.02745 0.01379 0.34420 0.00324 -0.00995 -0.00310 0.02497 -0.04421 -0.02703 -0.04550 -0.02951 -0.02321 -0.00062 -0.01806 0.01007 0.07746 0.00023 0.03307 -0.02139 0.02199 -0.05264 0.00635 -0.06364 0.02395 -0.02197 0.03005 0.02183 -0.01087 0.01691 0.01273 -0.02162 -0.03337 0.07031
0.03902 0.05409 0.03452 -0.00406 -0.03029 0.03430 0.03495 0.02558 0.00355 -0.03906 -0.02844 0.05217 -0.00128 -0.01207 0.04907 -0.01035 0.06972 -0.07572 0.00464 -0.00324 0.88779 0.01012 0.02425 -0.05841 -0.00265 0.00435 -0.02490 0.00692 -0.02901 -0.01426 0.00881 0.00414 -0.01362 -0.02831 0.04263 0.04771 0.02325 0.01010 0.02609 -0.02487 -0.00475 -0.02828 0.03599 0.00744 -0.03640 -0.03585 0.01449 -0.03056 -0.01514 -0.07786
-0.00629 -0.03923 0.01106 0.00638 -0.02553 0.04196 0.03187 -0.00615 0.02437 -0.04078 -0.04843 0.01904 -0.02268 -0.04799 0.05043 0.00276 -0.00282 -0.00384 -0.01829 0.00995 -0.01012 0.59984 -0.04829 -0.01883 0.01261 -0.00524 0.02702 0.04363 -0.04203 -0.00270 0.04650 -0.00469 -0.01522 0.02108 -0.00973 0.06331 0.01812 0.03148 0.00358 0.00619 0.00878 -0.05922 -0.04408 0.02242 -0.01937 -0.02042 0.03557 0.00186 -0.05780 -0.08517
0.00208 -0.00110 0.00647 -0.02089 0.01447 0.04451 0.05026 -0.02029 0.02520 0.02784 -0.01340 -0.01232 0.03786 -0.00326 0.00957 -0.00062 -0.01421 0.01875 -0.01547 0.00310 -0.02425 0.04829 0.56330 0.01216 0.02187 -0.00303 -0.00185 0.03739 0.00739 0.01596 0.02489 0.00753 -0.00528 0.01186 -0.05488 -0.02504 0.03103 -0.00254 -0.02905 -0.00197 -0.04183 0.02039 -0.01740 0.02090 0.01965 0.02435 -0.02538 -0.03483 0.01036 0.03786
0.02304 0.00030 -0.00437 0.09503 -0.00347 -0.00966 -0.03102 0.01082 0.00907 -0.05925 0.02879 0.03061 -0.03148 0.00553 0.01272 0.02151 -0.00139 -0.00774 0.01369 -0.02497 0.05841 0.01883 -0.01216 0.35155 0.00492 0.03815 0.04596 0.00649 0.03513 0.01268 0.00658 -0.04568 -0.03603 -0.00398 0.07099 0.02965 -0.01158 0.00410 0.00830 0.03285 -0.00434 0.00912 -0.00534 -0.04612 -0.05208 -0.04058 -0.03168 0.02672 0.05611 -0.03028
-0.01570 -0.00112 -0.02390 -0.00290 0.03763 -0.08093 -0.00497 -0.02743 -0.02211 0.00846 0.03514 -0.02720 -0.02551 -0.02667 -0.04125 0.04207 -0.01526 0.02388 0.00115 0.04421 0.00265 -0.01261 -0.02187 -0.00492 0.86008 -0.00625 0.03626 0.04189 0.02093 -0.01069 0.04484 0.03245 -0.04212 0.01737 -0.01080 -0.02909 -0.04036 -0.03426 0.00548 0.00539 -0.05602 -0.05963 0.01804 -0.04486 -0.01455 0.02686 -0.03568 -0.00209 0.02306 0.01235
0.03178 0.06614 0.04830 -0.00439 -0.02898 0.04610 0.01006 0.01866 -0.00300 -0.03208 -0.03601 0.03121 -0.01518 -0.05831 0.02725 -0.01629 0.05728 -0.08634 -0.00230 0.02703 -0.00435 0.00524 0.00303 -0.03815 0.00625 0.79397 -0.02326 0.00029 -0.02765 -0.00473 0.05306 0.00901 -0.02723 -0.02659 0.04434 0.04170 0.00537 0.04777 0.05177 -0.02264 -0.03223 -0.02154 0.03660 0.00830 -0.04126 -0.02156 0.02354 -0.03029 -0.00181 -0.07136
0.00438 0.03000 0.02094 0.01070 0.01986 -0.03505 0.01574 -0.00845 -0.01467 0.01448 0.02951 -0.02216 0.02793 -0.00296 0.00491 0.03232 0.05536 0.04400 0.03271 0.04550 0.02490 -0.02702 0.00185 -0.04596 -0.03626 0.02326 0.48084 -0.08620 -0.02460 -0.01481 0.00686 0.01621 0.00160 0.01761 0.03882 -0.03342 -0.02577 -0.00566 -0.01427 -0.08083 0.05460 -0.00491 -0.00165 -0.05353 -0.03253 -0.00221 0.08373 0.02401 -0.07403 0.01343
-0.04721 -0.02234 -0.01736 0.03086 0.02087 -0.04189 0.02775 -0.02828 -0.00500 0.01572 0.03686 -0.04299 -0.03615 0.00988 -0.01290 0.03422 -0.01167 0.05318 0.00219 0.02951 -0.00692 -0.04363 -0.03739 -0.00649 -0.04189 -0.00029 0.08620 0.67685 0.02059 -0.00832 -0.01579 0.00665 -0.00636 0.02453 0.04766 -0.01962 -0.02286 0.01346 -0.01430 0.02624 0.07528 -0.06505 -0.03873 -0.05567 0.03080 0.03529 0.05662 0.02968 -0.02556 0.00134
0.00416 0.04845 0.00497 0.08151 0.01571 -0.04338 0.03596 0.06372 -0.02111 -0.05414 -0.00709 -0.02501 0.00565 0.02055 -0.00675 0.03706 0.03114 -0.00472 0.01702 0.02321 0.02901 0.04203 -0.00739 -0.03513 -0.02093 0.02765 0.02460 -0.02059 0.50095 -0.00135 -0.00131 -0.02552 -0.03534 -0.00271 0.02678 -0.00507 -0.03657 -0.03081 0.00890 -0.01055 0.00459 0.01761 0.00113 -0.02644 -0.04826 0.02656 0.02722 0.01479 -0.04317 -0.06083
0.02253 0.00325 0.02912 -0.01374 0.00882 -0.09135 -0.03590 -0.01469 0.00480 -0.00840 0.03563 -0.02384 -0.03158 -0.00542 0.04348 0.04509 -0.01091 0.04211 0.03260 0.00062 0.01426 0.00270 -0.01596 -0.01268 0.01069 0.00473 0.01481 0.00832 0.00135 1.02362 -0.00483 -0.00649 -0.02721 0.03193 0.00782 -0.00955 -0.02088 -0.04482 -0.07827 -0.01410 -0.01288 0.04059 -0.00804 -0.03056 0.01222 0.02279 0.00263 0.04887 -0.03313 0.00952
-0.03234 -0.00537 -0.04476 -0.08393 0.07017 -0.07361 0.01394 -0.00648 -0.02343 0.02037 0.04313 -0.05576 -0.01009 -0.01727 -0.06103 0.02229 -0.04208 0.04221 0.00013 0.01806 -0.00881 -0.04650 -0.02489 -0.00658 -0.04484 -0.05306 -0.00686 0.01579 0.00131 0.00483 0.83657 -0.00820 -0.04047 -0.01941 0.00888 -0.03080 -0.04295 0.02201 0.00056 0.02191 -0.02041 -0.05447 -0.06165 -0.00999 0.03215 0.03891 -0.01712 0.05406 -0.01079 0.04168
-0.00596 -0.02476 -0.01289 0.05004 0.00943 -0.05923 -0.00309 0.00681 0.00120 0.02393 0.00710 0.00588 -0.03883 0.02314 0.02094 0.00121 0.01147 -0.00516 0.01719 -0.01007 -0.00414 0.00469 -0.00753 0.04568 -0.03245 -0.00901 -0.01621 -0.00665 0.02552 0.00649 0.00820 0.50771 0.05944 -0.00998 0.07953 -0.00125 0.03965 -0.02589 0.01754 -0.00014 0.00915 -0.01982 0.02675 0.00071 0.02190 0.02552 -0.04158 -0.02583 0.02705 -0.02369
-0.03290 -0.00399 -0.01765 -0.04730 0.00603 0.03273 -0.03150 0.02262 0.01752 -0.02046 0.00748 0.02546 0.02075 -0.04339 -0.00144 -0.06623 -0.00755 -0.01791 -0.01011 -0.07746 0.01362 0.01522 0.00528 0.03603 0.04212 0.02723 -0.00160 0.00636 0.03534 0.02721 0.04047 -0.05944 0.67006 0.02527 -0.07525 -0.01069 -0.04328 -0.02127 -0.03569 0.01285 -0.05611 0.07275 -0.01990 0.00433 -0.00698 -0.00502 -0.00333 0.01200 0.01193 0.02297
-0.00153 0.00259 0.00876 -0.00311 0.02616 -0.10688 0.00056 0.00145 0.00106 -0.02325 0.00880 -0.02201 -0.00703 0.01055 -0.02039 0.01521 -0.00555 0.02287 0.01635 -0.00023 0.02831 -0.02108 -0.01186 0.00398 -0.01737 0.02659 -0.01761 -0.02453 0.00271 -0.03193 0.01941 0.00998 -0.02527 0.47129 -0.01797 -0.02649 -0.02704 -0.01197 0.00617 -0.01354 0.01028 -0.00752 0.00554 -0.01209 -0.00024 0.00875 0.00505 0.03808 -0.02003 0.01621
0.01673 0.06529 -0.00448 -0.09172 -0.00653 0.02371 -0.01112 0.03903 -0.01930 -0.03158 -0.01441 -0.00151 0.02582 -0.06486 0.04527 -0.03630 0.05092 -0.01378 0.00496 -0.03307 -0.04263 0.00973 0.05488 -0.07099 0.01080 -0.04434 -0.03882 -0.04766 -0.02678 -0.00782 -0.00888 -0.07953 0.07525 0.01797 0.56149 0.04397 -0.00195 0.01567 0.03439 -0.02777 -0.01043 0.02892 0.03127 0.00665 -0.05550 0.01664 0.05324 0.02783 -0.03881 -0.00608
-0.11467 -0.01640 -0.00426 -0.00513 0.05500 0.02240 -0.01586 -0.02851 0.03002 -0.03593 0.01629 -0.01292 -0.03033 -0.04668 -0.06180 0.02642 0.00645 -0.00236 -0.04761 0.02139 -0.04771 -0.06331 0.02504 -0.02965 0.02909 -0.04170 0.03342 0.01962 0.00507 0.00955 0.03080 0.00125 0.01069 0.02649 -0.04397 0.16511 0.03897 -0.03374 -0.01960 0.01546 -0.01563 -0.04841 -0.03684 -0.01575 -0.01085 0.09032 -0.00889 0.00825 0.07086 -0.00145
0.00671 -0.00247 -0.00719 -0.03585 0.05244 -0.07286 -0.01001 -0.03744 0.00609 0.03078 0.04620 0.02052 0.00452 -0.00158 -0.03144 -0.01254 -0.00044 0.03574 0.03584 -0.02199 -0.02325 -0.01812 -0.03103 0.01158 0.04036 -0.00537 0.02577 0.02286 0.03657 0.02088 0.04295 -0.03965 0.04328 0.02704 0.00195 -0.03897 0.88780 -0.00321 -0.03637 0.01349 0.01571 0.00147 -0.02290 -0.01820 0.04129 0.00010 0.01006 0.00013 0.00339 -0.01059
0.00576 0.01785 -0.01897 -0.05833 0.01046 0.06272 -0.00504 -0.03404 0.00371 0.01712 0.01681 -0.01209 0.00370 0.03322 0.03706 0.00903 -0.00067 0.02662 0.01331 0.05264 -0.01010 -0.03148 0.00254 -0.00410 0.03426 -0.04777 0.00566 -0.01346 0.03081 0.04482 -0.02201 0.02589 0.02127 0.01197 -0.01567 0.03374 0.00321 0.02177 -0.00207 -0.01077 0.02712 0.01916 -0.01411 -0.01207 0.00745 0.01725 0.01533 -0.00290 0.00973 0.05023
-0.01897 -0.00417 -0.00536 -0.02082 0.01233 0.09457 0.03908 0.02044 0.05357 0.01536 0.03156 -0.02125 0.02118 -0.00502 0.00069 -0.00338 -0.01499 0.02002 -0.01526 -0.00635 -0.02609 -0.00358 0.02905 -0.00830 -0.00548 -0.05177 0.01427 0.01430 -0.00890 0.07827 -0.00056 -0.01754 0.03569 -0.00617 -0.03439 0.01960 0.03637 0.00207 0.30051 0.02596 -0.01513 -0.00092 -0.01330 0.00957 0.01339 0.03549 -0.02485 -0.04832 0.03660 0.02503
-0.00997 0.04523 0.01316 0.03195 0.01450 -0.00149 0.03509 -0.02292 0.02253 -0.01037 0.02556 0.00612 0.03099 0.02475 -0.03847 0.03359 -0.01074 0.04596 0.01568 0.06364 0.02487 -0.00619 0.00197 -0.03285 -0.00539 0.02264 0.08083 -0.02624 0.01055 0.01410 -0.02191 0.00014 -0.01285 0.01354 0.02777 -0.01546 -0.01349 0.01077 -0.02596 0.45424 0.05641 -0.01879 -0.02660 -0.06292 -0.00134 0.02250 0.04048 -0.00273 -0.00580 -0.00139
0.02210 0.02814 0.01490 -0.08064 -0.00682 0.03924 -0.05272 0.01602 0.00123 -0.02837 -0.00286 0.00395 0.07279 -0.07044 0.02558 -0.03783 0.03979 -0.04499 0.01490 -0.02395 0.00475 -0.00878 0.04183 0.00434 0.05602 0.03223 -0.05460 -0.07528 -0.00459 0.01288 0.02041 -0.00915 0.05611 -0.01028 0.01043 0.01563 -0.01571 -0.02712 0.01513 -0.05641 0.64702 0.04465 0.04097 0.01078 -0.03533 -0.03499 0.00495 0.01836 -0.00990 0.01961
0.03519 0.01391 0.04169 -0.00637 -0.04802 0.06796 -0.06478 -0.02026 0.03312 -0.05465 -0.07601 0.03912 -0.02568 -0.03600 0.02118 -0.00363 0.00235 -0.04053 -0.05696 0.02197 0.02828 0.05922 -0.02039 -0.00912 0.05963 0.02154 0.00491 0.06505 -0.01761 -0.04059 0.05447 0.01982 -0.07275 0.00752 -0.02892 0.04841 -0.00147 -0.01916 0.00092 0.01879 -0.04465 0.50335 -0.02117 -0.01255 -0.06355 -0.00412 -0.02406 0.02976 -0.00660 -0.07435
-0.00330 0.01457 -0.03914 0.03538 -0.05095 -0.04934 -0.02023 0.03301 0.06042 -0.02809 -0.04772 0.02832 -0.02250 0.01715 0.02577 -0.05748 0.00760 -0.00517 0.00686 -0.03005 -0.03599 0.04408 0.01740 0.00534 -0.01804 -0.03660 0.00165 0.03873 -0.00113 0.00804 0.06165 -0.02675 0.01990 -0.00554 -0.03127 0.03684 0.02290 0.01411 0.01330 0.02660 -0.04097 0.02117 0.49044 0.03846 -0.04320 -0.01395 -0.03191 -0.02034 0.01640 -0.03026
0.01258 -0.01221 -0.04293 -0.01842 -0.01539 0.07012 -0.06412 -0.04407 0.05840 0.01274 0.02357 0.00251 -0.02898 0.01107 -0.00769 -0.01885 -0.03429 0.01531 -0.03738 -0.02183 -0.00744 -0.02242 -0.02090 0.04612 0.04486 -0.00830 0.05353 0.05567 0.02644 0.03056 0.00999 -0.00071 -0.00433 0.01209 -0.00665 0.01575 0.01820 0.01207 -0.00957 0.06292 -0.01078 0.01255 -0.03846 0.15976 0.05940 -0.01424 -0.04953 0.02754 0.03516 0.01327
0.01155 0.00218 0.02268 0.06377 0.00065 -0.02837 -0.02411 -0.00763 -0.01292 -0.00255 0.02853 0.02551 -0.00236 0.00341 0.01025 0.00907 0.01168 -0.00122 0.02758 0.01087 0.03640 0.01937 -0.01965 0.05208 0.01455 0.04126 0.03253 -0.03080 0.04826 -0.01222 -0.03215 -0.02190 0.00698 0.00024 0.05550 0.01085 -0.04129 -0.00745 -0.01339 0.00134 0.03533 0.06355 0.04320 -0.05940 0.52824 -0.01316 0.01798 -0.00932 0.00413 -0.00747
-0.02795 -0.01897 0.01155 -0.01197 0.04332 -0.01242 0.02987 -0.00014 -0.00792 0.02359 0.04187 -0.03104 0.03356 0.02142 -0.01973 0.02011 -0.02348 0.05156 -0.00310 -0.01691 0.03585 0.02042 -0.02435 0.04058 -0.02686 0.02156 0.00221 -0.03529 -0.02656 -0.02279 -0.03891 -0.02552 0.00502 -0.00875 -0.01664 -0.09032 -0.00010 -0.01725 -0.03549 -0.02250 0.03499 0.00412 0.01395 0.01424 0.01316 0.46308 0.03217 0.02337 -0.09063 0.05595
-0.01323 -0.04047 0.00591 -0.06609 0.00747 0.08474 -0.05043 -0.01525 0.00122 0.01485 -0.02851 -0.02245 0.00285 -0.06063 0.00278 0.01329 0.03597 -0.04051 -0.02769 -0.01273 -0.01449 -0.03557 0.02538 0.03168 0.03568 -0.02354 -0.08373 -0.05662 -0.02722 -0.00263 0.01712 0.04158 0.00333 -0.00505 -0.05324 0.00889 -0.01006 -0.01533 0.02485 -0.04048 -0.00495 0.02406 0.03191 0.04953 -0.01798 -0.03217 0.69990 0.05923 -0.02786 0.00621
0.02289 0.04056 -0.01174 -0.03264 -0.02282 -0.06191 0.00320 -0.02260 -0.00256 0.00122 0.01833 -0.04338 0.02956 0.04959 -0.03315 0.01696 -0.01299 -0.02821 0.00258 0.02162 0.03056 -0.00186 0.03483 -0.02672 0.00209 0.03029 -0.02401 -0.02968 -0.01479 -0.04887 -0.05406 0.02583 -0.01200 -0.03808 -0.02783 -0.00825 -0.00013 0.00290 0.04832 0.00273 -0.01836 -0.02976 0.02034 -0.02754 0.00932 -0.02337 -0.05923 0.72748 0.03182 0.04741
-0.06613 0.08913 0.02677 0.07958 0.06566 -0.00605 0.07107 0.02610 -0.01282 -0.00233 0.03351 0.00886 0.03147 0.03798 -0.00041 0.04587 0.01578 0.03560 0.01271 0.03337 0.01514 0.05780 -0.01036 -0.05611 -0.02306 0.00181 0.07403 0.02556 0.04317 0.03313 0.01079 -0.02705 -0.01193 0.02003 0.03881 -0.07086 -0.00339 -0.00973 -0.03660 0.00580 0.00990 0.00660 -0.01640 -0.03516 -0.00413 0.09063 0.02786 -0.03182 0.56606 -0.02763
0.06813 -0.01367 0.04766 0.08983 -0.03110 0.04323 -0.00728 -0.00297 0.02216 0.00421 -0.03913 0.07882 0.00570 0.06429 0.03537 0.01837 0.01384 -0.01729 0.01265 -0.07031 0.07786 0.08517 -0.03786 0.03028 -0.01235 0.07136 -0.01343 -0.00134 0.06083 -0.00952 -0.04168 0.02369 -0.02297 -0.01621 0.00608 0.00145 0.01059 -0.05023 -0.02503 0.00139 -0.01961 0.07435 0.03026 -0.01327 0.00747 -0.05595 -0.00621 -0.04741 0.02763 0.00000
