0.23229 0.03854 -0.00408 0.07515 0.03847 -0.03923 -0.00804 -0.02774 -0.00348 -0.00016 -0.01423 -0.03456 -0.00300 0.01725 -0.01048 0.00680 0.01686 -0.01400 0.04575 -0.05460 0.02174 0.02272 0.00518 -0.05147 0.01905 0.02210 -0.01617 -0.05049 0.07620 0.04727 0.00979 -0.04489 0.00695 -0.01061 -0.06255 0.02073 -0.02401 0.00727 0.01043 0.03595 -0.07569 -0.04801 -0.06464 -0.09148 -0.08023 0.03055 0.03132 -0.01669 0.02670 0.02246
-0.03854 0.63683 -0.05101 0.03472 0.05648 0.03811 0.04053 0.00115 -0.02056 -0.03313 0.10712 -0.03031 0.07099 -0.02296 0.07066 0.08474 0.01342 0.01078 -0.02899 -0.05617 -0.07735 0.01843 0.01217 0.00986 -0.02501 -0.01602 -0.02724 -0.04323 0.01448 0.02782 0.00365 -0.00651 0.02683 -0.04687 -0.00058 0.05983 0.00270 -0.03361 -0.02023 0.05750 0.04868 -0.07001 -0.02250 -0.04283 0.02544 -0.03562 -0.00135 0.01152 -0.00113 -0.00957
0.00408 0.05101 0.14443 0.00472 0.02324 -0.05825 0.06332 -0.01030 0.07479 0.04141 -0.07069 -0.00455 0.05373 0.03990 0.05724 0.07656 0.05342 0.00574 0.05694 -0.03558 -0.03689 -0.02257 0.04151 -0.02002 -0.06731 0.00595 -0.00893 0.00448 0.08282 0.04810 0.01237 -0.01329 0.01631 -0.02941 -0.00263 0.06275 -0.05810 -0.03713 -0.05827 0.04259 -0.07224 -0.03434 -0.02202 -0.00919 -0.01349 -0.05097 0.04450 -0.03792 -0.06105 0.05365
-0.07515 -0.03472 -0.00472 0.66707 0.04066 -0.00152 -0.01279 -0.01379 0.01700 0.06067 0.07068 0.04004 -0.01837 0.04394 -0.02943 0.01473 0.00055 -0.02114 -0.05449 0.03811 0.00762 0.07176 -0.01209 -0.08337 0.04854 -0.00686 -0.01578 0.00975 -0.03665 -0.01358 -0.01700 -0.01421 -0.04025 0.03469 0.06756 0.03178 0.03458 -0.03221 -0.02411 -0.01721 0.04310 0.04603 0.05309 -0.06984 -0.02972 0.02136 -0.04769 -0.01484 0.03308 0.00065
-0.03847 -0.05648 -0.02324 -0.04066 0.41996 -0.02046 -0.04610 -0.03256 0.01479 -0.01745 0.05277 -0.03495 -0.03756 0.00768 -0.05733 -0.04939 0.01406 -0.00503 -0.05787 0.03645 0.07404 -0.04063 0.01880 0.05140 -0.01746 -0.00885 0.05714 -0.01149 -0.02437 0.04311 0.04278 -0.00453 -0.01121 0.06888 -0.01335 -0.03227 -0.00978 0.03676 0.14982 -0.07848 0.03861 0.05555 0.05110 0.02407 -0.00528 0.02082 -0.05547 0.00947 -0.00556 -0.02479
0.03923 -0.03811 0.05825 0.00152 0.02046 0.64388 -0.07132 0.03416 0.02889 0.05668 -0.04178 -0.02482 -0.04742 0.01264 0.01533 -0.00965 -0.00403 -0.03922 0.02839 -0.02598 -0.00921 -0.08184 -0.00387 -0.02182 -0.00238 0.03943 -0.00601 -0.02800 0.01357 0.02535 0.00759 0.06051 0.08267 0.01562 -0.03538 0.00163 -0.02089 0.03256 0.04716 -0.01815 -0.03251 0.03696 0.00298 0.00090 -0.03187 0.02244 -0.00940 -0.02191 -0.05008 0.05839
0.00804 -0.04053 -0.06332 0.01279 0.04610 0.07132 0.43942 -0.03077 -0.07719 -0.09539 0.03719 -0.02106 0.03572 -0.06936 -0.05487 -0.00745 -0.01683 0.02948 0.00160 -0.04728 0.04341 -0.02736 -0.01750 0.04478 -0.11413 -0.02367 0.05083 0.01353 -0.01455 0.05016 0.00911 -0.00623 -0.00451 0.00826 -0.03579 -0.04406 0.00247 -0.01146 0.08165 0.00338 0.02042 -0.00958 0.02675 -0.00792 0.02268 -0.06139 -0.00751 0.00105 -0.06454 -0.05454
0.02774 -0.00115 0.01030 0.01379 0.03256 -0.03416 0.03077 0.60014 0.02832 0.03269 -0.03247 -0.01014 -0.00175 0.00091 0.00437 0.05056 0.04974 -0.01068 0.04638 -0.04032 -0.00200 0.00822 0.05831 -0.03913 -0.00016 0.01801 -0.02318 -0.02959 0.05842 0.09258 0.00297 -0.02779 0.02768 0.01053 -0.05260 0.02893 -0.04512 -0.04138 0.01376 0.07258 -0.05672 -0.04625 -0.03987 -0.02624 -0.00663 0.03284 0.04463 -0.04243 0.05833 0.04695
0.00348 0.02056 -0.07479 -0.01700 -0.01479 -0.02889 0.07719 -0.02832 0.80342 -0.06264 0.02410 -0.00816 0.05200 0.02171 -0.03883 -0.03892 0.02050 -0.04298 -0.00416 0.01380 0.01505 0.01183 0.01269 0.01173 -0.02338 -0.03881 0.05524 0.01679 -0.00943 -0.01639 -0.00368 -0.04445 0.00469 0.06560 0.00193 -0.02796 0.00265 -0.05954 0.02689 -0.05446 0.02410 0.06142 -0.01087 0.01475 0.01594 -0.04490 0.02353 -0.06242 -0.05811 -0.02164
0.00016 0.03313 -0.04141 -0.06067 0.01745 -0.05668 0.09539 -0.03269 0.06264 0.27823 -0.02913 -0.06732 0.08297 -0.02561 0.00534 0.04613 0.00972 0.05216 0.02975 -0.02831 0.01826 -0.15018 -0.00250 0.04625 -0.09173 -0.00487 0.00383 0.01060 0.03974 0.01453 0.00481 0.00029 0.01451 0.03888 -0.06051 0.03347 0.01498 0.05091 0.01394 0.03190 -0.03692 -0.07216 -0.06564 -0.00635 0.00595 -0.09095 0.02329 0.01950 -0.13440 0.02850
0.01423 -0.10712 0.07069 -0.07068 -0.05277 0.04178 -0.03719 0.03247 -0.02410 0.02913 0.96834 -0.04235 -0.02283 -0.01817 -0.00099 -0.02864 -0.00968 0.04730 -0.01963 0.01340 0.09068 -0.04073 -0.08263 0.04012 0.04127 0.00048 0.06924 0.04247 -0.00346 -0.01415 0.02301 0.04466 -0.02041 0.02446 0.03945 0.01583 -0.01301 0.02083 0.04581 0.05720 -0.06554 0.01497 0.04959 0.04019 0.04100 0.02188 -0.04624 0.01956 0.01429 0.00153
0.03456 0.03031 0.00455 -0.04004 0.03495 0.02482 0.02106 0.01014 0.00816 0.06732 0.04235 0.26357 0.00429 -0.05695 0.00725 -0.05805 -0.04321 0.05666 0.02117 0.00805 -0.03769 -0.07374 -0.08103 0.01279 -0.02435 -0.01368 0.00519 0.01849 0.00232 0.02941 0.01335 0.06269 0.00204 -0.03776 -0.06934 0.10789 0.04144 0.01651 -0.00770 0.06078 -0.01318 0.00432 0.01819 0.02298 0.05470 -0.03491 0.06427 -0.00466 -0.11473 0.02799
0.00300 -0.07099 -0.05373 0.01837 0.03756 0.04742 -0.03572 0.00175 -0.05200 -0.08297 0.02283 -0.00429 0.57446 -0.06212 0.00350 -0.00502 -0.03684 -0.02151 -0.01879 0.03092 -0.00309 0.02458 -0.06887 0.02060 -0.00995 -0.05111 -0.01693 0.00725 -0.02530 0.00836 -0.02312 0.02530 -0.00104 0.00590 0.01947 0.00790 0.03061 -0.06640 0.03671 -0.02427 0.04043 0.06232 -0.00959 -0.01710 0.02240 -0.01221 -0.05023 0.00340 0.03738 0.03764
-0.01725 0.02296 -0.03990 -0.04394 -0.00768 -0.01264 0.06936 -0.00091 -0.02171 0.02561 0.01817 0.05695 0.06212 0.16687 -0.02516 -0.00268 -0.01977 0.04698 -0.01738 0.05371 -0.03506 -0.01647 0.00398 -0.01285 -0.01667 -0.07945 0.07933 0.01666 -0.00667 0.01368 0.00155 0.01727 0.02449 -0.02181 0.04114 -0.01977 -0.02727 -0.05937 -0.05406 0.01120 0.02648 0.07275 0.03017 0.07560 0.08487 -0.06813 -0.01139 0.01578 -0.05208 -0.00550
0.01048 -0.07066 -0.05724 0.02943 0.05733 -0.01533 0.05487 -0.00437 0.03883 -0.00534 0.00099 -0.00725 -0.00350 0.02516 0.69002 0.04162 0.04052 -0.03140 -0.01939 0.01851 -0.04834 -0.00616 0.02515 -0.01283 -0.03501 -0.01162 0.01531 -0.03933 0.01870 0.08393 -0.01810 -0.03313 0.03793 -0.00162 0.02211 0.08016 -0.01594 -0.05681 0.04674 -0.00823 0.03709 0.00099 0.03590 -0.04413 -0.01094 -0.04277 0.00559 -0.07368 -0.02694 -0.01211
-0.00680 -0.08474 -0.07656 -0.01473 0.04939 0.00965 0.00745 -0.05056 0.03892 -0.04613 0.02864 0.05805 0.00502 0.00268 -0.04162 0.31847 -0.00644 -0.00809 -0.02188 -0.04952 -0.00048 0.05072 -0.05806 -0.02909 0.00355 -0.02587 0.06548 0.04492 -0.00811 0.08786 0.00051 0.01510 -0.00586 -0.00167 0.01800 -0.03090 0.00442 -0.08980 0.03099 -0.06753 0.02143 0.02028 0.03401 0.01088 0.06507 0.01125 0.02860 -0.00342 0.06716 0.02584
-0.01686 -0.01342 -0.05342 -0.00055 -0.01406 0.00403 0.01683 -0.04974 -0.02050 -0.00972 0.00968 0.04321 0.03684 0.01977 -0.04052 0.00644 1.02516 -0.00099 -0.00507 0.03461 -0.02366 -0.01079 -0.01127 -0.01114 0.00512 -0.00988 -0.02430 -0.03477 0.00080 0.03080 -0.01801 -0.02361 -0.02447 0.02239 0.04135 -0.01300 -0.01468 -0.01591 0.02191 -0.01557 0.02722 0.01856 -0.01672 -0.01159 -0.02646 -0.03255 -0.01502 -0.00262 0.02069 -0.00889
0.01400 -0.01078 -0.00574 0.02114 0.00503 0.03922 -0.02948 0.01068 0.04298 -0.05216 -0.04730 -0.05666 0.02151 -0.04698 0.03140 0.00809 0.00099 0.72508 0.00243 -0.01451 -0.02225 -0.05445 -0.01676 0.02095 -0.05947 0.02887 -0.01627 -0.00269 0.02126 -0.00384 0.01143 0.04384 0.05587 0.04351 -0.02971 0.00063 0.01514 0.12471 0.00329 0.01632 -0.00896 -0.02006 -0.00209 -0.00432 -0.01613 -0.00676 0.01295 0.02642 -0.12886 -0.02199
-0.04575 0.02899 -0.05694 0.05449 0.05787 -0.02839 -0.00160 -0.04638 0.00416 -0.02975 0.01963 -0.02117 0.01879 0.01738 0.01939 0.02188 0.00507 -0.00243 1.02685 -0.04032 -0.03995 0.06402 0.02947 -0.04572 -0.02407 -0.05244 -0.01554 -0.03699 -0.00873 -0.00218 -0.06818 -0.06079 0.03734 -0.04217 -0.02902 0.01195 0.02475 -0.03384 -0.05663 -0.01874 0.03672 -0.00124 0.00337 -0.03648 -0.02716 -0.02219 0.04396 -0.06142 -0.01814 0.01909
0.05460 0.05617 0.03558 -0.03811 -0.03645 0.02598 0.04728 0.04032 -0.01380 0.02831 -0.01340 -0.00805 -0.03092 -0.05371 -0.01851 0.04952 -0.03461 0.01451 0.04032 0.53328 -0.01072 0.00614 0.07837 0.07408 -0.03138 0.01629 0.00021 -0.02687 -0.03370 0.01224 -0.04886 -0.00314 -0.02431 -0.05988 -0.04353 0.05932 0.02927 0.01310 0.05609 0.02634 -0.03264 -0.06899 -0.02296 -0.02072 0.00137 -0.04729 0.01185 0.03958 0.02744 -0.05575
-0.02174 0.07735 0.03689 -0.00762 -0.07404 0.00921 -0.04341 0.00200 -0.01505 -0.01826 -0.09068 0.03769 0.00309 0.03506 0.04834 0.00048 0.02366 0.02225 0.03995 0.01072 0.66061 0.05844 -0.01913 -0.00721 0.00356 0.02721 -0.04844 0.04087 -0.01777 -0.08121 0.01613 -0.00392 -0.05510 0.05108 0.03298 -0.04576 0.01433 0.02049 -0.03748 0.03834 -0.03046 -0.00204 -0.01703 0.04295 0.01439 0.06458 0.00177 0.05141 0.05906 0.02201
-0.02272 -0.01843 0.02257 -0.07176 0.04063 0.08184 0.02736 -0.00822 -0.01183 0.15018 0.04073 0.07374 -0.02458 0.01647 0.00616 -0.05072 0.01079 0.05445 -0.06402 -0.00614 -0.05844 0.23187 -0.03418 -0.03625 0.08998 -0.05673 0.06063 0.06957 -0.03694 0.05145 0.03276 0.07343 -0.02973 -0.02322 0.04872 -0.00861 0.03467 -0.05099 -0.03517 -0.04036 0.04291 0.04691 0.05390 0.04028 0.08243 0.04054 -0.00226 -0.02658 0.03264 0.04510
-0.00518 -0.01217 -0.04151 0.01209 -0.01880 0.00387 0.01750 -0.05831 -0.01269 0.00250 0.08263 0.08103 0.06887 -0.00398 -0.02515 0.05806 0.01127 0.01676 -0.02947 -0.07837 0.01913 0.03418 0.45987 -0.08343 0.03424 -0.04047 0.00657 0.04413 0.01587 0.03500 -0.00303 0.00463 0.03962 -0.00718 0.01297 -0.09555 -0.03849 -0.04127 -0.03699 0.02276 0.00646 -0.04319 0.03626 0.06721 0.00692 -0.00466 0.05699 -0.00167 0.01161 0.04304
0.05147 -0.00986 0.02002 0.08337 -0.05140 0.02182 -0.04478 0.03913 -0.01173 -0.04625 -0.04012 -0.01279 -0.02060 0.01285 0.01283 0.02909 0.01114 -0.02095 0.04572 -0.07408 0.00721 0.03625 0.08343 0.07797 0.00036 0.06518 0.00953 -0.05220 0.00133 0.01400 -0.00995 -0.02919 0.03297 0.03717 -0.04622 -0.03042 -0.02888 0.00369 0.05483 -0.01109 -0.03270 -0.03468 0.02768 -0.05428 -0.08881 0.06586 0.03717 0.00868 0.12586 -0.02112
-0.01905 0.02501 0.06731 -0.04854 0.01746 0.00238 0.11413 0.00016 0.02338 0.09173 -0.04127 0.02435 0.00995 0.01667 0.03501 -0.00355 -0.00512 0.05947 0.02407 0.03138 -0.00356 -0.08998 -0.03424 -0.00036 0.12810 -0.02431 -0.02667 0.02860 -0.00605 0.02149 -0.02116 0.06987 -0.00897 0.00506 0.00525 0.01324 0.01432 0.01078 -0.08723 0.05155 -0.00294 -0.01518 -0.04513 0.02511 -0.02210 -0.01924 0.02739 0.00597 -0.15152 0.05842
-0.02210 0.01602 -0.00595 0.00686 0.00885 -0.03943 0.02367 -0.01801 0.03881 0.00487 -0.00048 0.01368 0.05111 0.07945 0.01162 0.02587 0.00988 -0.02887 0.05244 -0.01629 -0.02721 0.05673 0.04047 -0.06518 0.02431 0.13696 -0.01481 0.01072 0.03602 0.02054 -0.00423 0.00342 0.00367 -0.00029 -0.00814 0.00797 -0.04010 -0.07915 -0.03892 0.03650 -0.05166 -0.00554 0.00273 0.01168 0.00400 0.03127 0.04416 -0.02764 0.03443 0.06394
0.01617 0.02724 0.00893 0.01578 -0.05714 0.00601 -0.05083 0.02318 -0.05524 -0.00383 -0.06924 -0.00519 0.01693 -0.07933 -0.01531 -0.06548 0.02430 0.01627 0.01554 -0.00021 0.04844 -0.06063 -0.00657 -0.00953 0.02667 0.01481 0.62077 0.03110 -0.02311 -0.03232 0.00122 0.00719 0.09378 0.00883 -0.04697 -0.05410 -0.00007 0.06791 -0.03221 0.03202 0.01931 -0.02172 -0.02570 0.05810 -0.02094 0.02225 0.02063 0.03776 -0.11356 0.04434
0.05049 0.04323 -0.00448 -0.00975 0.01149 0.02800 -0.01353 0.02959 -0.01679 -0.01060 -0.04247 -0.01849 -0.00725 -0.01666 0.03933 -0.04492 0.03477 0.00269 0.03699 0.02687 -0.04087 -0.06957 -0.04413 0.05220 -0.02860 -0.01072 -0.03110 0.60945 0.02573 -0.02856 0.03807 0.01834 0.06073 0.00711 -0.06422 0.01658 0.01615 0.02667 0.02137 0.02996 -0.07238 0.03449 -0.02494 0.02403 0.01752 -0.03039 -0.02819 -0.02876 -0.09647 0.05448
-0.07620 -0.01448 -0.08282 0.03665 0.02437 -0.01357 0.01455 -0.05842 0.00943 -0.03974 0.00346 -0.00232 0.02530 0.00667 -0.01870 0.00811 -0.00080 -0.02126 0.00873 0.03370 0.01777 0.03694 -0.01587 -0.00133 0.00605 -0.03602 0.02311 -0.02573 1.03625 0.02681 -0.03152 -0.02237 -0.02623 0.01979 0.04401 -0.00495 -0.00565 -0.02755 0.00441 -0.00116 0.03608 -0.00284 -0.03152 -0.02925 -0.03222 -0.03548 -0.02504 -0.03102 0.00964 -0.00862
-0.04727 -0.02782 -0.04810 0.01358 -0.04311 -0.02535 -0.05016 -0.09258 0.01639 -0.01453 0.01415 -0.02941 -0.00836 -0.01368 -0.08393 -0.08786 -0.03080 0.00384 0.00218 -0.01224 0.08121 -0.05145 -0.03500 -0.01400 -0.02149 -0.02054 0.03232 0.02856 -0.02681 0.53266 -0.04019 0.01547 -0.01386 0.02319 -0.00296 -0.06161 -0.02723 0.03665 0.02161 -0.07868 0.01771 0.00313 0.02098 -0.01556 -0.02037 0.00195 -0.01683 0.00492 -0.08507 0.00522
-0.00979 -0.00365 -0.01237 0.01700 -0.04278 -0.00759 -0.00911 -0.00297 0.00368 -0.00481 -0.02301 -0.01335 0.02312 -0.00155 0.01810 -0.00051 0.01801 -0.01143 0.06818 0.04886 -0.01613 -0.03276 0.00303 0.00995 0.02116 0.00423 -0.00122 -0.03807 0.03152 0.04019 1.02096 -0.00915 -0.00504 -0.00225 0.02228 0.04430 -0.05579 -0.02003 -0.01948 0.05614 -0.06353 0.00562 -0.03327 0.01118 -0.03910 -0.00555 0.00821 -0.01910 -0.00767 0.02663
0.04489 0.00651 0.01329 0.01421 0.00453 -0.06051 0.00623 0.02779 0.04445 -0.00029 -0.04466 -0.06269 -0.02530 -0.01727 0.03313 -0.01510 0.02361 -0.04384 0.06079 0.00314 0.00392 -0.07343 -0.00463 0.02919 -0.06987 -0.00342 -0.00719 -0.01834 0.02237 -0.01547 0.00915 0.31055 0.00868 -0.01922 -0.04060 0.06382 -0.02381 0.02612 0.01080 0.00924 -0.03719 -0.01397 -0.02269 -0.02876 -0.05430 -0.04721 0.01190 -0.02403 -0.07278 -0.01000
-0.00695 -0.02683 -0.01631 0.04025 0.01121 -0.08267 0.00451 -0.02768 -0.00469 -0.01451 0.02041 -0.00204 0.00104 -0.02449 -0.03793 0.00586 0.02447 -0.05587 -0.03734 0.02431 0.05510 0.02973 -0.03962 -0.03297 0.00897 -0.00367 -0.09378 -0.06073 0.02623 0.01386 0.00504 -0.00868 0.60192 -0.08796 0.03029 0.03243 -0.00970 0.00829 -0.08423 0.05777 0.06249 -0.02902 -0.03122 -0.03536 -0.01932 -0.02812 -0.02819 0.01126 0.02687 -0.02706
0.01061 0.04687 0.02941 -0.03469 -0.06888 -0.01562 -0.00826 -0.01053 -0.06560 -0.03888 -0.02446 0.03776 -0.00590 0.02181 0.00162 0.00167 -0.02239 -0.04351 0.04217 0.05988 -0.05108 0.02322 0.00718 -0.03717 -0.00506 0.00029 -0.00883 -0.00711 -0.01979 -0.02319 0.00225 0.01922 0.08796 0.36797 -0.01697 -0.05990 0.05055 -0.07245 0.01986 0.03994 -0.04762 0.08652 0.01776 0.05933 0.06148 0.03866 -0.07587 -0.00575 0.04720 0.05503
0.06255 0.00058 0.00263 -0.06756 0.01335 0.03538 0.03579 0.05260 -0.00193 0.06051 -0.03945 0.06934 -0.01947 -0.04114 -0.02211 -0.01800 -0.04135 0.02971 0.02902 0.04353 -0.03298 -0.04872 -0.01297 0.04622 -0.00525 0.00814 0.04697 0.06422 -0.04401 0.00296 -0.02228 0.04060 -0.03029 0.01697 0.86046 -0.00147 0.03250 -0.02605 0.03857 -0.04430 -0.05643 0.03917 0.00689 0.05110 0.03032 -0.03771 -0.02074 0.03194 -0.02987 0.02635
-0.02073 -0.05983 -0.06275 -0.03178 0.03227 -0.00163 0.04406 -0.02893 0.02796 -0.03347 -0.01583 -0.10789 -0.00790 0.01977 -0.08016 0.03090 0.01300 -0.00063 -0.01195 -0.05932 0.04576 0.00861 0.09555 0.03042 -0.01324 -0.00797 0.05410 -0.01658 0.00495 0.06161 -0.04430 -0.06382 -0.03243 0.05990 0.00147 0.40995 -0.04632 0.01265 0.09489 -0.01831 0.04397 -0.06043 0.00542 -0.07058 -0.04584 -0.02323 0.02100 -0.02483 0.01955 -0.02415
0.02401 -0.00270 0.05810 -0.03458 0.00978 0.02089 -0.00247 0.04512 -0.00265 -0.01498 0.01301 -0.04144 -0.03061 0.02727 0.01594 -0.00442 0.01468 -0.01514 -0.02475 -0.02927 -0.01433 -0.03467 0.03849 0.02888 -0.01432 0.04010 0.00007 -0.01615 0.00565 0.02723 0.05579 0.02381 0.00970 -0.05055 -0.03250 0.04632 0.95877 0.00077 -0.01942 -0.07342 -0.00706 0.00003 -0.01277 0.00192 0.06646 0.04900 -0.00679 0.07247 0.02366 0.04974
-0.00727 0.03361 0.03713 0.03221 -0.03676 -0.03256 0.01146 0.04138 0.05954 -0.05091 -0.02083 -0.01651 0.06640 0.05937 0.05681 0.08980 0.01591 -0.12471 0.03384 -0.01310 -0.02049 0.05099 0.04127 -0.00369 -0.01078 0.07915 -0.06791 -0.02667 0.02755 -0.03665 0.02003 -0.02612 -0.00829 0.07245 0.02605 -0.01265 -0.00077 0.40536 0.00574 0.01854 -0.01272 -0.00140 -0.03903 0.00026 -0.03782 0.05246 -0.01429 0.00110 0.04297 0.04703
-0.01043 0.02023 0.05827 0.02411 -0.14982 -0.04716 -0.08165 -0.01376 -0.02689 -0.01394 -0.04581 0.00770 -0.03671 0.05406 -0.04674 -0.03099 -0.02191 -0.00329 0.05663 -0.05609 0.03748 0.03517 0.03699 -0.05483 0.08723 0.03892 0.03221 -0.02137 -0.00441 -0.02161 0.01948 -0.01080 0.08423 -0.01986 -0.03857 -0.09489 0.01942 -0.00574 0.24630 -0.03262 -0.04933 0.01997 0.01887 0.03901 0.01365 0.08206 0.01984 0.00948 0.15119 0.09302
-0.03595 -0.05750 -0.04259 0.01721 0.07848 0.01815 -0.00338 -0.07258 0.05446 -0.03190 -0.05720 -0.06078 0.02427 -0.01120 0.00823 0.06753 0.01557 -0.01632 0.01874 -0.02634 -0.03834 0.04036 -0.02276 0.01109 -0.05155 -0.03650 -0.03202 -0.02996 0.00116 0.07868 -0.05614 -0.00924 -0.05777 -0.03994 0.04430 0.01831 0.07342 -0.01854 0.03262 0.91072 -0.00569 -0.02178 -0.03822 -0.02258 0.01225 -0.06235 0.00145 -0.03966 0.08138 0.02139
0.07569 -0.04868 0.07224 -0.04310 -0.03861 0.03251 -0.02042 0.05672 -0.02410 0.03692 0.06554 0.01318 -0.04043 -0.02648 -0.03709 -0.02143 -0.02722 0.00896 -0.03672 0.03264 0.03046 -0.04291 -0.00646 0.03270 0.00294 0.05166 -0.01931 0.07238 -0.03608 -0.01771 0.06353 0.03719 -0.06249 0.04762 0.05643 -0.04397 0.00706 0.01272 0.04933 0.00569 1.00528 0.03175 0.05203 0.04379 0.01204 0.04195 -0.02625 0.06635 -0.01317 -0.03973
0.04801 0.07001 0.03434 -0.04603 -0.05555 -0.03696 0.00958 0.04625 -0.06142 0.07216 -0.01497 -0.00432 -0.06232 -0.07275 -0.00099 -0.02028 -0.01856 0.02006 0.00124 0.06899 0.00204 -0.04691 0.04319 0.03468 0.01518 0.00554 0.02172 -0.03449 0.00284 -0.00313 -0.00562 0.01397 0.02902 -0.08652 -0.03917 0.06043 -0.00003 0.00140 -0.01997 0.02178 -0.03175 0.70006 -0.01390 0.02273 -0.00813 -0.06260 -0.00800 0.00509 -0.02177 -0.03646
0.06464 0.02250 0.02202 -0.05309 -0.05110 -0.00298 -0.02675 0.03987 0.01087 0.06564 -0.04959 -0.01819 0.00959 -0.03017 -0.03590 -0.03401 0.01672 0.00209 -0.00337 0.02296 0.01703 -0.05390 -0.03626 -0.02768 0.04513 -0.00273 0.02570 0.02494 0.03152 -0.02098 0.03327 0.02269 0.03122 -0.01776 -0.00689 -0.00542 0.01277 0.03903 -0.01887 0.03822 -0.05203 0.01390 0.87322 0.06730 0.05192 -0.01721 0.04466 -0.08083 -0.03040 -0.07790
0.09148 0.04283 0.00919 0.06984 -0.02407 -0.00090 0.00792 0.02624 -0.01475 0.00635 -0.04019 -0.02298 0.01710 -0.07560 0.04413 -0.01088 0.01159 0.00432 0.03648 0.02072 -0.04295 -0.04028 -0.06721 0.05428 -0.02511 -0.01168 -0.05810 -0.02403 0.02925 0.01556 -0.01118 0.02876 0.03536 -0.05933 -0.05110 0.07058 -0.00192 -0.00026 -0.03901 0.02258 -0.04379 -0.02273 -0.06730 0.25627 0.01455 -0.04101 0.03518 -0.00974 -0.05523 -0.01706
0.08023 -0.02544 0.01349 0.02972 0.00528 0.03187 -0.02268 0.00663 -0.01594 -0.00595 -0.04100 -0.05470 -0.02240 -0.08487 0.01094 -0.06507 0.02646 0.01613 0.02716 -0.00137 -0.01439 -0.08243 -0.00692 0.08881 0.02210 -0.00400 0.02094 -0.01752 0.03222 0.02037 0.03910 0.05430 0.01932 -0.06148 -0.03032 0.04584 -0.06646 0.03782 -0.01365 -0.01225 -0.01204 0.00813 -0.05192 -0.01455 0.50847 -0.01185 0.04426 -0.06373 0.00500 -0.06294
-0.03055 0.03562 0.05097 -0.02136 -0.02082 -0.02244 0.06139 -0.03284 0.04490 0.09095 -0.02188 0.03491 0.01221 0.06813 0.04277 -0.01125 0.03255 0.00676 0.02219 0.04729 -0.06458 -0.04054 0.00466 -0.06586 0.01924 -0.03127 -0.02225 0.03039 0.03548 -0.00195 0.00555 0.04721 0.02812 -0.03866 0.03771 0.02323 -0.04900 -0.05246 -0.08206 0.06235 -0.04195 0.06260 0.01721 0.04101 0.01185 0.28007 0.01091 -0.06519 -0.06511 0.04635
-0.03132 0.00135 -0.04450 0.04769 0.05547 0.00940 0.00751 -0.04463 -0.02353 -0.02329 0.04624 -0.06427 0.05023 0.01139 -0.00559 -0.02860 0.01502 -0.01295 -0.04396 -0.01185 -0.00177 0.00226 -0.05699 -0.03717 -0.02739 -0.04416 -0.02063 0.02819 0.02504 0.01683 -0.00821 -0.01190 0.02819 0.07587 0.02074 -0.02100 0.00679 0.01429 -0.01984 -0.00145 0.02625 0.00800 -0.04466 -0.03518 -0.04426 -0.01091 0.77080 -0.02396 -0.12779 0.01492
0.01669 -0.01152 0.03792 0.01484 -0.00947 0.02191 -0.00105 0.04243 0.06242 -0.01950 -0.01956 0.00466 -0.00340 -0.01578 0.07368 0.00342 0.00262 -0.02642 0.06142 -0.03958 -0.05141 0.02658 0.00167 -0.00868 -0.00597 0.02764 -0.03776 0.02876 0.03102 -0.00492 0.01910 0.02403 -0.01126 0.00575 -0.03194 0.02483 -0.07247 -0.00110 -0.00948 0.03966 -0.06635 -0.00509 0.08083 0.00974 0.06373 0.06519 0.02396 0.82535 0.05283 0.00302
-0.02670 0.00113 0.06105 -0.03308 0.00556 0.05008 0.06454 -0.05833 0.05811 0.13440 -0.01429 0.11473 -0.03738 0.05208 0.02694 -0.06716 -0.02069 0.12886 0.01814 -0.02744 -0.05906 -0.03264 -0.01161 -0.12586 0.15152 -0.03443 0.11356 0.09647 -0.00964 0.08507 0.00767 0.07278 -0.02687 -0.04720 0.02987 -0.01955 -0.02366 -0.04297 -0.15119 -0.08138 0.01317 0.02177 0.03040 0.05523 -0.00500 0.06511 0.12779 -0.05283 0.17576 0.17556
-0.02246 0.00957 -0.05365 -0.00065 0.02479 -0.05839 0.05454 -0.04695 0.02164 -0.02850 -0.00153 -0.02799 -0.03764 0.00550 0.01211 -0.02584 0.00889 0.02199 -0.01909 0.05575 -0.02201 -0.04510 -0.04304 0.02112 -0.05842 -0.06394 -0.04434 -0.05448 0.00862 -0.00522 -0.02663 0.01000 0.02706 -0.05503 -0.02635 0.02415 -0.04974 -0.04703 -0.09302 -0.02139 0.03973 0.03646 0.07790 0.01706 0.06294 -0.04635 -0.01492 -0.00302 -0.17556 0.84115
