0.44436 0.00510 -0.00180 0.01522 -0.07177 -0.00413 -0.00583 0.01225 -0.00704 -0.01567 -0.07632 0.02342 -0.04502 -0.04072 0.00315 -0.01843 0.03542 -0.03191 -0.01757 0.02018 -0.03870 0.00580 -0.00210 -0.02370 0.01472 -0.03021 -0.00436 0.04690 -0.00460 -0.02188 0.03183 0.00654 0.03354 0.00018 -0.01727 0.11357 -0.00875 -0.00405 0.01962 0.01036 -0.02126 -0.03656 0.00261 -0.01308 -0.01180 0.02654 0.01303 -0.02308 0.06653 -0.06804
-0.00510 0.55959 0.00474 -0.02943 -0.02309 0.01699 0.03157 0.02821 0.00184 0.00015 -0.03553 0.04091 -0.00374 0.01318 0.03714 -0.01019 0.01353 0.01666 -0.01524 0.01906 -0.05346 0.03929 0.00136 -0.00177 -0.00008 -0.06478 -0.02998 0.02176 -0.04930 -0.00273 0.00442 0.02515 0.00442 -0.00357 -0.06521 0.01588 0.00034 -0.01711 0.00389 -0.04535 -0.02734 -0.01404 -0.01513 0.01164 -0.00250 0.01845 0.04055 -0.04039 -0.08936 0.01398
0.00180 -0.00474 0.46505 -0.03802 -0.02794 -0.04309 -0.01657 -0.02555 0.02197 0.01320 -0.04398 0.01183 -0.02796 -0.03360 0.00372 -0.01979 0.04387 -0.05080 -0.00375 -0.00611 -0.03335 -0.01069 -0.00541 0.00008 0.02184 -0.04528 -0.02164 0.01642 -0.00754 -0.02715 0.04327 0.01441 0.01896 -0.01052 0.00380 0.00483 0.00217 0.02035 0.00509 -0.01370 -0.01372 -0.04089 0.03923 0.04246 -0.02429 -0.01277 -0.00578 0.01235 -0.02808 -0.04807
-0.01522 0.02943 0.03802 0.73730 0.01715 0.04381 0.07270 0.03990 -0.01260 -0.06791 -0.04746 0.01668 0.03128 -0.05792 0.03667 -0.02947 0.06192 -0.01944 0.01914 -0.00188 0.00243 -0.00783 0.01997 -0.09400 0.00347 0.00304 -0.00964 -0.02964 -0.08054 0.01332 0.08524 -0.04972 0.04687 0.00328 0.09046 0.00366 0.03641 0.05899 0.02146 -0.03069 0.08038 0.00331 -0.03647 0.01777 -0.06295 0.01199 0.06524 0.03264 -0.07820 -0.08979
0.07177 0.02309 0.02794 -0.01715 0.01030 -0.02690 0.00922 0.03276 -0.03244 -0.00083 0.00161 -0.01366 0.02731 0.02308 0.03916 0.00218 0.00993 -0.00905 0.03509 -0.03685 0.03039 0.02608 -0.01443 0.00415 -0.03658 0.02717 -0.01927 -0.02042 -0.01528 -0.01004 -0.07000 -0.01033 -0.00783 -0.02402 0.00721 -0.05381 -0.04918 -0.01318 -0.01478 -0.01470 0.00565 0.05000 0.05084 0.01535 0.00029 -0.04109 -0.00733 0.02355 -0.06636 0.03137
0.00413 -0.01699 0.04309 -0.04381 0.02690 1.02884 -0.06217 -0.03881 0.00228 0.04051 0.05176 0.04076 -0.04917 -0.05915 -0.01619 0.08244 -0.00320 0.03863 -0.01617 0.06718 -0.03354 -0.04160 -0.04493 0.01071 0.08199 -0.04753 0.03522 0.04154 0.04442 0.08905 0.07360 0.05827 -0.03379 0.10848 -0.02132 -0.02248 0.07606 -0.06430 -0.09547 0.00042 -0.03973 -0.06649 0.04977 -0.07025 0.02933 0.01355 -0.08404 0.06167 0.00549 -0.04285
0.00583 -0.03157 0.01657 -0.07270 -0.00922 0.06217 0.46850 0.02141 -0.00955 0.03314 -0.01022 0.00134 0.02886 -0.01723 0.04734 -0.03408 -0.00152 0.00698 0.01346 -0.02077 -0.03505 -0.03223 -0.05101 0.03243 0.00576 -0.01104 -0.01479 -0.02713 -0.03473 0.03471 -0.01350 0.00261 0.03037 0.00050 0.01118 0.01491 0.01174 0.00431 -0.03992 -0.03457 0.05222 0.06413 0.01958 0.06354 0.02540 -0.02927 0.05000 -0.00316 -0.07041 0.00776
-0.01225 -0.02821 0.02555 -0.03990 -0.03276 0.03881 -0.02141 1.02770 0.04327 -0.02315 -0.02371 0.01962 -0.03915 -0.04208 0.02266 -0.00139 -0.02905 -0.02485 -0.03499 -0.02714 -0.02535 0.00632 0.01994 -0.01002 0.02835 -0.01961 0.00879 0.02808 -0.06264 0.01319 0.00653 -0.00751 -0.02310 -0.00027 -0.03806 0.02813 0.03958 0.03368 -0.02090 0.02260 -0.01603 0.02099 -0.03295 0.04384 0.00834 0.00054 0.01579 0.02222 -0.02632 0.00346
0.00704 -0.00184 -0.02197 0.01260 0.03244 -0.00228 0.00955 -0.04327 0.95298 -0.00510 0.06931 -0.04137 -0.01033 0.01078 -0.02231 0.05800 -0.00184 0.03251 -0.01705 0.00477 -0.00328 -0.02380 -0.02452 -0.00969 0.02263 0.00261 0.01405 0.00477 0.02024 -0.00449 0.02348 -0.00149 -0.01744 -0.00053 0.01976 -0.02902 -0.00476 -0.00352 -0.05391 -0.02327 -0.00140 -0.03181 -0.05926 -0.05765 0.01247 0.00764 -0.00068 0.00241 0.01174 -0.02272
0.01567 -0.00015 -0.01320 0.06791 0.00083 -0.04051 -0.03314 0.02315 0.00510 0.75263 -0.02540 0.00816 -0.00128 0.03179 0.03760 -0.02237 0.00314 0.00759 0.03015 -0.03227 0.03863 0.04087 -0.02816 0.06042 -0.00712 0.03036 -0.01387 -0.01512 0.05513 0.00717 -0.01973 -0.02484 0.01940 0.02499 0.03200 0.03624 -0.02759 -0.01812 -0.01616 0.01040 0.02761 0.05563 0.02808 -0.01238 0.00360 -0.02260 -0.01477 -0.00116 0.00218 -0.00378
0.07632 0.03553 0.04398 0.04746 -0.00161 -0.05176 0.01022 0.02371 -0.06931 0.02540 0.15078 0.03859 0.02986 0.06801 0.01356 -0.01379 0.04658 0.00473 0.05021 -0.04246 0.02765 0.04808 0.01343 -0.02828 -0.03432 0.03460 -0.02902 -0.03583 0.00717 -0.03525 -0.04243 -0.00711 -0.00838 -0.00766 0.01344 -0.01569 -0.04502 -0.01756 -0.03233 -0.02477 0.00175 0.07578 0.04735 -0.02338 -0.02811 -0.04083 0.02777 -0.01778 -0.03322 0.03889
-0.02342 -0.04091 -0.01183 -0.01668 0.01366 -0.04076 -0.00134 -0.01962 0.04137 -0.00816 -0.03859 0.00000 0.01623 -0.04454 -0.01300 -0.04972 0.05001 -0.02400 0.01598 0.03530 -0.05156 -0.01901 0.01189 -0.02970 0.02716 -0.03118 0.02254 0.04280 0.02600 0.02274 0.05587 -0.00655 -0.02539 0.02221 0.00212 0.01174 -0.01907 0.01173 0.02152 -0.00610 -0.00372 -0.03959 -0.02805 -0.00302 -0.02500 0.03091 0.02277 0.04227 -0.00857 -0.07815
0.04502 0.00374 0.02796 -0.03128 -0.02731 0.04917 -0.02886 0.03915 0.01033 0.00128 -0.02986 -0.01623 0.39366 0.01035 0.01449 -0.02540 0.00049 -0.02725 -0.00834 -0.01293 0.00203 0.02290 -0.03823 0.03201 0.02599 0.01468 -0.02686 0.03575 -0.00512 0.03018 0.00980 0.03805 -0.02204 0.00816 -0.02459 0.02985 -0.00240 -0.00446 -0.02307 -0.03152 -0.07272 0.02620 0.02226 0.02827 0.00348 -0.03297 -0.00256 -0.02942 -0.03185 -0.00483
0.04072 -0.01318 0.03360 0.05792 -0.02308 0.05915 0.01723 0.04208 -0.01078 -0.03179 -0.06801 0.04454 -0.01035 0.66867 0.06474 0.01960 0.04353 -0.02348 0.01288 0.00891 0.01091 0.04724 0.00241 -0.00397 0.02772 0.05672 0.00404 -0.00885 -0.01940 0.00476 0.01849 -0.02323 0.04242 -0.00949 0.06425 0.04566 0.00304 -0.03359 0.00467 -0.02369 0.06978 0.03460 -0.01837 -0.01160 -0.00240 -0.02061 0.05993 -0.04915 -0.03686 -0.06397
-0.00315 -0.03714 -0.00372 -0.03667 -0.03916 0.01619 -0.04734 -0.02266 0.02231 -0.03760 -0.01356 0.01300 -0.01449 -0.06474 0.32263 -0.02396 -0.01247 -0.00943 -0.06961 0.00764 -0.04819 -0.05037 -0.00844 -0.01677 0.03841 -0.02284 -0.00638 0.01144 0.00364 -0.03986 0.05929 -0.01843 0.00519 0.01647 -0.04634 0.06133 0.02303 -0.03275 0.00118 0.03831 -0.02303 -0.02388 -0.02596 0.00709 -0.01284 0.01672 -0.00257 0.03299 -0.00004 -0.03559
0.01843 0.01019 0.01979 0.02947 -0.00218 -0.08244 0.03408 0.00139 -0.05800 0.02237 0.01379 0.04972 0.02540 -0.01960 0.02396 0.18185 0.02343 -0.01401 0.04500 -0.05516 0.00941 -0.00354 0.00059 -0.02149 -0.04195 0.01592 -0.03229 -0.03333 -0.03729 -0.04372 -0.02163 -0.00003 0.06654 -0.01547 0.03443 -0.02631 0.01089 -0.00832 0.00430 -0.03259 0.03724 0.00142 0.05709 0.01915 -0.00935 -0.02014 -0.01459 -0.01649 -0.04513 -0.01923
-0.03542 -0.01353 -0.04387 -0.06192 -0.00993 0.00320 0.00152 0.02905 0.00184 -0.00314 -0.04658 -0.05001 -0.00049 -0.04353 0.01247 -0.02343 0.23136 -0.04709 -0.02450 0.01269 -0.06885 0.00292 0.01400 0.00093 0.01459 -0.05621 -0.05480 0.01059 -0.03104 0.01024 0.04136 -0.01152 0.00765 0.00510 -0.04988 -0.00742 -0.00009 0.00095 0.01446 0.00997 -0.03879 -0.00224 -0.00792 0.03350 -0.01129 0.02322 -0.03558 0.01292 -0.01603 -0.01298
0.03191 -0.01666 0.05080 0.01944 0.00905 -0.03863 -0.00698 0.02485 -0.03251 -0.00759 -0.00473 0.02400 0.02725 0.02348 0.00943 0.01401 0.04709 0.27694 0.02543 -0.02733 0.07523 0.00391 -0.01839 0.00737 -0.02355 0.08558 -0.04400 -0.05267 0.00405 -0.04119 -0.04206 0.00534 0.01748 -0.02230 0.01329 0.00327 -0.03579 -0.02698 -0.02100 -0.04573 0.04443 0.04134 0.00501 -0.01505 0.00092 -0.05074 0.04019 0.02903 -0.03589 0.01720
0.01757 0.01524 0.00375 -0.01914 -0.03509 0.01617 -0.01346 0.03499 0.01705 -0.03015 -0.05021 -0.01598 0.00834 -0.01288 0.06961 -0.04500 0.02450 -0.02543 1.03361 -0.01311 -0.00504 0.01801 0.01480 -0.01238 0.00006 0.00050 -0.03193 -0.00150 -0.01557 -0.03425 0.00046 -0.01775 0.00884 -0.01440 -0.00467 0.04762 -0.03331 -0.01524 0.01424 -0.01556 -0.01584 0.05806 -0.00691 0.03742 -0.02633 0.00455 0.02730 -0.00217 -0.01238 -0.01242
-0.02018 -0.01906 0.00611 0.00188 0.03685 -0.06718 0.02077 0.02714 -0.00477 0.03227 0.04246 -0.03530 0.01293 -0.00891 -0.00764 0.05516 -0.01269 0.02733 0.01311 0.34300 0.00288 -0.00988 -0.00306 0.02480 -0.04383 -0.02748 -0.04575 -0.02948 -0.02317 -0.00058 -0.01787 0.01009 0.07771 0.00043 0.03324 -0.02111 0.02205 -0.05273 0.00643 -0.06381 0.02391 -0.02138 0.03030 0.02218 -0.01113 0.01693 0.01278 -0.02149 -0.03361 0.07022
0.03870 0.05346 0.03335 -0.00243 -0.03039 0.03354 0.03505 0.02535 0.00328 -0.03863 -0.02765 0.05156 -0.00203 -0.01091 0.04819 -0.00941 0.06885 -0.07523 0.00504 -0.00288 0.88529 0.00956 0.02407 -0.05885 -0.00373 0.00703 -0.02443 0.00704 -0.02927 -0.01377 0.00837 0.00503 -0.01346 -0.02936 0.04167 0.04713 0.02070 0.01067 0.02592 -0.02420 -0.00431 -0.02951 0.03488 0.00670 -0.03637 -0.03592 0.01390 -0.02994 -0.01461 -0.07768
-0.00580 -0.03929 0.01069 0.00783 -0.02608 0.04160 0.03223 -0.00632 0.02380 -0.04087 -0.04808 0.01901 -0.02290 -0.04724 0.05037 0.00354 -0.00292 -0.00391 -0.01801 0.00988 -0.00956 0.59834 -0.04800 -0.01981 0.01152 -0.00352 0.02693 0.04324 -0.04288 -0.00208 0.04579 -0.00400 -0.01476 0.01999 -0.00995 0.06304 0.01587 0.03216 0.00346 0.00614 0.00934 -0.05967 -0.04435 0.02202 -0.01984 -0.02096 0.03553 0.00206 -0.05791 -0.08516
0.00210 -0.00136 0.00541 -0.01997 0.01443 0.04493 0.05101 -0.01994 0.02452 0.02816 -0.01343 -0.01189 0.03823 -0.00241 0.00844 -0.00059 -0.01400 0.01839 -0.01480 0.00306 -0.02407 0.04800 0.56196 0.01148 0.02084 -0.00177 -0.00211 0.03704 0.00692 0.01663 0.02457 0.00815 -0.00430 0.01061 -0.05536 -0.02542 0.02918 -0.00162 -0.02810 -0.00168 -0.04130 0.01916 -0.01759 0.02072 0.01915 0.02361 -0.02553 -0.03517 0.01087 0.03749
0.02370 0.00177 -0.00008 0.09400 -0.00415 -0.01071 -0.03243 0.01002 0.00969 -0.06042 0.02828 0.02970 -0.03201 0.00397 0.01677 0.02149 -0.00093 -0.00737 0.01238 -0.02480 0.05885 0.01981 -0.01148 0.35040 0.00616 0.03669 0.04610 0.00656 0.03528 0.01142 0.00651 -0.04690 -0.03774 -0.00190 0.07295 0.03135 -0.00762 0.00181 0.00600 0.03157 -0.00545 0.01328 -0.00451 -0.04565 -0.05140 -0.03891 -0.03090 0.02722 0.05465 -0.03013
-0.01472 0.00008 -0.02184 -0.00347 0.03658 -0.08199 -0.00576 -0.02835 -0.02263 0.00712 0.03432 -0.02716 -0.02599 -0.02772 -0.03841 0.04195 -0.01459 0.02355 -0.00006 0.04383 0.00373 -0.01152 -0.02084 -0.00616 0.85877 -0.00628 0.03542 0.04110 0.01974 -0.01048 0.04348 0.03191 -0.04235 0.01837 -0.00965 -0.02780 -0.03936 -0.03511 0.00363 0.00405 -0.05638 -0.05711 0.01897 -0.04423 -0.01530 0.02724 -0.03433 -0.00190 0.02128 0.01236
0.03021 0.06478 0.04528 -0.00304 -0.02717 0.04753 0.01104 0.01961 -0.00261 -0.03036 -0.03460 0.03118 -0.01468 -0.05672 0.02284 -0.01592 0.05621 -0.08558 -0.00050 0.02748 -0.00703 0.00352 0.00177 -0.03669 0.00628 0.79260 -0.02213 0.00123 -0.02628 -0.00509 0.05419 0.00963 -0.02702 -0.02774 0.04268 0.03970 0.00432 0.04908 0.05357 -0.02090 -0.03174 -0.02594 0.03532 0.00712 -0.04034 -0.02223 0.02233 -0.03072 0.00015 -0.07112
0.00436 0.02998 0.02164 0.00964 0.01927 -0.03522 0.01479 -0.00879 -0.01405 0.01387 0.02902 -0.02254 0.02686 -0.00404 0.00638 0.03229 0.05480 0.04400 0.03193 0.04575 0.02443 -0.02693 0.00211 -0.04610 -0.03542 0.02213 0.47899 -0.08537 -0.02490 -0.01463 0.00727 0.01621 0.00083 0.01880 0.03850 -0.03269 -0.02481 -0.00636 -0.01528 -0.08074 0.05373 -0.00411 -0.00166 -0.05313 -0.03263 -0.00137 0.08352 0.02460 -0.07438 0.01332
-0.04690 -0.02176 -0.01642 0.02964 0.02042 -0.04154 0.02713 -0.02808 -0.00477 0.01512 0.03583 -0.04280 -0.03575 0.00885 -0.01144 0.03333 -0.01059 0.05267 0.00150 0.02948 -0.00704 -0.04324 -0.03704 -0.00656 -0.04110 -0.00123 0.08537 0.67432 0.02054 -0.00823 -0.01556 0.00623 -0.00631 0.02528 0.04822 -0.01874 -0.02193 0.01269 -0.01414 0.02541 0.07460 -0.06405 -0.03793 -0.05477 0.03037 0.03549 0.05739 0.02954 -0.02628 0.00106
0.00460 0.04930 0.00754 0.08054 0.01528 -0.04442 0.03473 0.06264 -0.02024 -0.05513 -0.00717 -0.02600 0.00512 0.01940 -0.00364 0.03729 0.03104 -0.00405 0.01557 0.02317 0.02927 0.04288 -0.00692 -0.03528 -0.01974 0.02628 0.02490 -0.02054 0.49934 -0.00240 -0.00144 -0.02666 -0.03684 -0.00053 0.02819 -0.00394 -0.03399 -0.03336 0.00611 -0.01165 0.00371 0.01992 0.00148 -0.02614 -0.04778 0.02807 0.02844 0.01549 -0.04569 -0.06029
0.02188 0.00273 0.02715 -0.01332 0.01004 -0.08905 -0.03471 -0.01319 0.00449 -0.00717 0.03525 -0.02274 -0.03018 -0.00476 0.03986 0.04372 -0.01024 0.04119 0.03425 0.00058 0.01377 0.00208 -0.01663 -0.01142 0.01048 0.00509 0.01463 0.00823 0.00240 1.02494 -0.00424 -0.00633 -0.02587 0.03046 0.00722 -0.01053 -0.02116 -0.04321 -0.07393 -0.01337 -0.01221 0.03771 -0.00776 -0.03061 0.01230 0.02112 0.00223 0.04756 -0.03174 0.00893
-0.03183 -0.00442 -0.04327 -0.08524 0.07000 -0.07360 0.01350 -0.00653 -0.02348 0.01973 0.04243 -0.05587 -0.00980 -0.01849 -0.05929 0.02163 -0.04136 0.04206 -0.00046 0.01787 -0.00837 -0.04579 -0.02457 -0.00651 -0.04348 -0.05419 -0.00727 0.01556 0.00144 0.00424 0.83478 -0.00913 -0.04092 -0.01785 0.01022 -0.03002 -0.04044 0.02067 -0.00026 0.02096 -0.02096 -0.05262 -0.06080 -0.00940 0.03212 0.03945 -0.01596 0.05374 -0.01172 0.04181
-0.00654 -0.02515 -0.01441 0.04972 0.01033 -0.05827 -0.00261 0.00751 0.00149 0.02484 0.00711 0.00655 -0.03805 0.02323 0.01843 0.00003 0.01152 -0.00534 0.01775 -0.01009 -0.00503 0.00400 -0.00815 0.04690 -0.03191 -0.00963 -0.01621 -0.00623 0.02666 0.00633 0.00913 0.50774 0.06040 -0.01027 0.07869 -0.00192 0.03982 -0.02501 0.01921 0.00050 0.00921 -0.02208 0.02687 0.00088 0.02198 0.02497 -0.04207 -0.02634 0.02819 -0.02406
-0.03354 -0.00442 -0.01896 -0.04687 0.00783 0.03379 -0.03037 0.02310 0.01744 -0.01940 0.00838 0.02539 0.02204 -0.04242 -0.00519 -0.06654 -0.00765 -0.01748 -0.00884 -0.07771 0.01346 0.01476 0.00430 0.03774 0.04235 0.02702 -0.00083 0.00631 0.03684 0.02587 0.04092 -0.06040 0.66996 0.02510 -0.07494 -0.01231 -0.04176 -0.02077 -0.03461 0.01339 -0.05551 0.07093 -0.02044 0.00344 -0.00607 -0.00541 -0.00333 0.01102 0.01311 0.02351
-0.00018 0.00357 0.01052 -0.00328 0.02402 -0.10848 -0.00050 0.00027 0.00053 -0.02499 0.00766 -0.02221 -0.00816 0.00949 -0.01647 0.01547 -0.00510 0.02230 0.01440 -0.00043 0.02936 -0.01999 -0.01061 0.00190 -0.01837 0.02774 -0.01880 -0.02528 0.00053 -0.03046 0.01785 0.01027 -0.02510 0.47167 -0.01742 -0.02474 -0.02842 -0.01272 0.00336 -0.01469 0.01013 -0.00449 0.00616 -0.01141 -0.00170 0.00919 0.00599 0.03922 -0.02181 0.01601
0.01727 0.06521 -0.00380 -0.09046 -0.00721 0.02132 -0.01118 0.03806 -0.01976 -0.03200 -0.01344 -0.00212 0.02459 -0.06425 0.04634 -0.03443 0.04988 -0.01329 0.00467 -0.03324 -0.04167 0.00995 0.05536 -0.07295 0.00965 -0.04268 -0.03850 -0.04822 -0.02819 -0.00722 -0.01022 -0.07869 0.07494 0.01742 0.56148 0.04368 -0.00429 0.01616 0.03294 -0.02793 -0.00964 0.02970 0.03053 0.00578 -0.05568 0.01679 0.05314 0.02853 -0.03958 -0.00538
-0.11357 -0.01588 -0.00483 -0.00366 0.05381 0.02248 -0.01491 -0.02813 0.02902 -0.03624 0.01569 -0.01174 -0.02985 -0.04566 -0.06133 0.02631 0.00742 -0.00327 -0.04762 0.02111 -0.04713 -0.06304 0.02542 -0.03135 0.02780 -0.03970 0.03269 0.01874 0.00394 0.01053 0.03002 0.00192 0.01231 0.02474 -0.04368 0.16481 0.03599 -0.03200 -0.01842 0.01489 -0.01429 -0.04845 -0.03641 -0.01578 -0.01201 0.08884 -0.00837 0.00780 0.07047 -0.00145
0.00875 -0.00034 -0.00217 -0.03641 0.04918 -0.07606 -0.01174 -0.03958 0.00476 0.02759 0.04502 0.01907 0.00240 -0.00304 -0.02303 -0.01089 0.00009 0.03579 0.03331 -0.02205 -0.02070 -0.01587 -0.02918 0.00762 0.03936 -0.00432 0.02481 0.02193 0.03399 0.02116 0.04044 -0.03982 0.04176 0.02842 0.00429 -0.03599 0.89297 -0.00574 -0.04113 0.01083 0.01473 0.00884 -0.02224 -0.01742 0.03996 0.00206 0.01205 0.00158 0.00008 -0.01051
0.00405 0.01711 -0.02035 -0.05899 0.01318 0.06430 -0.00431 -0.03368 0.00352 0.01812 0.01756 -0.01173 0.00446 0.03359 0.03275 0.00832 -0.00095 0.02698 0.01524 0.05273 -0.01067 -0.03216 0.00162 -0.00181 0.03511 -0.04908 0.00636 -0.01269 0.03336 0.04321 -0.02067 0.02501 0.02077 0.01272 -0.01616 0.03200 0.00574 0.02525 -0.00049 -0.00991 0.02648 0.01661 -0.01446 -0.01230 0.00856 0.01721 0.01488 -0.00421 0.01161 0.05059
-0.01962 -0.00389 -0.00509 -0.02146 0.01478 0.09547 0.03992 0.02090 0.05391 0.01616 0.03233 -0.02152 0.02307 -0.00467 -0.00118 -0.00430 -0.01446 0.02100 -0.01424 -0.00643 -0.02592 -0.00346 0.02810 -0.00600 -0.00363 -0.05357 0.01528 0.01414 -0.00611 0.07393 0.00026 -0.01921 0.03461 -0.00336 -0.03294 0.01842 0.04113 0.00049 0.30050 0.02565 -0.01523 -0.00104 -0.01299 0.00930 0.01531 0.03604 -0.02408 -0.04973 0.03707 0.02563
-0.01036 0.04535 0.01370 0.03069 0.01470 -0.00042 0.03457 -0.02260 0.02327 -0.01040 0.02477 0.00610 0.03152 0.02369 -0.03831 0.03259 -0.00997 0.04573 0.01556 0.06381 0.02420 -0.00614 0.00168 -0.03157 -0.00405 0.02090 0.08074 -0.02541 0.01165 0.01337 -0.02096 -0.00050 -0.01339 0.01469 0.02793 -0.01489 -0.01083 0.00991 -0.02565 0.45293 0.05538 -0.01846 -0.02611 -0.06221 -0.00097 0.02307 0.04068 -0.00306 -0.00551 -0.00170
0.02126 0.02734 0.01372 -0.08038 -0.00565 0.03973 -0.05222 0.01603 0.00140 -0.02761 -0.00175 0.00372 0.07272 -0.06978 0.02303 -0.03724 0.03879 -0.04443 0.01584 -0.02391 0.00431 -0.00934 0.04130 0.00545 0.05638 0.03174 -0.05373 -0.07460 -0.00371 0.01221 0.02096 -0.00921 0.05551 -0.01013 0.00964 0.01429 -0.01473 -0.02648 0.01523 -0.05538 0.64644 0.04314 0.04009 0.01000 -0.03453 -0.03499 0.00416 0.01820 -0.00869 0.02001
0.03656 0.01404 0.04089 -0.00331 -0.05000 0.06649 -0.06413 -0.02099 0.03181 -0.05563 -0.07578 0.03959 -0.02620 -0.03460 0.02388 -0.00142 0.00224 -0.04134 -0.05806 0.02138 0.02951 0.05967 -0.01916 -0.01328 0.05711 0.02594 0.00411 0.06405 -0.01992 -0.03771 0.05262 0.02208 -0.07093 0.00449 -0.02970 0.04845 -0.00884 -0.01661 0.00104 0.01846 -0.04314 0.50293 -0.02158 -0.01318 -0.06572 -0.00587 -0.02393 0.03027 -0.00730 -0.07432
-0.00261 0.01513 -0.03923 0.03647 -0.05084 -0.04977 -0.01958 0.03295 0.05926 -0.02808 -0.04735 0.02805 -0.02226 0.01837 0.02596 -0.05709 0.00792 -0.00501 0.00691 -0.03030 -0.03488 0.04435 0.01759 0.00451 -0.01897 -0.03532 0.00166 0.03793 -0.00148 0.00776 0.06080 -0.02687 0.02044 -0.00616 -0.03053 0.03641 0.02224 0.01446 0.01299 0.02611 -0.04009 0.02158 0.48897 0.03800 -0.04334 -0.01447 -0.03138 -0.02072 0.01599 -0.03005
0.01308 -0.01164 -0.04246 -0.01777 -0.01535 0.07025 -0.06354 -0.04384 0.05765 0.01238 0.02338 0.00302 -0.02827 0.01160 -0.00709 -0.01915 -0.03350 0.01505 -0.03742 -0.02218 -0.00670 -0.02202 -0.02072 0.04565 0.04423 -0.00712 0.05313 0.05477 0.02614 0.03061 0.00940 -0.00088 -0.00344 0.01141 -0.00578 0.01578 0.01742 0.01230 -0.00930 0.06221 -0.01000 0.01318 -0.03800 0.15937 0.05905 -0.01484 -0.04867 0.02711 0.03460 0.01355
0.01180 0.00250 0.02429 0.06295 -0.00029 -0.02933 -0.02540 -0.00834 -0.01247 -0.00360 0.02811 0.02500 -0.00348 0.00240 0.01284 0.00935 0.01129 -0.00092 0.02633 0.01113 0.03637 0.01984 -0.01915 0.05140 0.01530 0.04034 0.03263 -0.03037 0.04778 -0.01230 -0.03212 -0.02198 0.00607 0.00170 0.05568 0.01201 -0.03996 -0.00856 -0.01531 0.00097 0.03453 0.06572 0.04334 -0.05905 0.52738 -0.01196 0.01806 -0.00863 0.00330 -0.00743
-0.02654 -0.01845 0.01277 -0.01199 0.04109 -0.01355 0.02927 -0.00054 -0.00764 0.02260 0.04083 -0.03091 0.03297 0.02061 -0.01672 0.02014 -0.02322 0.05074 -0.00455 -0.01693 0.03592 0.02096 -0.02361 0.03891 -0.02724 0.02223 0.00137 -0.03549 -0.02807 -0.02112 -0.03945 -0.02497 0.00541 -0.00919 -0.01679 -0.08884 -0.00206 -0.01721 -0.03604 -0.02307 0.03499 0.00587 0.01447 0.01484 0.01196 0.46258 0.03235 0.02429 -0.09167 0.05555
-0.01303 -0.04055 0.00578 -0.06524 0.00733 0.08404 -0.05000 -0.01579 0.00068 0.01477 -0.02777 -0.02277 0.00256 -0.05993 0.00257 0.01459 0.03558 -0.04019 -0.02730 -0.01278 -0.01390 -0.03553 0.02553 0.03090 0.03433 -0.02233 -0.08352 -0.05739 -0.02844 -0.00223 0.01596 0.04207 0.00333 -0.00599 -0.05314 0.00837 -0.01205 -0.01488 0.02408 -0.04068 -0.00416 0.02393 0.03138 0.04867 -0.01806 -0.03235 0.69786 0.05946 -0.02813 0.00651
0.02308 0.04039 -0.01235 -0.03264 -0.02355 -0.06167 0.00316 -0.02222 -0.00241 0.00116 0.01778 -0.04227 0.02942 0.04915 -0.03299 0.01649 -0.01292 -0.02903 0.00217 0.02149 0.02994 -0.00206 0.03517 -0.02722 0.00190 0.03072 -0.02460 -0.02954 -0.01549 -0.04756 -0.05374 0.02634 -0.01102 -0.03922 -0.02853 -0.00780 -0.00158 0.00421 0.04973 0.00306 -0.01820 -0.03027 0.02072 -0.02711 0.00863 -0.02429 -0.05946 0.72573 0.03193 0.04703
-0.06653 0.08936 0.02808 0.07820 0.06636 -0.00549 0.07041 0.02632 -0.01174 -0.00218 0.03322 0.00857 0.03185 0.03686 0.00004 0.04513 0.01603 0.03589 0.01238 0.03361 0.01461 0.05791 -0.01087 -0.05465 -0.02128 -0.00015 0.07438 0.02628 0.04569 0.03174 0.01172 -0.02819 -0.01311 0.02181 0.03958 -0.07047 -0.00008 -0.01161 -0.03707 0.00551 0.00869 0.00730 -0.01599 -0.03460 -0.00330 0.09167 0.02813 -0.03193 0.56432 -0.02755
0.06804 -0.01398 0.04807 0.08979 -0.03137 0.04285 -0.00776 -0.00346 0.02272 0.00378 -0.03889 0.07815 0.00483 0.06397 0.03559 0.01923 0.01298 -0.01720 0.01242 -0.07022 0.07768 0.08516 -0.03749 0.03013 -0.01236 0.07112 -0.01332 -0.00106 0.06029 -0.00893 -0.04181 0.02406 -0.02351 -0.01601 0.00538 0.00145 0.01051 -0.05059 -0.02563 0.00170 -0.02001 0.07432 0.03005 -0.01355 0.00743 -0.05555 -0.00651 -0.04703 0.02755 0.00000
