0.44472 0.00523 -0.00045 0.01457 -0.07148 -0.00403 -0.00637 0.01242 -0.00656 -0.01555 -0.07611 0.02316 -0.04529 -0.04143 0.00388 -0.01817 0.03530 -0.03131 -0.01757 0.02049 -0.03889 0.00582 -0.00232 -0.02348 0.01527 -0.03095 -0.00405 0.04713 -0.00430 -0.02261 0.03215 0.00644 0.03305 0.00125 -0.01689 0.11377 -0.00773 -0.00526 0.01859 0.01022 -0.02170 -0.03581 0.00283 -0.01318 -0.01124 0.02766 0.01290 -0.02238 0.06629 -0.06794
-0.00523 0.55995 0.00604 -0.03001 -0.02278 0.01722 0.03073 0.02852 0.00243 0.00037 -0.03519 0.04059 -0.00428 0.01245 0.03783 -0.00975 0.01324 0.01720 -0.01510 0.01949 -0.05372 0.03920 0.00097 -0.00133 0.00077 -0.06558 -0.02943 0.02216 -0.04881 -0.00381 0.00493 0.02511 0.00370 -0.00232 -0.06485 0.01596 0.00189 -0.01828 0.00267 -0.04544 -0.02791 -0.01334 -0.01497 0.01143 -0.00164 0.01943 0.04026 -0.03965 -0.08957 0.01414
0.00045 -0.00604 0.46532 -0.03946 -0.02690 -0.04120 -0.01796 -0.02407 0.02332 0.01448 -0.04285 0.01141 -0.02915 -0.03472 0.00267 -0.01883 0.04247 -0.04956 -0.00243 -0.00490 -0.03467 -0.01209 -0.00672 0.00173 0.02351 -0.04704 -0.02037 0.01775 -0.00614 -0.02907 0.04473 0.01515 0.01771 -0.00879 0.00283 0.00402 0.00435 0.01897 0.00370 -0.01251 -0.01495 -0.04203 0.03840 0.04141 -0.02258 -0.01120 -0.00740 0.01359 -0.02693 -0.04757
-0.01457 0.03001 0.03946 0.73698 0.01669 0.04287 0.07273 0.03928 -0.01291 -0.06847 -0.04790 0.01666 0.03157 -0.05801 0.03808 -0.02967 0.06243 -0.01961 0.01857 -0.00224 0.00353 -0.00678 0.02047 -0.09436 0.00314 0.00348 -0.01000 -0.03032 -0.08090 0.01336 0.08446 -0.05045 0.04697 0.00353 0.09150 0.00428 0.03670 0.05834 0.02095 -0.03140 0.08056 0.00511 -0.03584 0.01814 -0.06316 0.01213 0.06580 0.03254 -0.07897 -0.08983
0.07148 0.02278 0.02690 -0.01669 0.01049 -0.02658 0.00954 0.03304 -0.03266 -0.00061 0.00159 -0.01340 0.02743 0.02347 0.03790 0.00205 0.00990 -0.00946 0.03541 -0.03690 0.03029 0.02570 -0.01447 0.00412 -0.03682 0.02762 -0.01943 -0.02047 -0.01539 -0.00953 -0.07002 -0.00994 -0.00744 -0.02486 0.00658 -0.05448 -0.05009 -0.01198 -0.01382 -0.01443 0.00595 0.04892 0.05058 0.01530 -0.00008 -0.04180 -0.00750 0.02326 -0.06589 0.03129
0.00403 -0.01722 0.04120 -0.04287 0.02658 1.02906 -0.06123 -0.03913 0.00155 0.04034 0.05136 0.04115 -0.04848 -0.05855 -0.01739 0.08185 -0.00297 0.03776 -0.01625 0.06667 -0.03342 -0.04171 -0.04451 0.01044 0.08092 -0.04620 0.03445 0.04105 0.04393 0.09090 0.07323 0.05850 -0.03273 0.10653 -0.02259 -0.02259 0.07393 -0.06263 -0.09361 0.00087 -0.03898 -0.06793 0.04953 -0.06995 0.02815 0.01217 -0.08388 0.06094 0.00605 -0.04311
0.00637 -0.03073 0.01796 -0.07273 -0.00954 0.06123 0.46816 0.02082 -0.00978 0.03254 -0.01055 0.00128 0.02917 -0.01735 0.04859 -0.03422 -0.00091 0.00691 0.01293 -0.02103 -0.03436 -0.03157 -0.05052 0.03191 0.00545 -0.01087 -0.01503 -0.02772 -0.03513 0.03470 -0.01407 0.00198 0.03039 0.00080 0.01228 0.01541 0.01205 0.00362 -0.04053 -0.03538 0.05238 0.06526 0.02013 0.06381 0.02521 -0.02914 0.05075 -0.00322 -0.07131 0.00772
-0.01242 -0.02852 0.02407 -0.03928 -0.03304 0.03913 -0.02082 1.02781 0.04278 -0.02317 -0.02401 0.01990 -0.03884 -0.04158 0.02155 -0.00183 -0.02902 -0.02560 -0.03483 -0.02745 -0.02540 0.00606 0.02018 -0.01016 0.02754 -0.01877 0.00821 0.02790 -0.06311 0.01488 0.00631 -0.00717 -0.02240 -0.00223 -0.03889 0.02798 0.03801 0.03525 -0.01911 0.02299 -0.01561 0.01955 -0.03321 0.04405 0.00748 -0.00040 0.01572 0.02157 -0.02569 0.00324
0.00656 -0.00243 -0.02332 0.01291 0.03266 -0.00155 0.00978 -0.04278 0.95307 -0.00470 0.06951 -0.04135 -0.01034 0.01115 -0.02361 0.05800 -0.00225 0.03246 -0.01652 0.00491 -0.00375 -0.02432 -0.02480 -0.00936 0.02257 0.00278 0.01413 0.00506 0.02046 -0.00419 0.02377 -0.00102 -0.01725 -0.00124 0.01879 -0.02946 -0.00555 -0.00276 -0.05305 -0.02252 -0.00130 -0.03315 -0.05978 -0.05787 0.01242 0.00730 -0.00121 0.00229 0.01252 -0.02272
0.01555 -0.00037 -0.01448 0.06847 0.00061 -0.04034 -0.03254 0.02317 0.00470 0.75301 -0.02564 0.00841 -0.00093 0.03227 0.03634 -0.02274 0.00321 0.00700 0.03037 -0.03256 0.03866 0.04065 -0.02798 0.06027 -0.00768 0.03105 -0.01437 -0.01534 0.05478 0.00821 -0.01993 -0.02450 0.02002 0.02355 0.03135 0.03598 -0.02902 -0.01679 -0.01479 0.01068 0.02803 0.05421 0.02787 -0.01227 0.00274 -0.02346 -0.01478 -0.00157 0.00271 -0.00399
0.07611 0.03519 0.04285 0.04790 -0.00159 -0.05136 0.01055 0.02401 -0.06951 0.02564 0.15090 0.03885 0.03000 0.06835 0.01223 -0.01394 0.04653 0.00411 0.05065 -0.04252 0.02752 0.04770 0.01338 -0.02830 -0.03459 0.03506 -0.02925 -0.03588 0.00705 -0.03467 -0.04243 -0.00673 -0.00792 -0.00865 0.01282 -0.01616 -0.04609 -0.01651 -0.03106 -0.02445 0.00207 0.07439 0.04704 -0.02344 -0.02858 -0.04152 0.02755 -0.01803 -0.03273 0.03879
-0.02316 -0.04059 -0.01141 -0.01666 0.01340 -0.04115 -0.00128 -0.01990 0.04135 -0.00841 -0.03885 0.00000 0.01638 -0.04455 -0.01248 -0.04992 0.05022 -0.02414 0.01566 0.03513 -0.05134 -0.01870 0.01211 -0.02987 0.02701 -0.03111 0.02236 0.04262 0.02582 0.02290 0.05563 -0.00682 -0.02531 0.02219 0.00247 0.01208 -0.01909 0.01160 0.02148 -0.00635 -0.00362 -0.03911 -0.02783 -0.00277 -0.02514 0.03091 0.02306 0.04217 -0.00890 -0.07824
0.04529 0.00428 0.02915 -0.03157 -0.02743 0.04848 -0.02917 0.03884 0.01034 0.00093 -0.03000 -0.01638 0.39349 0.01009 0.01546 -0.02538 0.00090 -0.02714 -0.00866 -0.01296 0.00244 0.02328 -0.03797 0.03175 0.02608 0.01450 -0.02688 0.03540 -0.00520 0.02986 0.00955 0.03760 -0.02233 0.00887 -0.02376 0.03013 -0.00177 -0.00521 -0.02398 -0.03227 -0.07286 0.02707 0.02265 0.02841 0.00362 -0.03266 -0.00212 -0.02927 -0.03252 -0.00482
0.04143 -0.01245 0.03472 0.05801 -0.02347 0.05855 0.01735 0.04158 -0.01115 -0.03227 -0.06835 0.04455 -0.01009 0.66839 0.06575 0.01944 0.04397 -0.02365 0.01245 0.00863 0.01171 0.04785 0.00285 -0.00447 0.02736 0.05708 0.00373 -0.00937 -0.01978 0.00483 0.01771 -0.02369 0.04253 -0.00942 0.06505 0.04614 0.00313 -0.03408 0.00426 -0.02440 0.06999 0.03577 -0.01780 -0.01131 -0.00262 -0.02059 0.06045 -0.04931 -0.03760 -0.06403
-0.00388 -0.03783 -0.00267 -0.03808 -0.03790 0.01739 -0.04859 -0.02155 0.02361 -0.03634 -0.01223 0.01248 -0.01546 -0.06575 0.32380 -0.02257 -0.01359 -0.00804 -0.06807 0.00879 -0.04925 -0.05128 -0.00954 -0.01553 0.03994 -0.02469 -0.00506 0.01254 0.00494 -0.04204 0.06058 -0.01791 0.00331 0.01863 -0.04669 0.06088 0.02575 -0.03486 -0.00066 0.03893 -0.02435 -0.02413 -0.02626 0.00612 -0.01105 0.01838 -0.00399 0.03397 0.00049 -0.03518
0.01817 0.00975 0.01883 0.02967 -0.00205 -0.08185 0.03422 0.00183 -0.05800 0.02274 0.01394 0.04992 0.02538 -0.01944 0.02257 0.18151 0.02325 -0.01417 0.04568 -0.05505 0.00908 -0.00400 0.00040 -0.02137 -0.04195 0.01610 -0.03229 -0.03320 -0.03725 -0.04345 -0.02138 0.00061 0.06689 -0.01608 0.03374 -0.02662 0.01014 -0.00749 0.00514 -0.03222 0.03735 -0.00011 0.05678 0.01891 -0.00948 -0.02050 -0.01501 -0.01659 -0.04463 -0.01928
-0.03530 -0.01324 -0.04247 -0.06243 -0.00990 0.00297 0.00091 0.02902 0.00225 -0.00321 -0.04653 -0.05022 -0.00090 -0.04397 0.01359 -0.02325 0.23165 -0.04669 -0.02468 0.01291 -0.06886 0.00311 0.01392 0.00104 0.01512 -0.05687 -0.05437 0.01087 -0.03081 0.00941 0.04153 -0.01176 0.00709 0.00617 -0.04926 -0.00713 0.00129 0.00002 0.01342 0.00944 -0.03928 -0.00105 -0.00758 0.03350 -0.01062 0.02402 -0.03554 0.01325 -0.01656 -0.01292
0.03131 -0.01720 0.04956 0.01961 0.00946 -0.03776 -0.00691 0.02560 -0.03246 -0.00700 -0.00411 0.02414 0.02714 0.02365 0.00804 0.01417 0.04669 0.27685 0.02619 -0.02708 0.07474 0.00310 -0.01874 0.00761 -0.02341 0.08565 -0.04380 -0.05239 0.00429 -0.04114 -0.04165 0.00594 0.01758 -0.02284 0.01246 0.00264 -0.03635 -0.02624 -0.02017 -0.04517 0.04444 0.03969 0.00446 -0.01534 0.00097 -0.05115 0.03958 0.02905 -0.03522 0.01717
0.01757 0.01510 0.00243 -0.01857 -0.03541 0.01625 -0.01293 0.03483 0.01652 -0.03037 -0.05065 -0.01566 0.00866 -0.01245 0.06807 -0.04568 0.02468 -0.02619 1.03360 -0.01348 -0.00492 0.01797 0.01511 -0.01267 -0.00059 0.00131 -0.03251 -0.00179 -0.01603 -0.03278 0.00017 -0.01749 0.00966 -0.01584 -0.00524 0.04752 -0.03496 -0.01389 0.01576 -0.01538 -0.01535 0.05636 -0.00708 0.03768 -0.02734 0.00368 0.02746 -0.00263 -0.01211 -0.01262
-0.02049 -0.01949 0.00490 0.00224 0.03690 -0.06667 0.02103 0.02745 -0.00491 0.03256 0.04252 -0.03513 0.01296 -0.00863 -0.00879 0.05505 -0.01291 0.02708 0.01348 0.34295 0.00255 -0.01031 -0.00317 0.02494 -0.04402 -0.02711 -0.04582 -0.02936 -0.02320 -0.00016 -0.01774 0.01100 0.07798 -0.00062 0.03233 -0.02137 0.02106 -0.05171 0.00742 -0.06336 0.02405 -0.02261 0.02999 0.02206 -0.01134 0.01644 0.01247 -0.02169 -0.03299 0.07014
0.03889 0.05372 0.03467 -0.00353 -0.03029 0.03342 0.03436 0.02540 0.00375 -0.03866 -0.02752 0.05134 -0.00244 -0.01171 0.04925 -0.00908 0.06886 -0.07474 0.00492 -0.00255 0.88572 0.00978 0.02394 -0.05881 -0.00297 0.00521 -0.02405 0.00730 -0.02908 -0.01466 0.00863 0.00477 -0.01407 -0.02780 0.04243 0.04735 0.02224 0.00949 0.02449 -0.02460 -0.00487 -0.02824 0.03521 0.00661 -0.03583 -0.03511 0.01392 -0.02935 -0.01507 -0.07755
-0.00582 -0.03920 0.01209 0.00678 -0.02570 0.04171 0.03157 -0.00606 0.02432 -0.04065 -0.04770 0.01870 -0.02328 -0.04785 0.05128 0.00400 -0.00311 -0.00310 -0.01797 0.01031 -0.00978 0.59873 -0.04835 -0.01956 0.01231 -0.00458 0.02743 0.04356 -0.04244 -0.00317 0.04620 -0.00416 -0.01551 0.02148 -0.00944 0.06315 0.01750 0.03083 0.00215 0.00599 0.00883 -0.05835 -0.04419 0.02182 -0.01892 -0.01997 0.03534 0.00273 -0.05820 -0.08499
0.00232 -0.00097 0.00672 -0.02047 0.01447 0.04451 0.05052 -0.02018 0.02480 0.02798 -0.01338 -0.01211 0.03797 -0.00285 0.00954 -0.00040 -0.01392 0.01874 -0.01511 0.00317 -0.02394 0.04835 0.56210 0.01147 0.02126 -0.00228 -0.00184 0.03709 0.00711 0.01585 0.02460 0.00771 -0.00482 0.01167 -0.05469 -0.02517 0.03024 -0.00262 -0.02924 -0.00214 -0.04157 0.02040 -0.01727 0.02073 0.01977 0.02415 -0.02531 -0.03483 0.01027 0.03763
0.02348 0.00133 -0.00173 0.09436 -0.00412 -0.01044 -0.03191 0.01016 0.00936 -0.06027 0.02830 0.02987 -0.03175 0.00447 0.01553 0.02137 -0.00104 -0.00761 0.01267 -0.02494 0.05881 0.01956 -0.01147 0.35066 0.00578 0.03714 0.04590 0.00644 0.03514 0.01201 0.00640 -0.04653 -0.03730 -0.00275 0.07223 0.03096 -0.00873 0.00273 0.00691 0.03193 -0.00509 0.01197 -0.00488 -0.04571 -0.05195 -0.03949 -0.03101 0.02695 0.05511 -0.03018
-0.01527 -0.00077 -0.02351 -0.00314 0.03682 -0.08092 -0.00545 -0.02754 -0.02257 0.00768 0.03459 -0.02701 -0.02608 -0.02736 -0.03994 0.04195 -0.01512 0.02341 0.00059 0.04402 0.00297 -0.01231 -0.02126 -0.00578 0.85860 -0.00610 0.03552 0.04165 0.01998 -0.01002 0.04434 0.03272 -0.04205 0.01698 -0.01100 -0.02833 -0.04052 -0.03393 0.00532 0.00499 -0.05627 -0.05886 0.01833 -0.04448 -0.01542 0.02679 -0.03530 -0.00205 0.02237 0.01231
0.03095 0.06558 0.04704 -0.00348 -0.02762 0.04620 0.01087 0.01877 -0.00278 -0.03105 -0.03506 0.03111 -0.01450 -0.05708 0.02469 -0.01610 0.05687 -0.08565 -0.00131 0.02711 -0.00521 0.00458 0.00228 -0.03714 0.00610 0.79241 -0.02243 0.00060 -0.02664 -0.00525 0.05352 0.00878 -0.02712 -0.02680 0.04418 0.04037 0.00523 0.04809 0.05252 -0.02187 -0.03177 -0.02356 0.03603 0.00758 -0.04045 -0.02182 0.02310 -0.03069 -0.00083 -0.07115
0.00405 0.02943 0.02037 0.01000 0.01943 -0.03445 0.01503 -0.00821 -0.01413 0.01437 0.02925 -0.02236 0.02688 -0.00373 0.00506 0.03229 0.05437 0.04380 0.03251 0.04582 0.02405 -0.02743 0.00184 -0.04590 -0.03552 0.02243 0.47899 -0.08516 -0.02480 -0.01417 0.00752 0.01675 0.00117 0.01779 0.03768 -0.03307 -0.02572 -0.00552 -0.01411 -0.07995 0.05390 -0.00536 -0.00214 -0.05332 -0.03290 -0.00188 0.08291 0.02445 -0.07362 0.01326
-0.04713 -0.02216 -0.01775 0.03032 0.02047 -0.04105 0.02772 -0.02790 -0.00506 0.01534 0.03588 -0.04262 -0.03540 0.00937 -0.01254 0.03320 -0.01087 0.05239 0.00179 0.02936 -0.00730 -0.04356 -0.03709 -0.00644 -0.04165 -0.00060 0.08516 0.67452 0.02046 -0.00755 -0.01554 0.00662 -0.00581 0.02387 0.04724 -0.01904 -0.02300 0.01385 -0.01261 0.02617 0.07507 -0.06501 -0.03833 -0.05484 0.03002 0.03490 0.05703 0.02917 -0.02551 0.00099
0.00430 0.04881 0.00614 0.08090 0.01539 -0.04393 0.03513 0.06311 -0.02046 -0.05478 -0.00705 -0.02582 0.00520 0.01978 -0.00494 0.03725 0.03081 -0.00429 0.01603 0.02320 0.02908 0.04244 -0.00711 -0.03514 -0.01998 0.02664 0.02480 -0.02046 0.49958 -0.00189 -0.00135 -0.02610 -0.03648 -0.00151 0.02740 -0.00439 -0.03482 -0.03206 0.00728 -0.01107 0.00397 0.01890 0.00108 -0.02629 -0.04809 0.02754 0.02782 0.01527 -0.04448 -0.06037
0.02261 0.00381 0.02907 -0.01336 0.00953 -0.09090 -0.03470 -0.01488 0.00419 -0.00821 0.03467 -0.02290 -0.02986 -0.00483 0.04204 0.04345 -0.00941 0.04114 0.03278 0.00016 0.01466 0.00317 -0.01585 -0.01201 0.01002 0.00525 0.01417 0.00755 0.00189 1.02432 -0.00498 -0.00726 -0.02592 0.03112 0.00872 -0.00985 -0.02050 -0.04432 -0.07547 -0.01438 -0.01209 0.04017 -0.00709 -0.03004 0.01207 0.02151 0.00348 0.04744 -0.03299 0.00899
-0.03215 -0.00493 -0.04473 -0.08446 0.07002 -0.07323 0.01407 -0.00631 -0.02377 0.01993 0.04243 -0.05563 -0.00955 -0.01771 -0.06058 0.02138 -0.04153 0.04165 -0.00017 0.01774 -0.00863 -0.04620 -0.02460 -0.00640 -0.04434 -0.05352 -0.00752 0.01554 0.00135 0.00498 0.83498 -0.00868 -0.04041 -0.01964 0.00916 -0.03035 -0.04193 0.02213 0.00152 0.02155 -0.02055 -0.05404 -0.06123 -0.00942 0.03168 0.03874 -0.01632 0.05320 -0.01103 0.04169
-0.00644 -0.02511 -0.01515 0.05045 0.00994 -0.05850 -0.00198 0.00717 0.00102 0.02450 0.00673 0.00682 -0.03760 0.02369 0.01791 -0.00061 0.01176 -0.00594 0.01749 -0.01100 -0.00477 0.00416 -0.00771 0.04653 -0.03272 -0.00878 -0.01675 -0.00662 0.02610 0.00726 0.00868 0.50781 0.06134 -0.01158 0.07831 -0.00181 0.03825 -0.02385 0.02029 0.00053 0.00972 -0.02267 0.02682 0.00140 0.02132 0.02430 -0.04174 -0.02680 0.02831 -0.02432
-0.03305 -0.00370 -0.01771 -0.04697 0.00744 0.03273 -0.03039 0.02240 0.01725 -0.02002 0.00792 0.02531 0.02233 -0.04253 -0.00331 -0.06689 -0.00709 -0.01758 -0.00966 -0.07798 0.01407 0.01551 0.00482 0.03730 0.04205 0.02712 -0.00117 0.00581 0.03648 0.02592 0.04041 -0.06134 0.66967 0.02548 -0.07375 -0.01170 -0.04131 -0.02156 -0.03530 0.01260 -0.05543 0.07262 -0.01992 0.00401 -0.00623 -0.00520 -0.00245 0.01095 0.01210 0.02346
-0.00125 0.00232 0.00879 -0.00353 0.02486 -0.10653 -0.00080 0.00223 0.00124 -0.02355 0.00865 -0.02219 -0.00887 0.00942 -0.01863 0.01608 -0.00617 0.02284 0.01584 0.00062 0.02780 -0.02148 -0.01167 0.00275 -0.01698 0.02680 -0.01779 -0.02387 0.00151 -0.03112 0.01964 0.01158 -0.02548 0.47071 -0.01906 -0.02568 -0.02856 -0.01184 0.00440 -0.01334 0.00968 -0.00707 0.00531 -0.01219 -0.00095 0.00917 0.00413 0.03977 -0.02034 0.01612
0.01689 0.06485 -0.00283 -0.09150 -0.00658 0.02259 -0.01228 0.03889 -0.01879 -0.03135 -0.01282 -0.00247 0.02376 -0.06505 0.04669 -0.03374 0.04926 -0.01246 0.00524 -0.03233 -0.04243 0.00944 0.05469 -0.07223 0.01100 -0.04418 -0.03768 -0.04724 -0.02740 -0.00872 -0.00916 -0.07831 0.07375 0.01906 0.56194 0.04347 -0.00186 0.01473 0.03164 -0.02771 -0.01086 0.02998 0.03045 0.00527 -0.05459 0.01799 0.05234 0.02928 -0.03945 -0.00508
-0.11377 -0.01596 -0.00402 -0.00428 0.05448 0.02259 -0.01541 -0.02798 0.02946 -0.03598 0.01616 -0.01208 -0.03013 -0.04614 -0.06088 0.02662 0.00713 -0.00264 -0.04752 0.02137 -0.04735 -0.06315 0.02517 -0.03096 0.02833 -0.04037 0.03307 0.01904 0.00439 0.00985 0.03035 0.00181 0.01170 0.02568 -0.04347 0.16499 0.03703 -0.03316 -0.01938 0.01494 -0.01481 -0.04812 -0.03639 -0.01594 -0.01136 0.08956 -0.00865 0.00827 0.07041 -0.00130
0.00773 -0.00189 -0.00435 -0.03670 0.05009 -0.07393 -0.01205 -0.03801 0.00555 0.02902 0.04609 0.01909 0.00177 -0.00313 -0.02575 -0.01014 -0.00129 0.03635 0.03496 -0.02106 -0.02224 -0.01750 -0.03024 0.00873 0.04052 -0.00523 0.02572 0.02300 0.03482 0.02050 0.04193 -0.03825 0.04131 0.02856 0.00186 -0.03703 0.89203 -0.00511 -0.04065 0.01234 0.01432 0.00548 -0.02318 -0.01837 0.04079 0.00209 0.01004 0.00205 0.00155 -0.01033
0.00526 0.01828 -0.01897 -0.05834 0.01198 0.06263 -0.00362 -0.03525 0.00276 0.01679 0.01651 -0.01160 0.00521 0.03408 0.03486 0.00749 -0.00002 0.02624 0.01389 0.05171 -0.00949 -0.03083 0.00262 -0.00273 0.03393 -0.04809 0.00552 -0.01385 0.03206 0.04432 -0.02213 0.02385 0.02156 0.01184 -0.01473 0.03316 0.00511 0.02382 -0.00027 -0.01093 0.02738 0.01866 -0.01367 -0.01134 0.00768 0.01663 0.01654 -0.00493 0.01004 0.05033
-0.01859 -0.00267 -0.00370 -0.02095 0.01382 0.09361 0.04053 0.01911 0.05305 0.01479 0.03106 -0.02148 0.02398 -0.00426 0.00066 -0.00514 -0.01342 0.02017 -0.01576 -0.00742 -0.02449 -0.00215 0.02924 -0.00691 -0.00532 -0.05252 0.01411 0.01261 -0.00728 0.07547 -0.00152 -0.02029 0.03530 -0.00440 -0.03164 0.01938 0.04065 0.00027 0.29942 0.02449 -0.01452 0.00108 -0.01209 0.01018 0.01422 0.03568 -0.02214 -0.05050 0.03573 0.02548
-0.01022 0.04544 0.01251 0.03140 0.01443 -0.00087 0.03538 -0.02299 0.02252 -0.01068 0.02445 0.00635 0.03227 0.02440 -0.03893 0.03222 -0.00944 0.04517 0.01538 0.06336 0.02460 -0.00599 0.00214 -0.03193 -0.00499 0.02187 0.07995 -0.02617 0.01107 0.01438 -0.02155 -0.00053 -0.01260 0.01334 0.02771 -0.01494 -0.01234 0.01093 -0.02449 0.45339 0.05612 -0.01896 -0.02618 -0.06196 -0.00178 0.02216 0.04115 -0.00369 -0.00535 -0.00182
0.02170 0.02791 0.01495 -0.08056 -0.00595 0.03898 -0.05238 0.01561 0.00130 -0.02803 -0.00207 0.00362 0.07286 -0.06999 0.02435 -0.03735 0.03928 -0.04444 0.01535 -0.02405 0.00487 -0.00883 0.04157 0.00509 0.05627 0.03177 -0.05390 -0.07507 -0.00397 0.01209 0.02055 -0.00972 0.05543 -0.00968 0.01086 0.01481 -0.01432 -0.02738 0.01452 -0.05612 0.64624 0.04426 0.04058 0.01028 -0.03459 -0.03470 0.00485 0.01823 -0.00961 0.01998
0.03581 0.01334 0.04203 -0.00511 -0.04892 0.06793 -0.06526 -0.01955 0.03315 -0.05421 -0.07439 0.03911 -0.02707 -0.03577 0.02413 0.00011 0.00105 -0.03969 -0.05636 0.02261 0.02824 0.05835 -0.02040 -0.01197 0.05886 0.02356 0.00536 0.06501 -0.01890 -0.04017 0.05404 0.02267 -0.07262 0.00707 -0.02998 0.04812 -0.00548 -0.01866 -0.00108 0.01896 -0.04426 0.50398 -0.02185 -0.01405 -0.06359 -0.00410 -0.02531 0.03162 -0.00698 -0.07395
-0.00283 0.01497 -0.03840 0.03584 -0.05058 -0.04953 -0.02013 0.03321 0.05978 -0.02787 -0.04704 0.02783 -0.02265 0.01780 0.02626 -0.05678 0.00758 -0.00446 0.00708 -0.02999 -0.03521 0.04419 0.01727 0.00488 -0.01833 -0.03603 0.00214 0.03833 -0.00108 0.00709 0.06123 -0.02682 0.01992 -0.00531 -0.03045 0.03639 0.02318 0.01367 0.01209 0.02618 -0.04058 0.02185 0.48919 0.03782 -0.04267 -0.01370 -0.03171 -0.02017 0.01598 -0.02988
0.01318 -0.01143 -0.04141 -0.01814 -0.01530 0.06995 -0.06381 -0.04405 0.05787 0.01227 0.02344 0.00277 -0.02841 0.01131 -0.00612 -0.01891 -0.03350 0.01534 -0.03768 -0.02206 -0.00661 -0.02182 -0.02073 0.04571 0.04448 -0.00758 0.05332 0.05484 0.02629 0.03004 0.00942 -0.00140 -0.00401 0.01219 -0.00527 0.01594 0.01837 0.01134 -0.01018 0.06196 -0.01028 0.01405 -0.03782 0.15930 0.05939 -0.01436 -0.04854 0.02733 0.03417 0.01367
0.01124 0.00164 0.02258 0.06316 0.00008 -0.02815 -0.02521 -0.00748 -0.01242 -0.00274 0.02858 0.02514 -0.00362 0.00262 0.01105 0.00948 0.01062 -0.00097 0.02734 0.01134 0.03583 0.01892 -0.01977 0.05195 0.01542 0.04045 0.03290 -0.03002 0.04809 -0.01207 -0.03168 -0.02132 0.00623 0.00095 0.05459 0.01136 -0.04079 -0.00768 -0.01422 0.00178 0.03459 0.06359 0.04267 -0.05939 0.52720 -0.01241 0.01733 -0.00867 0.00425 -0.00745
-0.02766 -0.01943 0.01120 -0.01213 0.04180 -0.01217 0.02914 0.00040 -0.00730 0.02346 0.04152 -0.03091 0.03266 0.02059 -0.01838 0.02050 -0.02402 0.05115 -0.00368 -0.01644 0.03511 0.01997 -0.02415 0.03949 -0.02679 0.02182 0.00188 -0.03490 -0.02754 -0.02151 -0.03874 -0.02430 0.00520 -0.00917 -0.01799 -0.08956 -0.00209 -0.01663 -0.03568 -0.02216 0.03470 0.00410 0.01370 0.01436 0.01241 0.46218 0.03145 0.02457 -0.09069 0.05565
-0.01290 -0.04026 0.00740 -0.06580 0.00750 0.08388 -0.05075 -0.01572 0.00121 0.01478 -0.02755 -0.02306 0.00212 -0.06045 0.00399 0.01501 0.03554 -0.03958 -0.02746 -0.01247 -0.01392 -0.03534 0.02531 0.03101 0.03530 -0.02310 -0.08291 -0.05703 -0.02782 -0.00348 0.01632 0.04174 0.00245 -0.00413 -0.05234 0.00865 -0.01004 -0.01654 0.02214 -0.04115 -0.00485 0.02531 0.03171 0.04854 -0.01733 -0.03145 0.69819 0.05994 -0.02894 0.00665
0.02238 0.03965 -0.01359 -0.03254 -0.02326 -0.06094 0.00322 -0.02157 -0.00229 0.00157 0.01803 -0.04217 0.02927 0.04931 -0.03397 0.01659 -0.01325 -0.02905 0.00263 0.02169 0.02935 -0.00273 0.03483 -0.02695 0.00205 0.03069 -0.02445 -0.02917 -0.01527 -0.04744 -0.05320 0.02680 -0.01095 -0.03977 -0.02928 -0.00827 -0.00205 0.00493 0.05050 0.00369 -0.01823 -0.03162 0.02017 -0.02733 0.00867 -0.02457 -0.05994 0.72551 0.03268 0.04701
-0.06629 0.08957 0.02693 0.07897 0.06589 -0.00605 0.07131 0.02569 -0.01252 -0.00271 0.03273 0.00890 0.03252 0.03760 -0.00049 0.04463 0.01656 0.03522 0.01211 0.03299 0.01507 0.05820 -0.01027 -0.05511 -0.02237 0.00083 0.07362 0.02551 0.04448 0.03299 0.01103 -0.02831 -0.01210 0.02034 0.03945 -0.07041 -0.00155 -0.01004 -0.03573 0.00535 0.00961 0.00698 -0.01598 -0.03417 -0.00425 0.09069 0.02894 -0.03268 0.56491 -0.02773
0.06794 -0.01414 0.04757 0.08983 -0.03129 0.04311 -0.00772 -0.00324 0.02272 0.00399 -0.03879 0.07824 0.00482 0.06403 0.03518 0.01928 0.01292 -0.01717 0.01262 -0.07014 0.07755 0.08499 -0.03763 0.03018 -0.01231 0.07115 -0.01326 -0.00099 0.06037 -0.00899 -0.04169 0.02432 -0.02346 -0.01612 0.00508 0.00130 0.01033 -0.05033 -0.02548 0.00182 -0.01998 0.07395 0.02988 -0.01367 0.00745 -0.05565 -0.00665 -0.04701 0.02773 0.00000
