0.26156 0.00380 -0.00594 0.05251 0.05771 -0.01274 0.01053 -0.02441 0.00913 0.01039 -0.02220 -0.02699 -0.00763 -0.00459 0.00726 -0.00955 0.01307 0.00949 0.05198 -0.03117 0.00539 -0.00504 -0.01678 -0.03920 0.02073 -0.00504 -0.01157 -0.02685 0.05931 0.06671 -0.01356 -0.00954 -0.00677 -0.03148 -0.04679 0.03998 -0.03188 -0.00321 -0.02273 0.02326 -0.06525 -0.03217 -0.04736 -0.07236 -0.05369 0.00617 0.03167 -0.01143 -0.00997 0.01802
-0.00380 0.65633 -0.04383 0.04014 0.02652 -0.00373 0.01794 0.00420 -0.00243 -0.01584 0.08886 0.00740 0.04298 -0.00848 0.02826 0.03018 0.00993 0.00609 -0.02368 -0.05735 -0.04765 0.00834 0.05552 -0.01382 0.00844 -0.00905 0.00414 -0.02446 0.01671 0.00775 -0.00412 -0.01772 0.06361 -0.02343 -0.02818 -0.01126 -0.01235 -0.02259 -0.02216 0.01006 0.05071 -0.03462 0.01737 -0.02698 0.00386 -0.01883 0.03421 -0.02901 -0.01305 -0.04017
0.00594 0.04383 0.15844 0.01031 0.01296 -0.05006 0.03311 0.00637 0.06033 0.00910 -0.05113 -0.02089 0.04465 0.02536 0.05111 0.06042 0.03367 -0.00296 0.06708 -0.02808 -0.01850 -0.02748 0.03888 0.00828 -0.05957 0.02106 -0.00888 -0.00969 0.06541 0.03182 -0.00980 -0.02724 0.00509 -0.01147 -0.00501 0.05633 -0.04489 -0.01416 -0.01733 0.04164 -0.06624 -0.03407 -0.02539 -0.02085 -0.02983 -0.04084 0.02973 -0.01109 -0.04877 0.03868
-0.05251 -0.04014 -0.01031 0.67672 0.04995 -0.01417 -0.01371 -0.00920 0.01285 0.04089 0.05233 0.00396 -0.02480 0.01734 -0.03969 0.00491 0.00050 -0.01752 -0.05656 0.03359 0.02067 0.02067 -0.01977 -0.04616 0.01332 -0.00880 -0.01397 -0.02130 -0.02340 -0.01319 -0.00647 -0.01490 -0.01631 0.02844 0.03591 0.04111 0.03409 -0.01264 0.00113 -0.02491 0.04143 0.04018 0.04545 -0.07461 -0.02463 -0.00322 -0.05175 -0.01560 -0.00530 -0.01588
-0.05771 -0.02652 -0.01296 -0.04995 0.45784 -0.01285 -0.00952 -0.03800 -0.00284 0.00759 0.05920 0.00327 -0.00899 0.01392 -0.02951 -0.01854 0.00314 0.01275 -0.06374 0.05508 0.03901 -0.01480 -0.00597 0.00977 -0.01110 -0.01935 0.01584 0.00596 -0.02428 0.02862 0.04766 0.00643 -0.03051 0.04616 0.01914 -0.01232 0.00249 0.02223 0.05386 -0.03915 0.04024 0.04086 0.02934 0.04214 0.00353 0.01064 -0.04378 0.02987 -0.01116 -0.01678
0.01274 0.00373 0.05006 0.01417 0.01285 0.73048 -0.05741 0.01943 0.02188 0.04367 -0.03781 -0.00814 -0.02469 0.00350 0.03543 -0.00147 -0.00851 -0.03287 0.02596 0.00450 -0.01645 -0.04228 -0.03193 -0.02636 0.00928 0.02613 -0.04525 -0.03508 0.00248 0.00823 0.00528 0.05993 0.03405 -0.01814 -0.00510 0.01410 -0.01835 0.03363 -0.01671 0.01578 -0.02501 0.01764 -0.02491 0.00154 -0.02765 0.01143 -0.00953 -0.00470 -0.04402 0.05119
-0.01053 -0.01794 -0.03311 0.01371 0.00952 0.05741 0.51587 -0.03788 -0.07332 -0.07067 0.02752 0.02004 0.03619 -0.03457 -0.03618 -0.00522 -0.00623 0.04049 -0.00284 -0.04143 0.03906 0.00852 -0.00082 0.00587 -0.04147 -0.01839 0.03904 0.02672 -0.01361 0.02132 0.01260 -0.00161 -0.00583 -0.01009 -0.00847 -0.06594 -0.00488 -0.03349 0.01113 0.01640 0.02221 -0.00940 0.03300 0.01164 0.02620 -0.00904 0.00740 -0.00067 -0.00108 -0.04011
0.02441 -0.00420 -0.00637 0.00920 0.03800 -0.01943 0.03788 0.61396 0.02346 0.02479 -0.02725 -0.01955 -0.00054 -0.01506 0.01458 0.03203 0.02990 -0.00105 0.05255 -0.01553 -0.00264 -0.01533 0.04555 -0.01407 -0.00463 -0.00184 -0.02053 -0.03221 0.04211 0.08973 -0.02001 -0.01973 0.01352 -0.00167 -0.04374 0.04642 -0.04340 -0.03274 -0.00255 0.07003 -0.04794 -0.04086 -0.04438 -0.02613 -0.00851 0.00151 0.04219 -0.03592 0.01287 0.02705
-0.00913 0.00243 -0.06033 -0.01285 0.00284 -0.02188 0.07332 -0.02346 0.81852 -0.08189 0.01957 -0.02353 0.06117 0.01720 -0.01855 0.00561 0.02078 -0.04508 -0.00380 -0.00198 0.01039 0.03973 0.00221 0.01757 -0.03752 -0.02659 0.01709 0.00933 -0.00458 -0.01341 0.00019 -0.04447 -0.00665 0.04993 0.00988 -0.00941 0.01048 -0.05910 0.02780 -0.03836 0.02011 0.03021 -0.01709 0.00077 0.02493 -0.03551 0.00530 -0.01731 0.00317 -0.00903
-0.01039 0.01584 -0.00910 -0.04089 -0.00759 -0.04367 0.07067 -0.02479 0.08189 0.31928 -0.03057 -0.03183 0.06142 0.01483 0.02533 0.04492 0.00708 0.03170 0.03616 -0.03703 0.01754 -0.07368 0.04476 0.01643 -0.03977 0.01874 0.00306 0.03177 0.02699 0.00060 -0.00695 -0.02498 -0.01271 0.05067 -0.03413 0.00599 -0.00308 0.03743 -0.00027 0.01251 -0.03417 -0.06207 -0.02839 -0.00886 -0.01056 -0.03313 0.03354 0.01499 -0.06307 0.03420
0.02220 -0.08886 0.05113 -0.05233 -0.05920 0.03781 -0.02752 0.02725 -0.01957 0.03057 0.97719 -0.01653 -0.01088 -0.02121 -0.00840 -0.02677 -0.01900 0.03838 -0.02689 0.03032 0.08666 -0.04018 -0.06824 0.03144 0.04040 0.01158 0.05160 0.04003 -0.01464 -0.02009 0.02987 0.03210 -0.02997 0.04555 0.04805 -0.00086 -0.01967 0.02830 0.04608 0.05885 -0.05946 0.01129 0.03543 0.03349 0.00800 0.00768 -0.03074 0.00317 0.00380 -0.02032
0.02699 -0.00740 0.02089 -0.00396 -0.00327 0.00814 -0.02004 0.01955 0.02353 0.03183 0.01653 0.29661 -0.00890 -0.01953 0.00653 -0.03359 -0.02352 0.03301 0.01869 -0.02316 -0.00504 -0.02094 -0.01699 -0.00442 0.01108 0.02873 -0.00930 -0.00130 -0.00435 0.00562 0.01220 0.02033 0.00555 -0.01586 -0.04172 0.05755 0.00692 0.03077 0.00200 0.03734 -0.00062 -0.01755 0.03656 -0.01300 0.01425 0.01698 0.05374 -0.00115 -0.00033 0.00998
0.00763 -0.04298 -0.04465 0.02480 0.00899 0.02469 -0.03619 0.00054 -0.06117 -0.06142 0.01088 0.00890 0.59907 -0.05142 -0.00177 -0.01531 -0.01797 -0.01912 -0.02550 0.03642 0.01290 0.03204 -0.05204 0.00308 0.00732 -0.04783 -0.00587 0.00452 -0.02221 -0.02127 -0.01507 0.00495 0.01652 0.00585 0.01548 -0.00691 0.02405 -0.05300 0.00913 -0.01695 0.04346 0.05899 -0.01439 -0.00796 0.00251 -0.00958 -0.04010 -0.00946 0.02440 0.02440
0.00459 0.00848 -0.02536 -0.01734 -0.01392 -0.00350 0.03457 0.01506 -0.01720 -0.01483 0.02121 0.01953 0.05142 0.19416 -0.02150 0.02915 -0.01538 0.00486 -0.01719 0.02947 -0.01795 0.01017 0.04606 0.02447 -0.03995 -0.03000 0.05697 -0.01225 -0.00533 -0.00036 0.00877 -0.01637 0.00010 0.00183 0.03645 -0.02136 -0.02482 -0.02609 0.01695 0.00853 0.02368 0.03855 0.02819 0.02830 0.04710 -0.04557 -0.02873 0.04009 0.03724 -0.02408
-0.00726 -0.02826 -0.05111 0.03969 0.02951 -0.03543 0.03618 -0.01458 0.01855 -0.02533 0.00840 -0.00653 0.00177 0.02150 0.76419 0.02771 0.02735 -0.03162 -0.01450 0.02128 -0.02208 0.01914 0.00643 -0.01246 -0.02892 -0.01744 -0.02962 -0.05373 0.01870 0.05581 -0.02131 -0.04683 0.02501 -0.03651 0.02031 0.07095 -0.00388 -0.04841 -0.00025 0.01675 0.03570 -0.00964 0.02148 -0.04363 -0.00732 -0.03587 -0.00432 -0.05135 0.00536 -0.01444
0.00955 -0.03018 -0.06042 -0.00491 0.01854 0.00147 0.00522 -0.03203 -0.00561 -0.04492 0.02677 0.03359 0.01531 -0.02915 -0.02771 0.37225 0.00364 0.00987 -0.02903 -0.02271 0.02352 0.03000 -0.06604 0.00203 -0.02721 -0.01571 0.03461 0.02516 -0.00588 0.02082 -0.00505 -0.00169 0.00139 -0.02558 0.00430 -0.00846 0.02158 -0.03951 0.01355 -0.02112 0.03507 -0.01915 -0.00537 0.01040 0.03624 -0.03156 0.01839 0.01894 0.01747 -0.01775
-0.01307 -0.00993 -0.03367 -0.00050 -0.00314 0.00851 0.00623 -0.02990 -0.02078 -0.00708 0.01900 0.02352 0.01797 0.01538 -0.02735 -0.00364 1.05283 0.00144 -0.00374 0.02569 -0.01622 -0.00434 -0.00982 -0.00351 0.00383 -0.00795 -0.01451 -0.02286 0.00324 0.01322 -0.02255 -0.01915 -0.02349 0.01548 0.03478 -0.00740 -0.00580 -0.00910 0.01605 -0.01849 0.02310 0.01910 -0.00776 -0.01133 -0.01380 -0.01910 -0.01063 0.00184 0.01148 -0.00907
-0.00949 -0.00609 0.00296 0.01752 -0.01275 0.03287 -0.04049 0.00105 0.04508 -0.03170 -0.03838 -0.03301 0.01912 -0.00486 0.03162 -0.00987 -0.00144 0.73623 0.00487 -0.01682 -0.02414 -0.02092 -0.00990 -0.01153 -0.01370 0.02316 0.00221 0.00787 0.01537 -0.00641 0.00549 0.04166 0.04435 0.04187 -0.01860 -0.01311 0.00823 0.09394 -0.02235 0.01467 -0.01186 -0.00031 0.01344 0.00773 -0.00544 0.02994 0.02068 0.01360 -0.08018 0.00546
-0.05198 0.02368 -0.06708 0.05656 0.06374 -0.02596 0.00284 -0.05255 0.00380 -0.03616 0.02689 -0.01869 0.02550 0.01719 0.01450 0.02903 0.00374 -0.00487 1.03067 -0.03908 -0.04101 0.06828 0.02681 -0.04368 -0.02885 -0.05066 -0.02214 -0.04115 -0.01109 0.00327 -0.07018 -0.06114 0.03016 -0.03853 -0.02316 0.01015 0.02857 -0.03574 -0.05036 -0.01826 0.04023 -0.00445 0.00038 -0.04356 -0.03030 -0.02712 0.03842 -0.05168 -0.01152 0.01764
0.03117 0.05735 0.02808 -0.03359 -0.05508 -0.00450 0.04143 0.01553 0.00198 0.03703 -0.03032 0.02316 -0.03642 -0.02947 -0.02128 0.02271 -0.02569 0.01682 0.03908 0.54592 -0.01147 0.01356 0.08112 0.03619 0.01007 0.00002 0.02094 -0.02975 -0.03394 0.02639 -0.03326 0.00331 -0.00793 -0.08087 -0.03183 0.04021 0.00330 -0.01154 0.00968 0.01593 -0.03482 -0.04358 -0.01530 0.00304 0.02293 -0.02317 0.03057 0.00597 0.05659 -0.02243
-0.00539 0.04765 0.01850 -0.02067 -0.03901 0.01645 -0.03906 0.00264 -0.01039 -0.01754 -0.08666 0.00504 -0.01290 0.01795 0.02208 -0.02352 0.01622 0.02414 0.04101 0.01147 0.71353 -0.00252 -0.03250 0.02713 -0.02430 0.01306 -0.00299 0.04132 -0.01619 -0.04994 0.01540 0.00981 -0.03950 0.06528 0.00927 -0.02472 0.01433 0.02597 0.02476 0.01337 -0.03819 0.01426 -0.00844 0.03935 0.02275 0.03961 -0.00490 0.03234 -0.01138 0.01998
0.00504 -0.00834 0.02748 -0.02067 0.01480 0.04228 -0.00852 0.01533 -0.03973 0.07368 0.04018 0.02094 -0.03204 -0.01017 -0.01914 -0.03000 0.00434 0.02092 -0.06828 -0.01356 0.00252 0.22977 -0.00915 0.01825 0.04996 -0.00178 0.02887 0.01672 -0.03343 0.01159 0.03686 0.00949 -0.01533 0.00299 0.02399 -0.01568 0.04345 0.02198 0.02425 -0.03582 0.04863 0.01060 0.02686 -0.01785 0.02439 0.03088 -0.02602 0.01358 0.04003 -0.01903
0.01678 -0.05552 -0.03888 0.01977 0.00597 0.03193 0.00082 -0.04555 -0.00221 -0.04476 0.06824 0.01699 0.05204 -0.04606 -0.00643 0.06604 0.00982 0.00990 -0.02681 -0.08112 0.03250 0.00915 0.51758 -0.01499 -0.04231 -0.02655 -0.00854 0.02131 0.01747 0.03827 -0.01476 0.00470 0.01299 -0.01561 -0.00566 -0.06151 -0.04167 -0.00080 0.00833 0.00318 0.01493 -0.06572 0.04088 0.03545 0.00365 -0.03290 0.02762 0.02235 -0.01373 0.00547
0.03920 0.01382 -0.00828 0.04616 -0.00977 0.02636 -0.00587 0.01407 -0.01757 -0.01643 -0.03144 0.00442 -0.00308 -0.02447 0.01246 -0.00203 0.00351 0.01153 0.04368 -0.03619 -0.02713 -0.01825 0.01499 0.13932 -0.01122 0.00385 0.01545 -0.02684 0.00164 0.04445 -0.01395 0.01525 0.03560 -0.01297 -0.04785 0.00750 -0.01483 -0.01953 -0.04326 0.00919 -0.03505 -0.01464 0.00555 -0.01144 -0.02304 0.01705 0.04706 0.00367 0.02378 -0.00075
-0.02073 -0.00844 0.05957 -0.01332 0.01110 -0.00928 0.04147 0.00463 0.03752 0.03977 -0.04040 -0.01108 -0.00732 0.03995 0.02892 0.02721 -0.00383 0.01370 0.02885 -0.01007 0.02430 -0.04996 0.04231 0.01122 0.17377 0.01577 -0.01472 -0.00935 -0.00614 0.01833 -0.01344 0.02243 -0.01461 0.05356 -0.00612 -0.01148 0.00005 0.03347 -0.02303 0.02262 -0.00702 -0.03462 -0.03239 -0.01510 -0.04858 0.05021 0.01810 0.00247 -0.04992 0.05109
0.00504 0.00905 -0.02106 0.00880 0.01935 -0.02613 0.01839 0.00184 0.02659 -0.01874 -0.01158 -0.02873 0.04783 0.03000 0.01744 0.01571 0.00795 -0.02316 0.05066 -0.00002 -0.01306 0.00178 0.02655 -0.00385 -0.01577 0.18839 -0.02382 -0.00900 0.03131 0.01086 -0.02025 0.00408 0.00564 -0.01342 -0.02872 0.03762 -0.03885 -0.03051 -0.00702 0.03884 -0.04228 -0.01929 -0.01227 0.00120 -0.00414 -0.01863 0.03107 -0.00636 -0.03000 0.03189
0.01157 -0.00414 0.00888 0.01397 -0.01584 0.04525 -0.03904 0.02053 -0.01709 -0.00306 -0.05160 0.00930 0.00587 -0.05697 0.02962 -0.03461 0.01451 -0.00221 0.02214 -0.02094 0.00299 -0.02887 0.00854 -0.01545 0.01472 0.02382 0.66346 0.05060 -0.02120 -0.00119 0.00535 0.02348 0.04597 0.01864 -0.02108 -0.03924 0.00112 0.04835 -0.02863 0.01034 0.00292 -0.02278 -0.00036 0.04602 -0.00193 0.04669 0.03173 0.03270 -0.05154 0.07296
0.02685 0.02446 0.00969 0.02130 -0.00596 0.03508 -0.02672 0.03221 -0.00933 -0.03177 -0.04003 0.00130 -0.00452 0.01225 0.05373 -0.02516 0.02286 -0.00787 0.04115 0.02975 -0.04132 -0.01672 -0.02131 0.02684 0.00935 0.00900 -0.05060 0.62793 0.00841 -0.03788 0.02250 0.00325 0.03497 0.01423 -0.02440 0.00864 -0.00185 0.02075 -0.00063 0.02950 -0.06371 0.02955 -0.01458 0.01351 -0.00052 0.00587 -0.02904 -0.01715 -0.02926 0.05156
-0.05931 -0.01671 -0.06541 0.02340 0.02428 -0.00248 0.01361 -0.04211 0.00458 -0.02699 0.01464 0.00435 0.02221 0.00533 -0.01870 0.00588 -0.00324 -0.01537 0.01109 0.03394 0.01619 0.03343 -0.01747 -0.00164 0.00614 -0.03131 0.02120 -0.00841 1.06192 0.01883 -0.04396 -0.01707 -0.02933 0.02297 0.04796 -0.00792 0.00470 -0.02449 0.00333 -0.00740 0.04379 0.00202 -0.02190 -0.02453 -0.02682 -0.03097 -0.02559 -0.01590 0.00667 -0.01533
-0.06671 -0.00775 -0.03182 0.01319 -0.02862 -0.00823 -0.02132 -0.08973 0.01341 -0.00060 0.02009 -0.00562 0.02127 0.00036 -0.05581 -0.02082 -0.01322 0.00641 -0.00327 -0.02639 0.04994 -0.01159 -0.03827 -0.04445 -0.01833 -0.01086 0.00119 0.03788 -0.01883 0.56201 -0.02554 0.01922 -0.03493 0.00796 0.01906 -0.04255 -0.00881 0.01317 -0.01369 -0.03514 0.01391 -0.02572 0.00548 -0.01655 -0.01251 0.01842 -0.01522 0.03076 -0.03758 0.03633
0.01356 0.00412 0.00980 0.00647 -0.04766 -0.00528 -0.01260 0.02001 -0.00019 0.00695 -0.02987 -0.01220 0.01507 -0.00877 0.02131 0.00505 0.02255 -0.00549 0.07018 0.03326 -0.01540 -0.03686 0.01476 0.01395 0.01344 0.02025 -0.00535 -0.02250 0.04396 0.02554 1.01592 -0.00552 0.00517 0.00039 0.00669 0.04067 -0.04401 -0.00632 -0.00928 0.05423 -0.06655 -0.00003 -0.02405 0.01657 -0.03691 0.00132 0.01395 -0.00775 -0.00625 0.02295
0.00954 0.01772 0.02724 0.01490 -0.00643 -0.05993 0.00161 0.01973 0.04447 0.02498 -0.03210 -0.02033 -0.00495 0.01637 0.04683 0.00169 0.01915 -0.04166 0.06114 -0.00331 -0.00981 -0.00949 -0.00470 -0.01525 -0.02243 -0.00408 -0.02348 -0.00325 0.01707 -0.01922 0.00552 0.36154 -0.00899 -0.02194 -0.01038 0.05203 -0.01828 -0.00512 -0.02183 0.02924 -0.04139 -0.01251 -0.02157 -0.01389 -0.04223 -0.00672 0.01963 -0.01446 -0.00975 0.02458
0.00677 -0.06361 -0.00509 0.01631 0.03051 -0.03405 0.00583 -0.01352 0.00665 0.01271 0.02997 -0.00555 -0.01652 -0.00010 -0.02501 -0.00139 0.02349 -0.04435 -0.03016 0.00793 0.03950 0.01533 -0.01299 -0.03560 0.01461 -0.00564 -0.04597 -0.03497 0.02933 0.03493 -0.00517 0.00899 0.68958 -0.04826 0.02948 0.03162 -0.00648 -0.01111 -0.04920 0.02483 0.05588 -0.00030 0.00497 -0.03055 -0.01239 -0.01708 -0.01984 -0.00792 0.00712 -0.00484
0.03148 0.02343 0.01147 -0.02844 -0.04616 0.01814 0.01009 0.00167 -0.04993 -0.05067 -0.04555 0.01586 -0.00585 -0.00183 0.03651 0.02558 -0.01548 -0.04187 0.03853 0.08087 -0.06528 -0.00299 0.01561 0.01297 -0.05356 0.01342 -0.01864 -0.01423 -0.02297 -0.00796 -0.00039 0.02194 0.04826 0.38389 -0.00251 -0.02711 0.03077 -0.04170 0.04414 0.02713 -0.03414 0.07265 0.01239 0.04380 0.04789 0.00357 -0.07808 -0.00701 0.00942 0.01139
0.04679 0.02818 0.00501 -0.03591 -0.01914 0.00510 0.00847 0.04374 -0.00988 0.03413 -0.04805 0.04172 -0.01548 -0.03645 -0.02031 -0.00430 -0.03478 0.01860 0.02316 0.03183 -0.00927 -0.02399 0.00566 0.04785 0.00612 0.02872 0.02108 0.02440 -0.04796 -0.01906 -0.00669 0.01038 -0.02948 0.00251 0.88119 -0.00851 0.02111 -0.01089 0.03153 -0.02385 -0.05253 0.01478 -0.01333 0.03381 0.01236 -0.01388 -0.03221 0.03648 0.03573 0.02366
-0.03998 0.01126 -0.05633 -0.04111 0.01232 -0.01410 0.06594 -0.04642 0.00941 -0.00599 0.00086 -0.05755 0.00691 0.02136 -0.07095 0.00846 0.00740 0.01311 -0.01015 -0.04021 0.02472 0.01568 0.06151 -0.00750 0.01148 -0.03762 0.03924 -0.00864 0.00792 0.04255 -0.04067 -0.05203 -0.03162 0.02711 0.00851 0.48083 -0.02710 -0.00305 -0.00708 0.03058 0.03761 -0.05427 -0.01648 -0.03580 -0.03079 -0.03366 0.03933 -0.02114 -0.01158 -0.00459
0.03188 0.01235 0.04489 -0.03409 -0.00249 0.01835 0.00488 0.04340 -0.01048 0.00308 0.01967 -0.00692 -0.02405 0.02482 0.00388 -0.02158 0.00580 -0.00823 -0.02857 -0.00330 -0.01433 -0.04345 0.04167 0.01483 -0.00005 0.03885 -0.00112 0.00185 -0.00470 0.00881 0.04401 0.01828 0.00648 -0.03077 -0.02111 0.02710 0.96878 0.00420 -0.03211 -0.08051 0.00542 0.01302 -0.01560 0.00961 0.04339 0.03702 0.00676 0.05604 -0.00582 0.02480
0.00321 0.02259 0.01416 0.01264 -0.02223 -0.03363 0.03349 0.03274 0.05910 -0.03743 -0.02830 -0.03077 0.05300 0.02609 0.04841 0.03951 0.00910 -0.09394 0.03574 0.01154 -0.02597 -0.02198 0.00080 0.01953 -0.03347 0.03051 -0.04835 -0.02075 0.02449 -0.01317 0.00632 0.00512 0.01111 0.04170 0.01089 0.00305 -0.00420 0.47966 -0.01278 0.00278 -0.01076 0.02155 -0.03285 0.01824 -0.01596 -0.00010 -0.01136 -0.01649 -0.04590 0.04089
0.02273 0.02216 0.01733 -0.00113 -0.05386 0.01671 -0.01113 0.00255 -0.02780 0.00027 -0.04608 -0.00200 -0.00913 -0.01695 0.00025 -0.01355 -0.01605 0.02235 0.05036 -0.00968 -0.02476 -0.02425 -0.00833 0.04326 0.02303 0.00702 0.02863 0.00063 -0.00333 0.01369 0.00928 0.02183 0.04920 -0.04414 -0.03153 0.00708 0.03211 0.01278 0.28565 -0.01889 -0.03598 0.00488 -0.00510 0.03473 0.02729 -0.00003 0.02013 0.01751 0.02643 0.04753
-0.02326 -0.01006 -0.04164 0.02491 0.03915 -0.01578 -0.01640 -0.07003 0.03836 -0.01251 -0.05885 -0.03734 0.01695 -0.00853 -0.01675 0.02112 0.01849 -0.01467 0.01826 -0.01593 -0.01337 0.03582 -0.00318 -0.00919 -0.02262 -0.03884 -0.01034 -0.02950 0.00740 0.03514 -0.05423 -0.02924 -0.02483 -0.02713 0.02385 -0.03058 0.08051 -0.00278 0.01889 0.93513 -0.00516 -0.00755 -0.03893 -0.00604 -0.01815 -0.05854 0.01572 -0.05236 0.04105 0.00392
0.06525 -0.05071 0.06624 -0.04143 -0.04024 0.02501 -0.02221 0.04794 -0.02011 0.03417 0.05946 0.00062 -0.04346 -0.02368 -0.03570 -0.03507 -0.02310 0.01186 -0.04023 0.03482 0.03819 -0.04863 -0.01493 0.03505 0.00702 0.04228 -0.00292 0.06371 -0.04379 -0.01391 0.06655 0.04139 -0.05588 0.03414 0.05253 -0.03761 -0.00542 0.01076 0.03598 0.00516 1.01323 0.03519 0.04798 0.04523 0.02067 0.04090 -0.02811 0.05415 -0.02396 -0.03392
0.03217 0.03462 0.03407 -0.04018 -0.04086 -0.01764 0.00940 0.04086 -0.03021 0.06207 -0.01129 0.01755 -0.05899 -0.03855 0.00964 0.01915 -0.01910 0.00031 0.00445 0.04358 -0.01426 -0.01060 0.06572 0.01464 0.03462 0.01929 0.02278 -0.02955 -0.00202 0.02572 0.00003 0.01251 0.00030 -0.07265 -0.01478 0.05427 -0.01302 -0.02155 -0.00488 0.00755 -0.03519 0.73473 0.00270 0.00739 -0.00285 -0.02556 -0.00501 0.00289 0.05959 -0.01065
0.04736 -0.01737 0.02539 -0.04545 -0.02934 0.02491 -0.03300 0.04438 0.01709 0.02839 -0.03543 -0.03656 0.01439 -0.02819 -0.02148 0.00537 0.00776 -0.01344 -0.00038 0.01530 0.00844 -0.02686 -0.04088 -0.00555 0.03239 0.01227 0.00036 0.01458 0.02190 -0.00548 0.02405 0.02157 -0.00497 -0.01239 0.01333 0.01648 0.01560 0.03285 0.00510 0.03893 -0.04798 -0.00270 0.89708 0.03611 0.05676 -0.00094 0.02346 -0.04822 0.03076 -0.07319
0.07236 0.02698 0.02085 0.07461 -0.04214 -0.00154 -0.01164 0.02613 -0.00077 0.00886 -0.03349 0.01300 0.00796 -0.02830 0.04363 -0.01040 0.01133 -0.00773 0.04356 -0.00304 -0.03935 0.01785 -0.03545 0.01144 0.01510 -0.00120 -0.04602 -0.01351 0.02453 0.01655 -0.01657 0.01389 0.03055 -0.04380 -0.03381 0.03580 -0.00961 -0.01824 -0.03473 0.00604 -0.04523 -0.00739 -0.03611 0.29424 0.01293 0.00222 0.04156 -0.01473 0.00675 0.00684
0.05369 -0.00386 0.02983 0.02463 -0.00353 0.02765 -0.02620 0.00851 -0.02493 0.01056 -0.00800 -0.01425 -0.00251 -0.04710 0.00732 -0.03624 0.01380 0.00544 0.03030 -0.02293 -0.02275 -0.02439 -0.00365 0.02304 0.04858 0.00414 0.00193 0.00052 0.02682 0.01251 0.03691 0.04223 0.01239 -0.04789 -0.01236 0.03079 -0.04339 0.01596 -0.02729 0.01815 -0.02067 0.00285 -0.05676 -0.01293 0.54586 0.02293 0.04754 -0.04363 0.05720 -0.02526
-0.00617 0.01883 0.04084 0.00322 -0.01064 -0.01143 0.00904 -0.00151 0.03551 0.03313 -0.00768 -0.01698 0.00958 0.04557 0.03587 0.03156 0.01910 -0.02994 0.02712 0.02317 -0.03961 -0.03088 0.03290 -0.01705 -0.05021 0.01863 -0.04669 -0.00587 0.03097 -0.01842 -0.00132 0.00672 0.01708 -0.00357 0.01388 0.03366 -0.03702 0.00010 0.00003 0.05854 -0.04090 0.02556 0.00094 -0.00222 -0.02293 0.30655 -0.01401 -0.02568 -0.02071 0.01645
-0.03167 -0.03421 -0.02973 0.05175 0.04378 0.00953 -0.00740 -0.04219 -0.00530 -0.03354 0.03074 -0.05374 0.04010 0.02873 0.00432 -0.01839 0.01063 -0.02068 -0.03842 -0.03057 0.00490 0.02602 -0.02762 -0.04706 -0.01810 -0.03107 -0.03173 0.02904 0.02559 0.01522 -0.01395 -0.01963 0.01984 0.07808 0.03221 -0.03933 -0.00676 0.01136 -0.02013 -0.01572 0.02811 0.00501 -0.02346 -0.04156 -0.04754 0.01401 0.77615 -0.01669 -0.05848 0.01326
0.01143 0.02901 0.01109 0.01560 -0.02987 0.00470 0.00067 0.03592 0.01731 -0.01499 -0.00317 0.00115 0.00946 -0.04009 0.05135 -0.01894 -0.00184 -0.01360 0.05168 -0.00597 -0.03234 -0.01358 -0.02235 -0.00367 -0.00247 0.00636 -0.03270 0.01715 0.01590 -0.03076 0.00775 0.01446 0.00792 0.00701 -0.03648 0.02114 -0.05604 0.01649 -0.01751 0.05236 -0.05415 -0.00289 0.04822 0.01473 0.04363 0.02568 0.01669 0.84952 -0.02205 -0.02090
0.00997 0.01305 0.04877 0.00530 0.01116 0.04402 0.00108 -0.01287 -0.00317 0.06307 -0.00380 0.00033 -0.02440 -0.03724 -0.00536 -0.01747 -0.01148 0.08018 0.01152 -0.05659 0.01138 -0.04003 0.01373 -0.02378 0.04992 0.03000 0.05154 0.02926 -0.00667 0.03758 0.00625 0.00975 -0.00712 -0.00942 -0.03573 0.01158 0.00582 0.04590 -0.02643 -0.04105 0.02396 -0.05959 -0.03076 -0.00675 -0.05720 0.02071 0.05848 0.02205 0.14404 0.10655
-0.01802 0.04017 -0.03868 0.01588 0.01678 -0.05119 0.04011 -0.02705 0.00903 -0.03420 0.02032 -0.00998 -0.02440 0.02408 0.01444 0.01775 0.00907 -0.00546 -0.01764 0.02243 -0.01998 0.01903 -0.00547 0.00075 -0.05109 -0.03189 -0.07296 -0.05156 0.01533 -0.03633 -0.02295 -0.02458 0.00484 -0.01139 -0.02366 0.00459 -0.02480 -0.04089 -0.04753 -0.00392 0.03392 0.01065 0.07319 -0.00684 0.02526 -0.01645 -0.01326 0.02090 -0.10655 0.88305
