0.44574 0.00552 -0.00089 0.01441 -0.07204 -0.00389 -0.00609 0.01200 -0.00660 -0.01593 -0.07706 0.02355 -0.04491 -0.04155 0.00372 -0.01913 0.03571 -0.03237 -0.01802 0.02008 -0.03919 0.00618 -0.00192 -0.02343 0.01496 -0.03099 -0.00459 0.04711 -0.00448 -0.02193 0.03229 0.00603 0.03370 0.00065 -0.01707 0.11437 -0.00817 -0.00474 0.01991 0.01025 -0.02170 -0.03601 0.00326 -0.01248 -0.01186 0.02685 0.01318 -0.02343 0.06638 -0.06828
-0.00552 0.56075 0.00433 -0.02988 -0.02309 0.01762 0.03172 0.02818 0.00209 0.00019 -0.03641 0.04176 -0.00316 0.01275 0.03652 -0.01151 0.01403 0.01599 -0.01542 0.01881 -0.05416 0.03929 0.00146 -0.00104 -0.00005 -0.06523 -0.03043 0.02209 -0.04903 -0.00228 0.00515 0.02475 0.00518 -0.00369 -0.06558 0.01625 0.00028 -0.01682 0.00533 -0.04500 -0.02759 -0.01468 -0.01450 0.01244 -0.00277 0.01796 0.04055 -0.04119 -0.08894 0.01341
0.00089 -0.00433 0.46394 -0.03884 -0.02700 -0.04288 -0.01578 -0.02619 0.02261 0.01328 -0.04466 0.01212 -0.02625 -0.03368 0.00139 -0.02157 0.04467 -0.05124 -0.00415 -0.00687 -0.03380 -0.01015 -0.00552 0.00287 0.02230 -0.04677 -0.02186 0.01644 -0.00610 -0.02762 0.04383 0.01242 0.01904 -0.01009 0.00509 0.00470 0.00477 0.02013 0.00649 -0.01378 -0.01392 -0.04122 0.03986 0.04365 -0.02382 -0.01286 -0.00500 0.01088 -0.02750 -0.04811
-0.01441 0.02988 0.03884 0.73751 0.01635 0.04398 0.07253 0.04010 -0.01293 -0.06835 -0.04815 0.01714 0.03111 -0.05829 0.03840 -0.02967 0.06245 -0.02000 0.01864 -0.00203 0.00261 -0.00732 0.02043 -0.09479 0.00295 0.00431 -0.01033 -0.03008 -0.08127 0.01367 0.08492 -0.04946 0.04765 0.00282 0.09078 0.00449 0.03491 0.05893 0.02140 -0.03120 0.08055 0.00464 -0.03584 0.01815 -0.06349 0.01168 0.06552 0.03271 -0.07885 -0.08992
0.07204 0.02309 0.02700 -0.01635 0.01080 -0.02637 0.00990 0.03366 -0.03296 -0.00057 0.00125 -0.01269 0.02781 0.02371 0.03814 0.00178 0.01058 -0.00971 0.03563 -0.03684 0.03059 0.02580 -0.01451 0.00382 -0.03696 0.02827 -0.01967 -0.02084 -0.01538 -0.00944 -0.07026 -0.00969 -0.00706 -0.02528 0.00700 -0.05432 -0.05072 -0.01163 -0.01340 -0.01481 0.00642 0.04906 0.05100 0.01532 -0.00036 -0.04243 -0.00723 0.02314 -0.06603 0.03130
0.00389 -0.01762 0.04288 -0.04398 0.02637 1.02805 -0.06302 -0.03885 0.00283 0.04054 0.05203 0.04066 -0.05039 -0.05963 -0.01589 0.08312 -0.00429 0.03887 -0.01655 0.06776 -0.03388 -0.04197 -0.04503 0.01046 0.08273 -0.04787 0.03574 0.04221 0.04413 0.08968 0.07375 0.05921 -0.03461 0.10874 -0.02277 -0.02226 0.07608 -0.06425 -0.09638 0.00093 -0.04010 -0.06663 0.04927 -0.07053 0.02923 0.01396 -0.08475 0.06262 0.00563 -0.04283
0.00609 -0.03172 0.01578 -0.07253 -0.00990 0.06302 0.47002 0.02208 -0.00947 0.03318 -0.01091 0.00239 0.02863 -0.01746 0.04765 -0.03452 -0.00114 0.00619 0.01323 -0.02082 -0.03590 -0.03248 -0.05071 0.03135 0.00501 -0.01012 -0.01546 -0.02701 -0.03571 0.03583 -0.01316 0.00358 0.03185 -0.00078 0.01014 0.01537 0.00934 0.00558 -0.03850 -0.03427 0.05258 0.06369 0.01985 0.06394 0.02443 -0.03007 0.04965 -0.00314 -0.07025 0.00719
-0.01200 -0.02818 0.02619 -0.04010 -0.03366 0.03885 -0.02208 1.02751 0.04317 -0.02370 -0.02399 0.01914 -0.03974 -0.04246 0.02377 -0.00103 -0.02908 -0.02476 -0.03508 -0.02665 -0.02498 0.00650 0.02013 -0.01041 0.02868 -0.01965 0.00880 0.02817 -0.06311 0.01334 0.00621 -0.00711 -0.02392 0.00017 -0.03827 0.02877 0.03978 0.03269 -0.02206 0.02234 -0.01642 0.02183 -0.03296 0.04387 0.00806 0.00114 0.01577 0.02306 -0.02672 0.00330
0.00660 -0.00209 -0.02261 0.01293 0.03296 -0.00283 0.00947 -0.04317 0.95604 -0.00476 0.07005 -0.04295 -0.01035 0.01153 -0.02292 0.05853 -0.00233 0.03355 -0.01639 0.00535 -0.00295 -0.02406 -0.02513 -0.00900 0.02276 0.00234 0.01474 0.00480 0.02121 -0.00529 0.02315 -0.00143 -0.01834 -0.00015 0.01998 -0.02967 -0.00441 -0.00449 -0.05458 -0.02318 -0.00154 -0.03201 -0.06020 -0.05840 0.01303 0.00849 -0.00084 0.00284 0.01225 -0.02199
0.01593 -0.00019 -0.01328 0.06835 0.00057 -0.04054 -0.03318 0.02370 0.00476 0.75429 -0.02506 0.00785 -0.00149 0.03208 0.03796 -0.02151 0.00318 0.00796 0.03089 -0.03169 0.03917 0.04069 -0.02834 0.05997 -0.00724 0.03099 -0.01378 -0.01543 0.05497 0.00710 -0.02018 -0.02397 0.01904 0.02480 0.03191 0.03604 -0.02832 -0.01842 -0.01684 0.01016 0.02780 0.05569 0.02799 -0.01317 0.00344 -0.02249 -0.01492 -0.00073 0.00212 -0.00381
0.07706 0.03641 0.04466 0.04815 -0.00125 -0.05203 0.01091 0.02399 -0.07005 0.02506 0.15239 0.03861 0.03069 0.06862 0.01458 -0.01379 0.04785 0.00510 0.05054 -0.04260 0.02882 0.04874 0.01341 -0.02853 -0.03455 0.03541 -0.02933 -0.03691 0.00738 -0.03618 -0.04332 -0.00737 -0.00853 -0.00797 0.01488 -0.01583 -0.04450 -0.01769 -0.03275 -0.02594 0.00253 0.07727 0.04779 -0.02360 -0.02828 -0.04111 0.02884 -0.01812 -0.03392 0.03933
-0.02355 -0.04176 -0.01212 -0.01714 0.01269 -0.04066 -0.00239 -0.01914 0.04295 -0.00785 -0.03861 0.00000 0.01518 -0.04558 -0.01250 -0.04917 0.04941 -0.02401 0.01573 0.03579 -0.05280 -0.01968 0.01179 -0.03019 0.02767 -0.03159 0.02263 0.04350 0.02547 0.02330 0.05640 -0.00539 -0.02571 0.02237 0.00092 0.01224 -0.02032 0.01197 0.02107 -0.00560 -0.00428 -0.03995 -0.02871 -0.00301 -0.02502 0.03124 0.02181 0.04377 -0.00823 -0.07866
0.04491 0.00316 0.02625 -0.03111 -0.02781 0.05039 -0.02863 0.03974 0.01035 0.00149 -0.03069 -0.01518 0.39555 0.01029 0.01375 -0.02633 0.00078 -0.02830 -0.00827 -0.01300 0.00068 0.02240 -0.03795 0.03142 0.02499 0.01558 -0.02793 0.03659 -0.00578 0.03190 0.01045 0.03908 -0.01992 0.00636 -0.02645 0.03010 -0.00566 -0.00305 -0.02028 -0.03028 -0.07259 0.02493 0.02234 0.02899 0.00231 -0.03395 -0.00327 -0.02975 -0.03097 -0.00585
0.04155 -0.01275 0.03368 0.05829 -0.02371 0.05963 0.01746 0.04246 -0.01153 -0.03208 -0.06862 0.04558 -0.01029 0.66904 0.06553 0.01932 0.04407 -0.02423 0.01275 0.00875 0.01102 0.04739 0.00281 -0.00510 0.02694 0.05801 0.00332 -0.00925 -0.02023 0.00525 0.01827 -0.02276 0.04345 -0.01055 0.06410 0.04618 0.00127 -0.03284 0.00542 -0.02401 0.07022 0.03485 -0.01762 -0.01130 -0.00310 -0.02149 0.06009 -0.04942 -0.03726 -0.06433
-0.00372 -0.03652 -0.00139 -0.03840 -0.03814 0.01589 -0.04765 -0.02377 0.02292 -0.03796 -0.01458 0.01250 -0.01375 -0.06553 0.32336 -0.02647 -0.01197 -0.00934 -0.07059 0.00733 -0.04841 -0.04955 -0.00846 -0.01434 0.03935 -0.02529 -0.00614 0.01194 0.00531 -0.04136 0.06002 -0.02155 0.00416 0.01843 -0.04483 0.06215 0.02789 -0.03513 0.00107 0.03805 -0.02427 -0.02107 -0.02522 0.00870 -0.01173 0.01804 -0.00173 0.03226 -0.00015 -0.03588
0.01913 0.01151 0.02157 0.02967 -0.00178 -0.08312 0.03452 0.00103 -0.05853 0.02151 0.01379 0.04917 0.02633 -0.01932 0.02647 0.18263 0.02441 -0.01350 0.04395 -0.05557 0.01088 -0.00235 0.00078 -0.02146 -0.04183 0.01602 -0.03238 -0.03444 -0.03701 -0.04528 -0.02270 -0.00167 0.06527 -0.01474 0.03686 -0.02609 0.01377 -0.00971 0.00260 -0.03401 0.03772 0.00506 0.05764 0.01897 -0.00910 -0.01971 -0.01278 -0.01690 -0.04630 -0.01824
-0.03571 -0.01403 -0.04467 -0.06245 -0.01058 0.00429 0.00114 0.02908 0.00233 -0.00318 -0.04785 -0.04941 -0.00078 -0.04407 0.01197 -0.02441 0.23352 -0.04822 -0.02483 0.01261 -0.07005 0.00264 0.01430 0.00099 0.01449 -0.05656 -0.05565 0.01163 -0.03148 0.01161 0.04217 -0.01133 0.00856 0.00468 -0.05140 -0.00673 -0.00149 0.00142 0.01593 0.01142 -0.03934 -0.00346 -0.00768 0.03436 -0.01203 0.02269 -0.03623 0.01273 -0.01533 -0.01400
0.03237 -0.01599 0.05124 0.02000 0.00971 -0.03887 -0.00619 0.02476 -0.03355 -0.00796 -0.00510 0.02401 0.02830 0.02423 0.00934 0.01350 0.04822 0.27864 0.02591 -0.02767 0.07650 0.00464 -0.01839 0.00765 -0.02379 0.08616 -0.04431 -0.05361 0.00457 -0.04204 -0.04285 0.00464 0.01739 -0.02251 0.01451 0.00302 -0.03466 -0.02719 -0.02077 -0.04660 0.04499 0.04215 0.00552 -0.01507 0.00091 -0.05111 0.04124 0.02813 -0.03624 0.01741
0.01802 0.01542 0.00415 -0.01864 -0.03563 0.01655 -0.01323 0.03508 0.01639 -0.03089 -0.05054 -0.01573 0.00827 -0.01275 0.07059 -0.04395 0.02483 -0.02591 1.03234 -0.01337 -0.00443 0.01835 0.01517 -0.01313 -0.00018 0.00136 -0.03224 -0.00205 -0.01646 -0.03393 -0.00009 -0.01735 0.00857 -0.01509 -0.00451 0.04782 -0.03341 -0.01454 0.01378 -0.01599 -0.01540 0.05873 -0.00689 0.03708 -0.02692 0.00404 0.02777 -0.00219 -0.01296 -0.01237
-0.02008 -0.01881 0.00687 0.00203 0.03684 -0.06776 0.02082 0.02665 -0.00535 0.03169 0.04260 -0.03579 0.01300 -0.00875 -0.00733 0.05557 -0.01261 0.02767 0.01337 0.34434 0.00401 -0.00946 -0.00293 0.02497 -0.04380 -0.02748 -0.04557 -0.02984 -0.02314 -0.00089 -0.01849 0.00927 0.07683 0.00103 0.03392 -0.02106 0.02355 -0.05347 0.00546 -0.06420 0.02384 -0.02066 0.03024 0.02192 -0.01091 0.01743 0.01325 -0.02151 -0.03399 0.07049
0.03919 0.05416 0.03380 -0.00261 -0.03059 0.03388 0.03590 0.02498 0.00295 -0.03917 -0.02882 0.05280 -0.00068 -0.01102 0.04841 -0.01088 0.07005 -0.07650 0.00443 -0.00401 0.88719 0.01031 0.02473 -0.05895 -0.00445 0.00752 -0.02553 0.00639 -0.02962 -0.01309 0.00838 0.00402 -0.01220 -0.03015 0.04233 0.04766 0.02050 0.01133 0.02767 -0.02468 -0.00387 -0.02908 0.03609 0.00785 -0.03706 -0.03696 0.01469 -0.03138 -0.01500 -0.07818
-0.00618 -0.03929 0.01015 0.00732 -0.02580 0.04197 0.03248 -0.00650 0.02406 -0.04069 -0.04874 0.01968 -0.02240 -0.04739 0.04955 0.00235 -0.00264 -0.00464 -0.01835 0.00946 -0.01031 0.59955 -0.04793 -0.01934 0.01145 -0.00401 0.02659 0.04345 -0.04259 -0.00171 0.04637 -0.00462 -0.01391 0.01974 -0.01013 0.06315 0.01575 0.03266 0.00482 0.00645 0.00930 -0.06057 -0.04402 0.02266 -0.02000 -0.02148 0.03557 0.00128 -0.05756 -0.08545
0.00192 -0.00146 0.00552 -0.02043 0.01451 0.04503 0.05071 -0.02013 0.02513 0.02834 -0.01341 -0.01179 0.03795 -0.00281 0.00846 -0.00078 -0.01430 0.01839 -0.01517 0.00293 -0.02473 0.04793 0.56319 0.01168 0.02104 -0.00235 -0.00203 0.03752 0.00703 0.01666 0.02516 0.00788 -0.00413 0.01091 -0.05547 -0.02535 0.02928 -0.00165 -0.02792 -0.00137 -0.04155 0.01909 -0.01753 0.02095 0.01935 0.02374 -0.02581 -0.03510 0.01093 0.03760
0.02343 0.00104 -0.00287 0.09479 -0.00382 -0.01046 -0.03135 0.01041 0.00900 -0.05997 0.02853 0.03019 -0.03142 0.00510 0.01434 0.02146 -0.00099 -0.00765 0.01313 -0.02497 0.05895 0.01934 -0.01168 0.35139 0.00536 0.03775 0.04585 0.00620 0.03513 0.01243 0.00616 -0.04617 -0.03681 -0.00339 0.07187 0.03033 -0.00996 0.00335 0.00750 0.03215 -0.00458 0.01089 -0.00500 -0.04595 -0.05218 -0.04005 -0.03112 0.02681 0.05545 -0.03018
-0.01496 0.00005 -0.02230 -0.00295 0.03696 -0.08273 -0.00501 -0.02868 -0.02276 0.00724 0.03455 -0.02767 -0.02499 -0.02694 -0.03935 0.04183 -0.01449 0.02379 0.00018 0.04380 0.00445 -0.01145 -0.02104 -0.00536 0.86060 -0.00630 0.03563 0.04045 0.02047 -0.01055 0.04243 0.03150 -0.04289 0.01810 -0.00923 -0.02826 -0.03853 -0.03516 0.00405 0.00397 -0.05594 -0.05741 0.01867 -0.04445 -0.01510 0.02727 -0.03392 -0.00228 0.02164 0.01248
0.03099 0.06523 0.04677 -0.00431 -0.02827 0.04787 0.01012 0.01965 -0.00234 -0.03099 -0.03541 0.03159 -0.01558 -0.05801 0.02529 -0.01602 0.05656 -0.08616 -0.00136 0.02748 -0.00752 0.00401 0.00235 -0.03775 0.00630 0.79437 -0.02269 0.00142 -0.02726 -0.00490 0.05438 0.00984 -0.02673 -0.02713 0.04282 0.04088 0.00374 0.04852 0.05271 -0.02143 -0.03231 -0.02404 0.03601 0.00783 -0.04079 -0.02197 0.02248 -0.03015 -0.00073 -0.07143
0.00459 0.03043 0.02186 0.01033 0.01967 -0.03574 0.01546 -0.00880 -0.01474 0.01378 0.02933 -0.02263 0.02793 -0.00332 0.00614 0.03238 0.05565 0.04431 0.03224 0.04557 0.02553 -0.02659 0.00203 -0.04585 -0.03563 0.02269 0.48082 -0.08650 -0.02447 -0.01532 0.00645 0.01583 0.00053 0.01860 0.03947 -0.03305 -0.02401 -0.00642 -0.01551 -0.08167 0.05435 -0.00372 -0.00144 -0.05347 -0.03246 -0.00155 0.08441 0.02419 -0.07467 0.01361
-0.04711 -0.02209 -0.01644 0.03008 0.02084 -0.04221 0.02701 -0.02817 -0.00480 0.01543 0.03691 -0.04350 -0.03659 0.00925 -0.01194 0.03444 -0.01163 0.05361 0.00205 0.02984 -0.00639 -0.04345 -0.03752 -0.00620 -0.04045 -0.00142 0.08650 0.67656 0.02100 -0.00909 -0.01591 0.00649 -0.00765 0.02605 0.04836 -0.01935 -0.02089 0.01234 -0.01592 0.02551 0.07460 -0.06420 -0.03862 -0.05579 0.03111 0.03606 0.05693 0.03014 -0.02612 0.00157
0.00448 0.04903 0.00610 0.08127 0.01538 -0.04413 0.03571 0.06311 -0.02121 -0.05497 -0.00738 -0.02547 0.00578 0.02023 -0.00531 0.03701 0.03148 -0.00457 0.01646 0.02314 0.02962 0.04259 -0.00703 -0.03513 -0.02047 0.02726 0.02447 -0.02100 0.50083 -0.00161 -0.00183 -0.02609 -0.03617 -0.00200 0.02757 -0.00447 -0.03522 -0.03185 0.00785 -0.01137 0.00440 0.01878 0.00140 -0.02626 -0.04837 0.02709 0.02836 0.01486 -0.04450 -0.06067
0.02193 0.00228 0.02762 -0.01367 0.00944 -0.08968 -0.03583 -0.01334 0.00529 -0.00710 0.03618 -0.02330 -0.03190 -0.00525 0.04136 0.04528 -0.01161 0.04204 0.03393 0.00089 0.01309 0.00171 -0.01666 -0.01243 0.01055 0.00490 0.01532 0.00909 0.00161 1.02414 -0.00390 -0.00574 -0.02630 0.03125 0.00656 -0.01029 -0.02256 -0.04381 -0.07654 -0.01303 -0.01288 0.03822 -0.00846 -0.03095 0.01268 0.02218 0.00133 0.04895 -0.03198 0.00930
-0.03229 -0.00515 -0.04383 -0.08492 0.07026 -0.07375 0.01316 -0.00621 -0.02315 0.02018 0.04332 -0.05640 -0.01045 -0.01827 -0.06002 0.02270 -0.04217 0.04285 0.00009 0.01849 -0.00838 -0.04637 -0.02516 -0.00616 -0.04243 -0.05438 -0.00645 0.01591 0.00183 0.00390 0.83623 -0.00832 -0.04181 -0.01738 0.00956 -0.03057 -0.04018 0.02056 -0.00137 0.02141 -0.02107 -0.05334 -0.06160 -0.01022 0.03262 0.03989 -0.01694 0.05479 -0.01122 0.04199
-0.00603 -0.02475 -0.01242 0.04946 0.00969 -0.05921 -0.00358 0.00711 0.00143 0.02397 0.00737 0.00539 -0.03908 0.02276 0.02155 0.00167 0.01133 -0.00464 0.01735 -0.00927 -0.00402 0.00462 -0.00788 0.04617 -0.03150 -0.00984 -0.01583 -0.00649 0.02609 0.00574 0.00832 0.50773 0.05812 -0.00896 0.07991 -0.00126 0.04161 -0.02684 0.01661 -0.00031 0.00873 -0.01909 0.02670 0.00026 0.02230 0.02615 -0.04164 -0.02549 0.02691 -0.02336
-0.03370 -0.00518 -0.01904 -0.04765 0.00706 0.03461 -0.03185 0.02392 0.01834 -0.01904 0.00853 0.02571 0.01992 -0.04345 -0.00416 -0.06527 -0.00856 -0.01739 -0.00857 -0.07683 0.01220 0.01391 0.00413 0.03681 0.04289 0.02673 -0.00053 0.00765 0.03617 0.02630 0.04181 -0.05812 0.67075 0.02558 -0.07684 -0.01182 -0.04372 -0.02087 -0.03535 0.01422 -0.05657 0.07028 -0.02058 0.00326 -0.00612 -0.00501 -0.00506 0.01248 0.01349 0.02304
-0.00065 0.00369 0.01009 -0.00282 0.02528 -0.10874 0.00078 -0.00017 0.00015 -0.02480 0.00797 -0.02237 -0.00636 0.01055 -0.01843 0.01474 -0.00468 0.02251 0.01509 -0.00103 0.03015 -0.01974 -0.01091 0.00339 -0.01810 0.02713 -0.01860 -0.02605 0.00200 -0.03125 0.01738 0.00896 -0.02558 0.47211 -0.01658 -0.02560 -0.02607 -0.01266 0.00503 -0.01486 0.01063 -0.00519 0.00615 -0.01154 -0.00112 0.00894 0.00683 0.03762 -0.02135 0.01627
0.01707 0.06558 -0.00509 -0.09078 -0.00700 0.02277 -0.01014 0.03827 -0.01998 -0.03191 -0.01488 -0.00092 0.02645 -0.06410 0.04483 -0.03686 0.05140 -0.01451 0.00451 -0.03392 -0.04233 0.01013 0.05547 -0.07187 0.00923 -0.04282 -0.03947 -0.04836 -0.02757 -0.00656 -0.00956 -0.07991 0.07684 0.01658 0.56109 0.04405 -0.00487 0.01691 0.03555 -0.02780 -0.00932 0.02848 0.03149 0.00711 -0.05627 0.01548 0.05372 0.02721 -0.03890 -0.00648
-0.11437 -0.01625 -0.00470 -0.00449 0.05432 0.02226 -0.01537 -0.02877 0.02967 -0.03604 0.01583 -0.01224 -0.03010 -0.04618 -0.06215 0.02609 0.00673 -0.00302 -0.04782 0.02106 -0.04766 -0.06315 0.02535 -0.03033 0.02826 -0.04088 0.03305 0.01935 0.00447 0.01029 0.03057 0.00126 0.01182 0.02560 -0.04405 0.16496 0.03736 -0.03267 -0.01865 0.01548 -0.01508 -0.04871 -0.03667 -0.01551 -0.01138 0.08954 -0.00872 0.00781 0.07085 -0.00167
0.00817 -0.00028 -0.00477 -0.03491 0.05072 -0.07608 -0.00934 -0.03978 0.00441 0.02832 0.04450 0.02032 0.00566 -0.00127 -0.02789 -0.01377 0.00149 0.03466 0.03341 -0.02355 -0.02050 -0.01575 -0.02928 0.00996 0.03853 -0.00374 0.02401 0.02089 0.03522 0.02256 0.04018 -0.04161 0.04372 0.02607 0.00487 -0.03736 0.88969 -0.00340 -0.03655 0.01124 0.01654 0.00567 -0.02173 -0.01684 0.03943 -0.00020 0.01307 -0.00078 0.00131 -0.01077
0.00474 0.01682 -0.02013 -0.05893 0.01163 0.06425 -0.00558 -0.03269 0.00449 0.01842 0.01769 -0.01197 0.00305 0.03284 0.03513 0.00971 -0.00142 0.02719 0.01454 0.05347 -0.01133 -0.03266 0.00165 -0.00335 0.03516 -0.04852 0.00642 -0.01234 0.03185 0.04381 -0.02056 0.02684 0.02087 0.01266 -0.01691 0.03267 0.00340 0.02296 -0.00210 -0.00982 0.02640 0.01728 -0.01474 -0.01282 0.00828 0.01760 0.01385 -0.00233 0.01112 0.05033
-0.01991 -0.00533 -0.00649 -0.02140 0.01340 0.09638 0.03850 0.02206 0.05458 0.01684 0.03275 -0.02107 0.02028 -0.00542 -0.00107 -0.00260 -0.01593 0.02077 -0.01378 -0.00546 -0.02767 -0.00482 0.02792 -0.00750 -0.00405 -0.05271 0.01551 0.01592 -0.00785 0.07654 0.00137 -0.01661 0.03535 -0.00503 -0.03555 0.01865 0.03655 0.00210 0.30149 0.02712 -0.01582 -0.00292 -0.01404 0.00883 0.01463 0.03577 -0.02672 -0.04759 0.03786 0.02507
-0.01025 0.04500 0.01378 0.03120 0.01481 -0.00093 0.03427 -0.02234 0.02318 -0.01016 0.02594 0.00560 0.03028 0.02401 -0.03805 0.03401 -0.01142 0.04660 0.01599 0.06420 0.02468 -0.00645 0.00137 -0.03215 -0.00397 0.02143 0.08167 -0.02551 0.01137 0.01303 -0.02141 0.00031 -0.01422 0.01486 0.02780 -0.01548 -0.01124 0.00982 -0.02712 0.45382 0.05560 -0.01844 -0.02685 -0.06329 -0.00061 0.02351 0.04006 -0.00210 -0.00574 -0.00116
0.02170 0.02759 0.01392 -0.08055 -0.00642 0.04010 -0.05258 0.01642 0.00154 -0.02780 -0.00253 0.00428 0.07259 -0.07022 0.02427 -0.03772 0.03934 -0.04499 0.01540 -0.02384 0.00387 -0.00930 0.04155 0.00458 0.05594 0.03231 -0.05435 -0.07460 -0.00440 0.01288 0.02107 -0.00873 0.05657 -0.01063 0.00932 0.01508 -0.01654 -0.02640 0.01582 -0.05560 0.64724 0.04352 0.04062 0.01056 -0.03512 -0.03532 0.00414 0.01835 -0.00901 0.01953
0.03601 0.01468 0.04122 -0.00464 -0.04906 0.06663 -0.06369 -0.02183 0.03201 -0.05569 -0.07727 0.03995 -0.02493 -0.03485 0.02107 -0.00506 0.00346 -0.04215 -0.05873 0.02066 0.02908 0.06057 -0.01909 -0.01089 0.05741 0.02404 0.00372 0.06420 -0.01878 -0.03822 0.05334 0.01909 -0.07028 0.00519 -0.02848 0.04871 -0.00567 -0.01728 0.00292 0.01844 -0.04352 0.50247 -0.02062 -0.01164 -0.06533 -0.00593 -0.02298 0.02853 -0.00699 -0.07483
-0.00326 0.01450 -0.03986 0.03584 -0.05100 -0.04927 -0.01985 0.03296 0.06020 -0.02799 -0.04779 0.02871 -0.02234 0.01762 0.02522 -0.05764 0.00768 -0.00552 0.00689 -0.03024 -0.03609 0.04402 0.01753 0.00500 -0.01867 -0.03601 0.00144 0.03862 -0.00140 0.00846 0.06160 -0.02670 0.02058 -0.00615 -0.03149 0.03667 0.02173 0.01474 0.01404 0.02685 -0.04062 0.02062 0.49025 0.03853 -0.04347 -0.01460 -0.03195 -0.02066 0.01659 -0.03044
0.01248 -0.01244 -0.04365 -0.01815 -0.01532 0.07053 -0.06394 -0.04387 0.05840 0.01317 0.02360 0.00301 -0.02899 0.01130 -0.00870 -0.01897 -0.03436 0.01507 -0.03708 -0.02192 -0.00785 -0.02266 -0.02095 0.04595 0.04445 -0.00783 0.05347 0.05579 0.02626 0.03095 0.01022 -0.00026 -0.00326 0.01154 -0.00711 0.01551 0.01684 0.01282 -0.00883 0.06329 -0.01056 0.01164 -0.03853 0.15994 0.05930 -0.01470 -0.04989 0.02742 0.03557 0.01309
0.01186 0.00277 0.02382 0.06349 0.00036 -0.02923 -0.02443 -0.00806 -0.01303 -0.00344 0.02828 0.02502 -0.00231 0.00310 0.01173 0.00910 0.01203 -0.00091 0.02692 0.01091 0.03706 0.02000 -0.01935 0.05218 0.01510 0.04079 0.03246 -0.03111 0.04837 -0.01268 -0.03262 -0.02230 0.00612 0.00112 0.05627 0.01138 -0.03943 -0.00828 -0.01463 0.00061 0.03512 0.06533 0.04347 -0.05930 0.52829 -0.01248 0.01860 -0.00919 0.00342 -0.00726
-0.02685 -0.01796 0.01286 -0.01168 0.04243 -0.01396 0.03007 -0.00114 -0.00849 0.02249 0.04111 -0.03124 0.03395 0.02149 -0.01804 0.01971 -0.02269 0.05111 -0.00404 -0.01743 0.03696 0.02148 -0.02374 0.04005 -0.02727 0.02197 0.00155 -0.03606 -0.02709 -0.02218 -0.03989 -0.02615 0.00501 -0.00894 -0.01548 -0.08954 0.00020 -0.01760 -0.03577 -0.02351 0.03532 0.00593 0.01460 0.01470 0.01248 0.46355 0.03320 0.02302 -0.09164 0.05594
-0.01318 -0.04055 0.00500 -0.06552 0.00723 0.08475 -0.04965 -0.01577 0.00084 0.01492 -0.02884 -0.02181 0.00327 -0.06009 0.00173 0.01278 0.03623 -0.04124 -0.02777 -0.01325 -0.01469 -0.03557 0.02581 0.03112 0.03392 -0.02248 -0.08441 -0.05693 -0.02836 -0.00133 0.01694 0.04164 0.00506 -0.00683 -0.05372 0.00872 -0.01307 -0.01385 0.02672 -0.04006 -0.00414 0.02298 0.03195 0.04989 -0.01860 -0.03320 0.69966 0.05873 -0.02742 0.00593
0.02343 0.04119 -0.01088 -0.03271 -0.02314 -0.06262 0.00314 -0.02306 -0.00284 0.00073 0.01812 -0.04377 0.02975 0.04942 -0.03226 0.01690 -0.01273 -0.02813 0.00219 0.02151 0.03138 -0.00128 0.03510 -0.02681 0.00228 0.03015 -0.02419 -0.03014 -0.01486 -0.04895 -0.05479 0.02549 -0.01248 -0.03762 -0.02721 -0.00781 0.00078 0.00233 0.04759 0.00210 -0.01835 -0.02853 0.02066 -0.02742 0.00919 -0.02302 -0.05873 0.72772 0.03119 0.04751
-0.06638 0.08894 0.02750 0.07885 0.06603 -0.00563 0.07025 0.02672 -0.01225 -0.00212 0.03392 0.00823 0.03097 0.03726 0.00015 0.04630 0.01533 0.03624 0.01296 0.03399 0.01500 0.05756 -0.01093 -0.05545 -0.02164 0.00073 0.07467 0.02612 0.04450 0.03198 0.01122 -0.02691 -0.01349 0.02135 0.03890 -0.07085 -0.00131 -0.01112 -0.03786 0.00574 0.00901 0.00699 -0.01659 -0.03557 -0.00342 0.09164 0.02742 -0.03119 0.56552 -0.02738
0.06828 -0.01341 0.04811 0.08992 -0.03130 0.04283 -0.00719 -0.00330 0.02199 0.00381 -0.03933 0.07866 0.00585 0.06433 0.03588 0.01824 0.01400 -0.01741 0.01237 -0.07049 0.07818 0.08545 -0.03760 0.03018 -0.01248 0.07143 -0.01361 -0.00157 0.06067 -0.00930 -0.04199 0.02336 -0.02304 -0.01627 0.00648 0.00167 0.01077 -0.05033 -0.02507 0.00116 -0.01953 0.07483 0.03044 -0.01309 0.00726 -0.05594 -0.00593 -0.04751 0.02738 0.00000
