0.23203 0.03906 -0.00450 0.07548 0.03846 -0.03906 -0.00839 -0.02750 -0.00250 -0.00054 -0.01426 -0.03423 -0.00341 0.01499 -0.01062 0.00643 0.01888 -0.01445 0.04547 -0.05425 0.02181 0.02407 0.00480 -0.05093 0.01966 0.02205 -0.01535 -0.05041 0.07468 0.04730 0.00987 -0.04444 0.00678 -0.01104 -0.06299 0.02045 -0.02429 0.00719 0.01078 0.03663 -0.07635 -0.04831 -0.06507 -0.09133 -0.08025 0.03059 0.03109 -0.01624 0.02707 0.02263
-0.03906 0.63662 -0.05092 0.03501 0.05682 0.03785 0.04049 0.00094 -0.02032 -0.03315 0.10712 -0.03069 0.07090 -0.02281 0.07105 0.08460 0.01347 0.01067 -0.02895 -0.05615 -0.07719 0.01862 0.01202 0.00975 -0.02469 -0.01640 -0.02691 -0.04330 0.01423 0.02787 0.00382 -0.00634 0.02706 -0.04699 -0.00045 0.05992 0.00264 -0.03371 -0.02062 0.05753 0.04872 -0.07015 -0.02258 -0.04278 0.02546 -0.03548 -0.00130 0.01119 -0.00138 -0.00947
0.00450 0.05092 0.14351 0.00464 0.02267 -0.05781 0.06233 -0.00990 0.07467 0.04153 -0.07039 -0.00385 0.05279 0.03855 0.05696 0.07558 0.05355 0.00590 0.05713 -0.03484 -0.03651 -0.02260 0.04107 -0.01910 -0.06612 0.00656 -0.00848 0.00493 0.08252 0.04758 0.01215 -0.01280 0.01602 -0.02898 -0.00224 0.06183 -0.05770 -0.03652 -0.05764 0.04267 -0.07249 -0.03417 -0.02190 -0.00828 -0.01307 -0.04990 0.04419 -0.03742 -0.06021 0.05339
-0.07548 -0.03501 -0.00464 0.66532 0.04102 -0.00188 -0.01250 -0.01416 0.01662 0.06102 0.07028 0.03971 -0.01793 0.04529 -0.02911 0.01493 -0.00106 -0.02109 -0.05462 0.03773 0.00743 0.07095 -0.01184 -0.08396 0.04821 -0.00719 -0.01650 0.00913 -0.03587 -0.01339 -0.01670 -0.01468 -0.03997 0.03488 0.06758 0.03216 0.03439 -0.03233 -0.02449 -0.01744 0.04349 0.04609 0.05313 -0.07024 -0.02977 0.02135 -0.04723 -0.01551 0.03279 0.00083
-0.03846 -0.05682 -0.02267 -0.04102 0.41902 -0.02062 -0.04555 -0.03257 0.01375 -0.01707 0.05253 -0.03533 -0.03724 0.00935 -0.05703 -0.04887 0.01170 -0.00468 -0.05784 0.03598 0.07380 -0.04214 0.01945 0.05098 -0.01825 -0.00878 0.05619 -0.01157 -0.02310 0.04316 0.04305 -0.00483 -0.01096 0.06934 -0.01294 -0.03171 -0.00964 0.03678 0.14942 -0.07897 0.03917 0.05576 0.05142 0.02391 -0.00530 0.02079 -0.05507 0.00916 -0.00593 -0.02484
0.03906 -0.03785 0.05781 0.00188 0.02062 0.64221 -0.07153 0.03419 0.02930 0.05620 -0.04161 -0.02495 -0.04764 0.01157 0.01525 -0.00967 -0.00325 -0.03951 0.02834 -0.02575 -0.00894 -0.08088 -0.00405 -0.02145 -0.00226 0.03945 -0.00552 -0.02788 0.01302 0.02529 0.00742 0.06063 0.08243 0.01539 -0.03548 0.00145 -0.02085 0.03248 0.04724 -0.01786 -0.03285 0.03676 0.00281 0.00081 -0.03193 0.02238 -0.00961 -0.02179 -0.04995 0.05827
0.00839 -0.04049 -0.06233 0.01250 0.04555 0.07153 0.43868 -0.03050 -0.07730 -0.09490 0.03744 -0.02101 0.03528 -0.06946 -0.05504 -0.00777 -0.01604 0.02976 0.00179 -0.04701 0.04355 -0.02780 -0.01782 0.04492 -0.11392 -0.02326 0.05135 0.01375 -0.01449 0.04989 0.00890 -0.00562 -0.00466 0.00821 -0.03563 -0.04407 0.00257 -0.01119 0.08166 0.00307 0.02086 -0.00929 0.02692 -0.00757 0.02284 -0.06120 -0.00798 0.00119 -0.06475 -0.05461
0.02750 -0.00094 0.00990 0.01416 0.03257 -0.03419 0.03050 0.59917 0.02825 0.03225 -0.03257 -0.01026 -0.00164 0.00098 0.00460 0.05067 0.04804 -0.01072 0.04620 -0.04028 -0.00216 0.00805 0.05865 -0.03886 -0.00005 0.01828 -0.02364 -0.02986 0.05842 0.09262 0.00319 -0.02801 0.02788 0.01066 -0.05234 0.02885 -0.04496 -0.04123 0.01365 0.07274 -0.05724 -0.04653 -0.03994 -0.02619 -0.00673 0.03309 0.04490 -0.04235 0.05893 0.04684
0.00250 0.02032 -0.07467 -0.01662 -0.01375 -0.02930 0.07730 -0.02825 0.80261 -0.06276 0.02422 -0.00924 0.05163 0.02264 -0.03824 -0.03884 0.02011 -0.04306 -0.00395 0.01360 0.01576 0.01168 0.01281 0.01157 -0.02347 -0.03935 0.05590 0.01702 -0.00940 -0.01642 -0.00356 -0.04415 0.00493 0.06570 0.00216 -0.02762 0.00276 -0.05969 0.02590 -0.05457 0.02444 0.06115 -0.01082 0.01457 0.01614 -0.04452 0.02360 -0.06308 -0.05895 -0.02170
0.00054 0.03315 -0.04153 -0.06102 0.01707 -0.05620 0.09490 -0.03225 0.06276 0.27782 -0.02882 -0.06665 0.08240 -0.02691 0.00501 0.04551 0.01105 0.05233 0.02997 -0.02785 0.01849 -0.14970 -0.00291 0.04680 -0.09104 -0.00456 0.00453 0.01133 0.03934 0.01429 0.00454 0.00111 0.01425 0.03901 -0.06048 0.03295 0.01520 0.05116 0.01445 0.03199 -0.03717 -0.07205 -0.06553 -0.00577 0.00634 -0.09069 0.02292 0.02010 -0.13400 0.02833
0.01426 -0.10712 0.07039 -0.07028 -0.05253 0.04161 -0.03744 0.03257 -0.02422 0.02882 0.96628 -0.04254 -0.02292 -0.01851 -0.00083 -0.02858 -0.01013 0.04707 -0.01969 0.01343 0.09089 -0.04090 -0.08236 0.04057 0.04109 0.00077 0.06876 0.04256 -0.00365 -0.01431 0.02300 0.04452 -0.02045 0.02449 0.03928 0.01566 -0.01286 0.02093 0.04580 0.05751 -0.06630 0.01476 0.04951 0.04015 0.04098 0.02207 -0.04570 0.01972 0.01441 0.00145
0.03423 0.03069 0.00385 -0.03971 0.03533 0.02495 0.02101 0.01026 0.00924 0.06665 0.04254 0.26257 0.00397 -0.05901 0.00691 -0.05812 -0.04024 0.05620 0.02103 0.00838 -0.03734 -0.07221 -0.08171 0.01292 -0.02415 -0.01397 0.00701 0.01888 0.00086 0.02956 0.01316 0.06317 0.00168 -0.03840 -0.07007 0.10774 0.04112 0.01614 -0.00749 0.06140 -0.01370 0.00399 0.01777 0.02255 0.05469 -0.03532 0.06354 -0.00428 -0.11471 0.02804
0.00341 -0.07090 -0.05279 0.01793 0.03724 0.04764 -0.03528 0.00164 -0.05163 -0.08240 0.02292 -0.00397 0.57339 -0.06238 0.00313 -0.00513 -0.03479 -0.02143 -0.01880 0.03095 -0.00337 0.02496 -0.06923 0.02033 -0.00994 -0.05129 -0.01632 0.00724 -0.02557 0.00849 -0.02326 0.02580 -0.00119 0.00548 0.01927 0.00812 0.03040 -0.06659 0.03675 -0.02448 0.04081 0.06260 -0.00950 -0.01710 0.02233 -0.01269 -0.05060 0.00353 0.03682 0.03788
-0.01499 0.02281 -0.03855 -0.04529 -0.00935 -0.01157 0.06946 -0.00098 -0.02264 0.02691 0.01851 0.05901 0.06238 0.16863 -0.02655 -0.00298 -0.01896 0.04809 -0.01721 0.05419 -0.03602 -0.01772 0.00340 -0.01291 -0.01642 -0.07865 0.07869 0.01650 -0.00594 0.01352 0.00106 0.01748 0.02394 -0.02163 0.04146 -0.02020 -0.02704 -0.05884 -0.05298 0.01040 0.02733 0.07375 0.03069 0.07636 0.08486 -0.06839 -0.01202 0.01659 -0.05156 -0.00557
0.01062 -0.07105 -0.05696 0.02911 0.05703 -0.01525 0.05504 -0.00460 0.03824 -0.00501 0.00083 -0.00691 -0.00313 0.02655 0.68902 0.04173 0.03924 -0.03103 -0.01940 0.01836 -0.04918 -0.00716 0.02543 -0.01333 -0.03508 -0.01167 0.01408 -0.03965 0.01927 0.08404 -0.01785 -0.03345 0.03819 -0.00106 0.02267 0.08029 -0.01588 -0.05670 0.04667 -0.00870 0.03731 0.00127 0.03614 -0.04402 -0.01099 -0.04274 0.00592 -0.07382 -0.02679 -0.01209
-0.00643 -0.08460 -0.07558 -0.01493 0.04887 0.00967 0.00777 -0.05067 0.03884 -0.04551 0.02858 0.05812 0.00513 0.00298 -0.04173 0.31813 -0.00648 -0.00796 -0.02195 -0.04948 -0.00097 0.05001 -0.05799 -0.02914 0.00339 -0.02563 0.06524 0.04468 -0.00801 0.08788 0.00059 0.01536 -0.00579 -0.00193 0.01808 -0.03060 0.00429 -0.08968 0.03083 -0.06769 0.02170 0.02047 0.03404 0.01115 0.06493 0.01119 0.02861 -0.00352 0.06684 0.02596
-0.01888 -0.01347 -0.05355 0.00106 -0.01170 0.00325 0.01604 -0.04804 -0.02011 -0.01105 0.01013 0.04024 0.03479 0.01896 -0.03924 0.00648 1.02725 -0.00172 -0.00411 0.03443 -0.02127 -0.00936 -0.01068 -0.00999 0.00498 -0.01014 -0.02256 -0.03293 0.00031 0.02983 -0.01813 -0.02271 -0.02420 0.02211 0.04131 -0.01266 -0.01398 -0.01606 0.02032 -0.01506 0.02621 0.01759 -0.01670 -0.01167 -0.02579 -0.03126 -0.01470 -0.00274 0.01973 -0.00908
0.01445 -0.01067 -0.00590 0.02109 0.00468 0.03951 -0.02976 0.01072 0.04306 -0.05233 -0.04707 -0.05620 0.02143 -0.04809 0.03103 0.00796 0.00172 0.72349 0.00239 -0.01422 -0.02234 -0.05415 -0.01695 0.02132 -0.05924 0.02921 -0.01634 -0.00270 0.02083 -0.00397 0.01120 0.04384 0.05562 0.04346 -0.02969 0.00030 0.01525 0.12488 0.00374 0.01648 -0.00930 -0.02001 -0.00209 -0.00410 -0.01626 -0.00680 0.01283 0.02681 -0.12847 -0.02213
-0.04547 0.02895 -0.05713 0.05462 0.05784 -0.02834 -0.00179 -0.04620 0.00395 -0.02997 0.01969 -0.02103 0.01880 0.01721 0.01940 0.02195 0.00411 -0.00239 1.02570 -0.04026 -0.04004 0.06364 0.02970 -0.04546 -0.02415 -0.05204 -0.01603 -0.03699 -0.00886 -0.00226 -0.06807 -0.06094 0.03736 -0.04211 -0.02903 0.01177 0.02494 -0.03370 -0.05652 -0.01859 0.03604 -0.00131 0.00345 -0.03644 -0.02717 -0.02212 0.04422 -0.06102 -0.01780 0.01896
0.05425 0.05615 0.03484 -0.03773 -0.03598 0.02575 0.04701 0.04028 -0.01360 0.02785 -0.01343 -0.00838 -0.03095 -0.05419 -0.01836 0.04948 -0.03443 0.01422 0.04026 0.53268 -0.01031 0.00653 0.07818 0.07427 -0.03130 0.01619 0.00035 -0.02681 -0.03408 0.01220 -0.04900 -0.00333 -0.02442 -0.05980 -0.04381 0.05916 0.02923 0.01308 0.05616 0.02665 -0.03287 -0.06920 -0.02322 -0.02094 0.00148 -0.04722 0.01202 0.03940 0.02772 -0.05586
-0.02181 0.07719 0.03651 -0.00743 -0.07380 0.00894 -0.04355 0.00216 -0.01576 -0.01849 -0.09089 0.03734 0.00337 0.03602 0.04918 0.00097 0.02127 0.02234 0.04004 0.01031 0.66020 0.05749 -0.01822 -0.00718 0.00302 0.02749 -0.05001 0.04077 -0.01705 -0.08127 0.01628 -0.00445 -0.05473 0.05170 0.03317 -0.04557 0.01458 0.02076 -0.03771 0.03833 -0.03068 -0.00225 -0.01697 0.04282 0.01441 0.06486 0.00269 0.05126 0.05929 0.02183
-0.02407 -0.01862 0.02260 -0.07095 0.04214 0.08088 0.02780 -0.00805 -0.01168 0.14970 0.04090 0.07221 -0.02496 0.01772 0.00716 -0.05001 0.00936 0.05415 -0.06364 -0.00653 -0.05749 0.23270 -0.03358 -0.03661 0.08916 -0.05734 0.06124 0.06997 -0.03644 0.05150 0.03291 0.07353 -0.02932 -0.02328 0.04896 -0.00792 0.03489 -0.05146 -0.03650 -0.04045 0.04331 0.04650 0.05391 0.03959 0.08237 0.04047 -0.00223 -0.02751 0.03137 0.04489
-0.00480 -0.01202 -0.04107 0.01184 -0.01945 0.00405 0.01782 -0.05865 -0.01281 0.00291 0.08236 0.08171 0.06923 -0.00340 -0.02543 0.05799 0.01068 0.01695 -0.02970 -0.07818 0.01822 0.03358 0.45960 -0.08367 0.03435 -0.04038 0.00594 0.04368 0.01611 0.03529 -0.00275 0.00452 0.03967 -0.00710 0.01317 -0.09555 -0.03870 -0.04122 -0.03683 0.02262 0.00666 -0.04292 0.03623 0.06742 0.00670 -0.00486 0.05701 -0.00178 0.01177 0.04324
0.05093 -0.00975 0.01910 0.08396 -0.05098 0.02145 -0.04492 0.03886 -0.01157 -0.04680 -0.04057 -0.01292 -0.02033 0.01291 0.01333 0.02914 0.00999 -0.02132 0.04546 -0.07427 0.00718 0.03661 0.08367 0.07766 0.00041 0.06495 0.00902 -0.05249 0.00129 0.01414 -0.00966 -0.02975 0.03330 0.03735 -0.04639 -0.03045 -0.02901 0.00360 0.05477 -0.01073 -0.03313 -0.03499 0.02735 -0.05452 -0.08889 0.06596 0.03778 0.00832 0.12613 -0.02099
-0.01966 0.02469 0.06612 -0.04821 0.01825 0.00226 0.11392 0.00005 0.02347 0.09104 -0.04109 0.02415 0.00994 0.01642 0.03508 -0.00339 -0.00498 0.05924 0.02415 0.03130 -0.00302 -0.08916 -0.03435 -0.00041 0.12727 -0.02478 -0.02641 0.02873 -0.00620 0.02153 -0.02134 0.06949 -0.00906 0.00523 0.00525 0.01300 0.01450 0.01054 -0.08724 0.05166 -0.00315 -0.01539 -0.04515 0.02470 -0.02202 -0.01927 0.02742 0.00600 -0.15133 0.05827
-0.02205 0.01640 -0.00656 0.00719 0.00878 -0.03945 0.02326 -0.01828 0.03935 0.00456 -0.00077 0.01397 0.05129 0.07865 0.01167 0.02563 0.01014 -0.02921 0.05204 -0.01619 -0.02749 0.05734 0.04038 -0.06495 0.02478 0.13639 -0.01492 0.01046 0.03536 0.02064 -0.00401 0.00330 0.00374 -0.00050 -0.00843 0.00779 -0.04031 -0.07909 -0.03871 0.03693 -0.05231 -0.00577 0.00238 0.01175 0.00395 0.03140 0.04439 -0.02765 0.03492 0.06412
0.01535 0.02691 0.00848 0.01650 -0.05619 0.00552 -0.05135 0.02364 -0.05590 -0.00453 -0.06876 -0.00701 0.01632 -0.07869 -0.01408 -0.06524 0.02256 0.01634 0.01603 -0.00035 0.05001 -0.06124 -0.00594 -0.00902 0.02641 0.01492 0.62164 0.03171 -0.02271 -0.03277 0.00102 0.00715 0.09409 0.00952 -0.04631 -0.05415 0.00066 0.06820 -0.03290 0.03191 0.01924 -0.02219 -0.02546 0.05805 -0.02059 0.02313 0.02096 0.03752 -0.11364 0.04373
0.05041 0.04330 -0.00493 -0.00913 0.01157 0.02788 -0.01375 0.02986 -0.01702 -0.01133 -0.04256 -0.01888 -0.00724 -0.01650 0.03965 -0.04468 0.03293 0.00270 0.03699 0.02681 -0.04077 -0.06997 -0.04368 0.05249 -0.02873 -0.01046 -0.03171 0.60828 0.02605 -0.02864 0.03818 0.01802 0.06092 0.00736 -0.06404 0.01654 0.01637 0.02683 0.02132 0.03012 -0.07278 0.03422 -0.02500 0.02405 0.01757 -0.03015 -0.02792 -0.02873 -0.09616 0.05431
-0.07468 -0.01423 -0.08252 0.03587 0.02310 -0.01302 0.01449 -0.05842 0.00940 -0.03934 0.00365 -0.00086 0.02557 0.00594 -0.01927 0.00801 -0.00031 -0.02083 0.00886 0.03408 0.01705 0.03644 -0.01611 -0.00129 0.00620 -0.03536 0.02271 -0.02605 1.03659 0.02688 -0.03164 -0.02238 -0.02641 0.01972 0.04398 -0.00535 -0.00560 -0.02728 0.00522 -0.00123 0.03589 -0.00251 -0.03146 -0.02888 -0.03235 -0.03589 -0.02547 -0.03020 0.01035 -0.00874
-0.04730 -0.02787 -0.04758 0.01339 -0.04316 -0.02529 -0.04989 -0.09262 0.01642 -0.01429 0.01431 -0.02956 -0.00849 -0.01352 -0.08404 -0.08788 -0.02983 0.00397 0.00226 -0.01220 0.08127 -0.05150 -0.03529 -0.01414 -0.02153 -0.02064 0.03277 0.02864 -0.02688 0.53177 -0.04035 0.01578 -0.01396 0.02298 -0.00291 -0.06144 -0.02726 0.03657 0.02134 -0.07894 0.01819 0.00329 0.02110 -0.01556 -0.02031 0.00187 -0.01718 0.00490 -0.08543 0.00526
-0.00987 -0.00382 -0.01215 0.01670 -0.04305 -0.00742 -0.00890 -0.00319 0.00356 -0.00454 -0.02300 -0.01316 0.02326 -0.00106 0.01785 -0.00059 0.01813 -0.01120 0.06807 0.04900 -0.01628 -0.03291 0.00275 0.00966 0.02134 0.00401 -0.00102 -0.03818 0.03164 0.04035 1.01923 -0.00902 -0.00515 -0.00196 0.02269 0.04430 -0.05587 -0.02009 -0.01941 0.05584 -0.06257 0.00587 -0.03317 0.01124 -0.03911 -0.00567 0.00782 -0.01925 -0.00768 0.02661
0.04444 0.00634 0.01280 0.01468 0.00483 -0.06063 0.00562 0.02801 0.04415 -0.00111 -0.04452 -0.06317 -0.02580 -0.01748 0.03345 -0.01536 0.02271 -0.04384 0.06094 0.00333 0.00445 -0.07353 -0.00452 0.02975 -0.06949 -0.00330 -0.00715 -0.01802 0.02238 -0.01578 0.00902 0.31001 0.00873 -0.01886 -0.04027 0.06351 -0.02344 0.02639 0.01074 0.00932 -0.03745 -0.01417 -0.02266 -0.02845 -0.05388 -0.04663 0.01208 -0.02407 -0.07245 -0.01027
-0.00678 -0.02706 -0.01602 0.03997 0.01096 -0.08243 0.00466 -0.02788 -0.00493 -0.01425 0.02045 -0.00168 0.00119 -0.02394 -0.03819 0.00579 0.02420 -0.05562 -0.03736 0.02442 0.05473 0.02932 -0.03967 -0.03330 0.00906 -0.00374 -0.09409 -0.06092 0.02641 0.01396 0.00515 -0.00873 0.60129 -0.08776 0.03068 0.03239 -0.00967 0.00833 -0.08416 0.05748 0.06261 -0.02880 -0.03103 -0.03526 -0.01940 -0.02817 -0.02821 0.01131 0.02689 -0.02704
0.01104 0.04699 0.02898 -0.03488 -0.06934 -0.01539 -0.00821 -0.01066 -0.06570 -0.03901 -0.02449 0.03840 -0.00548 0.02163 0.00106 0.00193 -0.02211 -0.04346 0.04211 0.05980 -0.05170 0.02328 0.00710 -0.03735 -0.00523 0.00050 -0.00952 -0.00736 -0.01972 -0.02298 0.00196 0.01886 0.08776 0.36760 -0.01713 -0.06001 0.05048 -0.07242 0.02055 0.03995 -0.04751 0.08666 0.01769 0.05920 0.06139 0.03836 -0.07592 -0.00553 0.04790 0.05502
0.06299 0.00045 0.00224 -0.06758 0.01294 0.03548 0.03563 0.05234 -0.00216 0.06048 -0.03928 0.07007 -0.01927 -0.04146 -0.02267 -0.01808 -0.04131 0.02969 0.02903 0.04381 -0.03317 -0.04896 -0.01317 0.04639 -0.00525 0.00843 0.04631 0.06404 -0.04398 0.00291 -0.02269 0.04027 -0.03068 0.01713 0.85887 -0.00198 0.03259 -0.02586 0.03901 -0.04426 -0.05634 0.03943 0.00685 0.05110 0.03024 -0.03783 -0.02063 0.03202 -0.02948 0.02617
-0.02045 -0.05992 -0.06183 -0.03216 0.03171 -0.00145 0.04407 -0.02885 0.02762 -0.03295 -0.01566 -0.10774 -0.00812 0.02020 -0.08029 0.03060 0.01266 -0.00030 -0.01177 -0.05916 0.04557 0.00792 0.09555 0.03045 -0.01300 -0.00779 0.05415 -0.01654 0.00535 0.06144 -0.04430 -0.06351 -0.03239 0.06001 0.00198 0.40896 -0.04611 0.01286 0.09477 -0.01890 0.04434 -0.06014 0.00579 -0.07016 -0.04575 -0.02295 0.02078 -0.02478 0.01938 -0.02418
0.02429 -0.00264 0.05770 -0.03439 0.00964 0.02085 -0.00257 0.04496 -0.00276 -0.01520 0.01286 -0.04112 -0.03040 0.02704 0.01588 -0.00429 0.01398 -0.01525 -0.02494 -0.02923 -0.01458 -0.03489 0.03870 0.02901 -0.01450 0.04031 -0.00066 -0.01637 0.00560 0.02726 0.05587 0.02344 0.00967 -0.05048 -0.03259 0.04611 0.95714 0.00084 -0.01914 -0.07322 -0.00756 -0.00002 -0.01291 0.00187 0.06627 0.04888 -0.00648 0.07258 0.02399 0.04969
-0.00719 0.03371 0.03652 0.03233 -0.03678 -0.03248 0.01119 0.04123 0.05969 -0.05116 -0.02093 -0.01614 0.06659 0.05884 0.05670 0.08968 0.01606 -0.12488 0.03370 -0.01308 -0.02076 0.05146 0.04122 -0.00360 -0.01054 0.07909 -0.06820 -0.02683 0.02728 -0.03657 0.02009 -0.02639 -0.00833 0.07242 0.02586 -0.01286 -0.00084 0.40494 0.00608 0.01878 -0.01313 -0.00147 -0.03914 0.00024 -0.03790 0.05245 -0.01408 0.00128 0.04332 0.04714
-0.01078 0.02062 0.05764 0.02449 -0.14942 -0.04724 -0.08166 -0.01365 -0.02590 -0.01445 -0.04580 0.00749 -0.03675 0.05298 -0.04667 -0.03083 -0.02032 -0.00374 0.05652 -0.05616 0.03771 0.03650 0.03683 -0.05477 0.08724 0.03871 0.03290 -0.02132 -0.00522 -0.02134 0.01941 -0.01074 0.08416 -0.02055 -0.03901 -0.09477 0.01914 -0.00608 0.24557 -0.03212 -0.04975 0.01958 0.01854 0.03863 0.01352 0.08184 0.01959 0.00958 0.15123 0.09313
-0.03663 -0.05753 -0.04267 0.01744 0.07897 0.01786 -0.00307 -0.07274 0.05457 -0.03199 -0.05751 -0.06140 0.02448 -0.01040 0.00870 0.06769 0.01506 -0.01648 0.01859 -0.02665 -0.03833 0.04045 -0.02262 0.01073 -0.05166 -0.03693 -0.03191 -0.03012 0.00123 0.07894 -0.05584 -0.00932 -0.05748 -0.03995 0.04426 0.01890 0.07322 -0.01878 0.03212 0.90939 -0.00559 -0.02201 -0.03837 -0.02290 0.01225 -0.06234 0.00169 -0.03999 0.08094 0.02162
0.07635 -0.04872 0.07249 -0.04349 -0.03917 0.03285 -0.02086 0.05724 -0.02444 0.03717 0.06630 0.01370 -0.04081 -0.02733 -0.03731 -0.02170 -0.02621 0.00930 -0.03604 0.03287 0.03068 -0.04331 -0.00666 0.03313 0.00315 0.05231 -0.01924 0.07278 -0.03589 -0.01819 0.06257 0.03745 -0.06261 0.04751 0.05634 -0.04434 0.00756 0.01313 0.04975 0.00559 1.00351 0.03197 0.05230 0.04419 0.01234 0.04216 -0.02667 0.06704 -0.01278 -0.04001
0.04831 0.07015 0.03417 -0.04609 -0.05576 -0.03676 0.00929 0.04653 -0.06115 0.07205 -0.01476 -0.00399 -0.06260 -0.07375 -0.00127 -0.02047 -0.01759 0.02001 0.00131 0.06920 0.00225 -0.04650 0.04292 0.03499 0.01539 0.00577 0.02219 -0.03422 0.00251 -0.00329 -0.00587 0.01417 0.02880 -0.08666 -0.03943 0.06014 0.00002 0.00147 -0.01958 0.02201 -0.03197 0.69913 -0.01397 0.02284 -0.00803 -0.06264 -0.00834 0.00539 -0.02157 -0.03654
0.06507 0.02258 0.02190 -0.05313 -0.05142 -0.00281 -0.02692 0.03994 0.01082 0.06553 -0.04951 -0.01777 0.00950 -0.03069 -0.03614 -0.03404 0.01670 0.00209 -0.00345 0.02322 0.01697 -0.05391 -0.03623 -0.02735 0.04515 -0.00238 0.02546 0.02500 0.03146 -0.02110 0.03317 0.02266 0.03103 -0.01769 -0.00685 -0.00579 0.01291 0.03914 -0.01854 0.03837 -0.05230 0.01397 0.87185 0.06745 0.05184 -0.01726 0.04456 -0.08053 -0.03003 -0.07805
0.09133 0.04278 0.00828 0.07024 -0.02391 -0.00081 0.00757 0.02619 -0.01457 0.00577 -0.04015 -0.02255 0.01710 -0.07636 0.04402 -0.01115 0.01167 0.00410 0.03644 0.02094 -0.04282 -0.03959 -0.06742 0.05452 -0.02470 -0.01175 -0.05805 -0.02405 0.02888 0.01556 -0.01124 0.02845 0.03526 -0.05920 -0.05110 0.07016 -0.00187 -0.00024 -0.03863 0.02290 -0.04419 -0.02284 -0.06745 0.25541 0.01471 -0.04091 0.03521 -0.00961 -0.05484 -0.01714
0.08025 -0.02546 0.01307 0.02977 0.00530 0.03193 -0.02284 0.00673 -0.01614 -0.00634 -0.04098 -0.05469 -0.02233 -0.08486 0.01099 -0.06493 0.02579 0.01626 0.02717 -0.00148 -0.01441 -0.08237 -0.00670 0.08889 0.02202 -0.00395 0.02059 -0.01757 0.03235 0.02031 0.03911 0.05388 0.01940 -0.06139 -0.03024 0.04575 -0.06627 0.03790 -0.01352 -0.01225 -0.01234 0.00803 -0.05184 -0.01471 0.50768 -0.01183 0.04439 -0.06356 0.00526 -0.06306
-0.03059 0.03548 0.04990 -0.02135 -0.02079 -0.02238 0.06120 -0.03309 0.04452 0.09069 -0.02207 0.03532 0.01269 0.06839 0.04274 -0.01119 0.03126 0.00680 0.02212 0.04722 -0.06486 -0.04047 0.00486 -0.06596 0.01927 -0.03140 -0.02313 0.03015 0.03589 -0.00187 0.00567 0.04663 0.02817 -0.03836 0.03783 0.02295 -0.04888 -0.05245 -0.08184 0.06234 -0.04216 0.06264 0.01726 0.04091 0.01183 0.27944 0.01117 -0.06514 -0.06445 0.04632
-0.03109 0.00130 -0.04419 0.04723 0.05507 0.00961 0.00798 -0.04490 -0.02360 -0.02292 0.04570 -0.06354 0.05060 0.01202 -0.00592 -0.02861 0.01470 -0.01283 -0.04422 -0.01202 -0.00269 0.00223 -0.05701 -0.03778 -0.02742 -0.04439 -0.02096 0.02792 0.02547 0.01718 -0.00782 -0.01208 0.02821 0.07592 0.02063 -0.02078 0.00648 0.01408 -0.01959 -0.00169 0.02667 0.00834 -0.04456 -0.03521 -0.04439 -0.01117 0.76874 -0.02393 -0.12782 0.01529
0.01624 -0.01119 0.03742 0.01551 -0.00916 0.02179 -0.00119 0.04235 0.06308 -0.02010 -0.01972 0.00428 -0.00353 -0.01659 0.07382 0.00352 0.00274 -0.02681 0.06102 -0.03940 -0.05126 0.02751 0.00178 -0.00832 -0.00600 0.02765 -0.03752 0.02873 0.03020 -0.00490 0.01925 0.02407 -0.01131 0.00553 -0.03202 0.02478 -0.07258 -0.00128 -0.00958 0.03999 -0.06704 -0.00539 0.08053 0.00961 0.06356 0.06514 0.02393 0.82350 0.05298 0.00300
-0.02707 0.00138 0.06021 -0.03279 0.00593 0.04995 0.06475 -0.05893 0.05895 0.13400 -0.01441 0.11471 -0.03682 0.05156 0.02679 -0.06684 -0.01973 0.12847 0.01780 -0.02772 -0.05929 -0.03137 -0.01177 -0.12613 0.15133 -0.03492 0.11364 0.09616 -0.01035 0.08543 0.00768 0.07245 -0.02689 -0.04790 0.02948 -0.01938 -0.02399 -0.04332 -0.15123 -0.08094 0.01278 0.02157 0.03003 0.05484 -0.00526 0.06445 0.12782 -0.05298 0.17538 0.17570
-0.02263 0.00947 -0.05339 -0.00083 0.02484 -0.05827 0.05461 -0.04684 0.02170 -0.02833 -0.00145 -0.02804 -0.03788 0.00557 0.01209 -0.02596 0.00908 0.02213 -0.01896 0.05586 -0.02183 -0.04489 -0.04324 0.02099 -0.05827 -0.06412 -0.04373 -0.05431 0.00874 -0.00526 -0.02661 0.01027 0.02704 -0.05502 -0.02617 0.02418 -0.04969 -0.04714 -0.09313 -0.02162 0.04001 0.03654 0.07805 0.01714 0.06306 -0.04632 -0.01529 -0.00300 -0.17570 0.84033
