0.44572 0.00558 -0.00001 0.01402 -0.07182 -0.00396 -0.00652 0.01223 -0.00638 -0.01592 -0.07674 0.02309 -0.04513 -0.04202 0.00434 -0.01874 0.03556 -0.03169 -0.01793 0.02041 -0.03902 0.00616 -0.00215 -0.02315 0.01556 -0.03158 -0.00429 0.04720 -0.00418 -0.02257 0.03233 0.00607 0.03297 0.00150 -0.01675 0.11445 -0.00698 -0.00568 0.01886 0.01004 -0.02201 -0.03534 0.00323 -0.01273 -0.01144 0.02789 0.01313 -0.02274 0.06617 -0.06809
-0.00558 0.56078 0.00545 -0.03032 -0.02287 0.01761 0.03088 0.02853 0.00246 0.00024 -0.03591 0.04101 -0.00375 0.01213 0.03738 -0.01077 0.01365 0.01669 -0.01525 0.01934 -0.05401 0.03921 0.00106 -0.00057 0.00100 -0.06599 -0.02985 0.02229 -0.04853 -0.00339 0.00528 0.02486 0.00395 -0.00249 -0.06518 0.01629 0.00232 -0.01797 0.00378 -0.04528 -0.02809 -0.01378 -0.01462 0.01200 -0.00202 0.01909 0.04038 -0.04030 -0.08924 0.01378
0.00001 -0.00545 0.46439 -0.03985 -0.02639 -0.04144 -0.01708 -0.02483 0.02353 0.01424 -0.04364 0.01165 -0.02754 -0.03461 0.00112 -0.02041 0.04342 -0.05017 -0.00301 -0.00569 -0.03466 -0.01137 -0.00655 0.00368 0.02368 -0.04793 -0.02081 0.01746 -0.00524 -0.02907 0.04484 0.01347 0.01786 -0.00878 0.00405 0.00413 0.00626 0.01903 0.00504 -0.01290 -0.01489 -0.04199 0.03905 0.04252 -0.02259 -0.01156 -0.00640 0.01220 -0.02673 -0.04771
-0.01402 0.03032 0.03985 0.73716 0.01603 0.04298 0.07258 0.03950 -0.01327 -0.06889 -0.04841 0.01681 0.03146 -0.05834 0.03935 -0.02982 0.06278 -0.02000 0.01822 -0.00228 0.00394 -0.00647 0.02080 -0.09486 0.00295 0.00421 -0.01055 -0.03073 -0.08137 0.01366 0.08406 -0.05014 0.04723 0.00316 0.09165 0.00493 0.03605 0.05836 0.02090 -0.03182 0.08064 0.00605 -0.03548 0.01838 -0.06364 0.01197 0.06604 0.03259 -0.07942 -0.08985
0.07182 0.02287 0.02639 -0.01603 0.01093 -0.02624 0.01012 0.03358 -0.03302 -0.00034 0.00125 -0.01245 0.02782 0.02401 0.03716 0.00168 0.01046 -0.01008 0.03573 -0.03699 0.03035 0.02559 -0.01446 0.00368 -0.03736 0.02861 -0.01976 -0.02079 -0.01561 -0.00901 -0.07018 -0.00957 -0.00648 -0.02586 0.00655 -0.05487 -0.05171 -0.01081 -0.01269 -0.01451 0.00661 0.04825 0.05084 0.01536 -0.00054 -0.04294 -0.00743 0.02289 -0.06572 0.03115
0.00396 -0.01761 0.04144 -0.04298 0.02624 1.02848 -0.06178 -0.03940 0.00211 0.04052 0.05156 0.04137 -0.04939 -0.05885 -0.01710 0.08232 -0.00368 0.03789 -0.01662 0.06695 -0.03404 -0.04188 -0.04450 0.00991 0.08097 -0.04614 0.03486 0.04166 0.04353 0.09129 0.07348 0.05902 -0.03274 0.10672 -0.02345 -0.02244 0.07313 -0.06264 -0.09424 0.00133 -0.03915 -0.06798 0.04936 -0.07004 0.02824 0.01232 -0.08446 0.06160 0.00607 -0.04322
0.00652 -0.03088 0.01708 -0.07258 -0.01012 0.06178 0.46927 0.02139 -0.00989 0.03242 -0.01108 0.00182 0.02908 -0.01754 0.04880 -0.03456 -0.00067 0.00633 0.01277 -0.02102 -0.03472 -0.03178 -0.05030 0.03128 0.00515 -0.01029 -0.01559 -0.02777 -0.03575 0.03560 -0.01403 0.00280 0.03113 -0.00023 0.01141 0.01579 0.01066 0.00468 -0.03943 -0.03520 0.05262 0.06494 0.02021 0.06407 0.02433 -0.02968 0.05058 -0.00324 -0.07115 0.00739
-0.01223 -0.02853 0.02483 -0.03950 -0.03358 0.03940 -0.02139 1.02759 0.04297 -0.02325 -0.02411 0.01979 -0.03943 -0.04188 0.02234 -0.00146 -0.02910 -0.02548 -0.03484 -0.02710 -0.02553 0.00612 0.02026 -0.01065 0.02750 -0.01870 0.00839 0.02820 -0.06357 0.01475 0.00642 -0.00690 -0.02259 -0.00169 -0.03902 0.02838 0.03754 0.03436 -0.02008 0.02295 -0.01592 0.02007 -0.03311 0.04407 0.00757 0.00001 0.01539 0.02233 -0.02598 0.00303
0.00638 -0.00246 -0.02353 0.01327 0.03302 -0.00211 0.00989 -0.04297 0.95550 -0.00445 0.06997 -0.04228 -0.01024 0.01186 -0.02396 0.05828 -0.00242 0.03310 -0.01618 0.00513 -0.00361 -0.02436 -0.02512 -0.00910 0.02225 0.00292 0.01455 0.00502 0.02098 -0.00466 0.02352 -0.00117 -0.01746 -0.00111 0.01918 -0.02991 -0.00595 -0.00346 -0.05341 -0.02251 -0.00124 -0.03316 -0.06028 -0.05827 0.01281 0.00775 -0.00121 0.00247 0.01277 -0.02229
0.01592 -0.00024 -0.01424 0.06889 0.00034 -0.04052 -0.03242 0.02325 0.00445 0.75431 -0.02555 0.00846 -0.00099 0.03258 0.03674 -0.02228 0.00343 0.00706 0.03068 -0.03239 0.03896 0.04072 -0.02790 0.05959 -0.00821 0.03180 -0.01447 -0.01562 0.05434 0.00838 -0.02026 -0.02408 0.02033 0.02325 0.03148 0.03590 -0.03033 -0.01696 -0.01509 0.01048 0.02830 0.05441 0.02800 -0.01260 0.00256 -0.02361 -0.01481 -0.00137 0.00250 -0.00417
0.07674 0.03591 0.04364 0.04841 -0.00125 -0.05156 0.01108 0.02411 -0.06997 0.02555 0.15210 0.03911 0.03059 0.06883 0.01301 -0.01395 0.04754 0.00429 0.05084 -0.04269 0.02822 0.04825 0.01340 -0.02868 -0.03501 0.03581 -0.02945 -0.03663 0.00705 -0.03538 -0.04296 -0.00700 -0.00757 -0.00880 0.01402 -0.01630 -0.04624 -0.01668 -0.03138 -0.02529 0.00269 0.07555 0.04754 -0.02355 -0.02854 -0.04183 0.02827 -0.01827 -0.03331 0.03902
-0.02309 -0.04101 -0.01165 -0.01681 0.01245 -0.04137 -0.00182 -0.01979 0.04228 -0.00846 -0.03911 0.00000 0.01584 -0.04516 -0.01192 -0.04978 0.04996 -0.02438 0.01527 0.03527 -0.05196 -0.01897 0.01226 -0.03033 0.02720 -0.03122 0.02220 0.04291 0.02526 0.02362 0.05572 -0.00616 -0.02544 0.02201 0.00171 0.01269 -0.02009 0.01202 0.02143 -0.00616 -0.00385 -0.03916 -0.02823 -0.00251 -0.02544 0.03098 0.02265 0.04298 -0.00882 -0.07865
0.04513 0.00375 0.02754 -0.03146 -0.02782 0.04939 -0.02908 0.03943 0.01024 0.00099 -0.03059 -0.01584 0.39492 0.00999 0.01486 -0.02603 0.00099 -0.02786 -0.00853 -0.01288 0.00167 0.02284 -0.03787 0.03158 0.02575 0.01495 -0.02769 0.03592 -0.00552 0.03115 0.00989 0.03854 -0.02130 0.00752 -0.02531 0.03032 -0.00363 -0.00410 -0.02193 -0.03137 -0.07284 0.02608 0.02253 0.02884 0.00263 -0.03330 -0.00261 -0.02948 -0.03175 -0.00546
0.04202 -0.01213 0.03461 0.05834 -0.02401 0.05885 0.01754 0.04188 -0.01186 -0.03258 -0.06883 0.04516 -0.00999 0.66864 0.06636 0.01921 0.04437 -0.02421 0.01233 0.00852 0.01203 0.04797 0.00317 -0.00523 0.02687 0.05800 0.00313 -0.00977 -0.02036 0.00527 0.01734 -0.02329 0.04313 -0.01030 0.06491 0.04657 0.00206 -0.03342 0.00487 -0.02469 0.07033 0.03596 -0.01731 -0.01111 -0.00324 -0.02122 0.06062 -0.04956 -0.03789 -0.06424
-0.00434 -0.03738 -0.00112 -0.03935 -0.03716 0.01710 -0.04880 -0.02234 0.02396 -0.03674 -0.01301 0.01192 -0.01486 -0.06636 0.32429 -0.02440 -0.01319 -0.00796 -0.06874 0.00863 -0.04923 -0.05067 -0.00958 -0.01354 0.04080 -0.02657 -0.00490 0.01284 0.00629 -0.04316 0.06102 -0.02017 0.00216 0.02005 -0.04557 0.06152 0.02981 -0.03660 -0.00076 0.03863 -0.02529 -0.02196 -0.02580 0.00722 -0.01031 0.01940 -0.00324 0.03343 0.00042 -0.03534
0.01874 0.01077 0.02041 0.02982 -0.00168 -0.08232 0.03456 0.00146 -0.05828 0.02228 0.01395 0.04978 0.02603 -0.01921 0.02440 0.18206 0.02401 -0.01386 0.04485 -0.05545 0.00997 -0.00308 0.00057 -0.02153 -0.04212 0.01631 -0.03232 -0.03396 -0.03716 -0.04464 -0.02202 -0.00074 0.06661 -0.01547 0.03566 -0.02650 0.01167 -0.00858 0.00390 -0.03322 0.03775 0.00259 0.05732 0.01887 -0.00915 -0.02028 -0.01377 -0.01687 -0.04555 -0.01867
-0.03556 -0.01365 -0.04342 -0.06278 -0.01046 0.00368 0.00067 0.02910 0.00242 -0.00343 -0.04754 -0.04996 -0.00099 -0.04437 0.01319 -0.02401 0.23322 -0.04754 -0.02491 0.01289 -0.06949 0.00289 0.01414 0.00134 0.01526 -0.05722 -0.05513 0.01147 -0.03103 0.01053 0.04194 -0.01154 0.00740 0.00575 -0.05050 -0.00658 0.00079 0.00048 0.01457 0.01040 -0.03969 -0.00197 -0.00757 0.03410 -0.01143 0.02365 -0.03585 0.01306 -0.01598 -0.01360
0.03169 -0.01669 0.05017 0.02000 0.01008 -0.03789 -0.00633 0.02548 -0.03310 -0.00706 -0.00429 0.02438 0.02786 0.02421 0.00796 0.01386 0.04754 0.27812 0.02656 -0.02735 0.07546 0.00365 -0.01875 0.00768 -0.02379 0.08620 -0.04394 -0.05300 0.00459 -0.04187 -0.04207 0.00537 0.01786 -0.02286 0.01346 0.00238 -0.03598 -0.02650 -0.02008 -0.04576 0.04487 0.04028 0.00500 -0.01536 0.00120 -0.05149 0.04023 0.02844 -0.03551 0.01724
0.01793 0.01525 0.00301 -0.01822 -0.03573 0.01662 -0.01277 0.03484 0.01618 -0.03068 -0.05084 -0.01527 0.00853 -0.01233 0.06874 -0.04485 0.02491 -0.02656 1.03262 -0.01372 -0.00469 0.01821 0.01539 -0.01342 -0.00096 0.00204 -0.03267 -0.00209 -0.01679 -0.03264 -0.00008 -0.01727 0.00993 -0.01625 -0.00505 0.04761 -0.03559 -0.01344 0.01539 -0.01562 -0.01502 0.05683 -0.00695 0.03748 -0.02755 0.00324 0.02767 -0.00261 -0.01256 -0.01266
-0.02041 -0.01934 0.00569 0.00228 0.03699 -0.06695 0.02102 0.02710 -0.00513 0.03239 0.04269 -0.03527 0.01288 -0.00852 -0.00863 0.05545 -0.01289 0.02735 0.01372 0.34386 0.00302 -0.01006 -0.00312 0.02493 -0.04418 -0.02701 -0.04557 -0.02945 -0.02324 -0.00048 -0.01796 0.01035 0.07764 -0.00001 0.03285 -0.02140 0.02160 -0.05237 0.00663 -0.06354 0.02398 -0.02218 0.03002 0.02186 -0.01098 0.01677 0.01263 -0.02162 -0.03326 0.07025
0.03902 0.05401 0.03466 -0.00394 -0.03035 0.03404 0.03472 0.02553 0.00361 -0.03896 -0.02822 0.05196 -0.00167 -0.01203 0.04923 -0.00997 0.06949 -0.07546 0.00469 -0.00302 0.88733 0.01004 0.02419 -0.05859 -0.00280 0.00463 -0.02469 0.00700 -0.02907 -0.01436 0.00876 0.00435 -0.01372 -0.02812 0.04259 0.04766 0.02295 0.00989 0.02557 -0.02483 -0.00481 -0.02819 0.03584 0.00720 -0.03624 -0.03563 0.01430 -0.03016 -0.01516 -0.07779
-0.00616 -0.03921 0.01137 0.00647 -0.02559 0.04188 0.03178 -0.00612 0.02436 -0.04072 -0.04825 0.01897 -0.02284 -0.04797 0.05067 0.00308 -0.00289 -0.00365 -0.01821 0.01006 -0.01004 0.59958 -0.04831 -0.01903 0.01250 -0.00507 0.02712 0.04360 -0.04213 -0.00283 0.04644 -0.00455 -0.01527 0.02122 -0.00963 0.06329 0.01799 0.03129 0.00319 0.00613 0.00879 -0.05898 -0.04406 0.02226 -0.01923 -0.02030 0.03549 0.00211 -0.05791 -0.08512
0.00215 -0.00106 0.00655 -0.02080 0.01446 0.04450 0.05030 -0.02026 0.02512 0.02790 -0.01340 -0.01226 0.03787 -0.00317 0.00958 -0.00057 -0.01414 0.01875 -0.01539 0.00312 -0.02419 0.04831 0.56301 0.01198 0.02168 -0.00284 -0.00185 0.03732 0.00732 0.01592 0.02484 0.00757 -0.00513 0.01183 -0.05483 -0.02506 0.03083 -0.00258 -0.02911 -0.00201 -0.04177 0.02041 -0.01735 0.02087 0.01970 0.02431 -0.02537 -0.03482 0.01034 0.03781
0.02315 0.00057 -0.00368 0.09486 -0.00368 -0.00991 -0.03128 0.01065 0.00910 -0.05959 0.02868 0.03033 -0.03158 0.00523 0.01354 0.02153 -0.00134 -0.00768 0.01342 -0.02493 0.05859 0.01903 -0.01198 0.35137 0.00523 0.03786 0.04595 0.00644 0.03513 0.01251 0.00645 -0.04585 -0.03651 -0.00364 0.07131 0.03002 -0.01070 0.00373 0.00785 0.03257 -0.00455 0.00994 -0.00527 -0.04605 -0.05209 -0.04024 -0.03149 0.02681 0.05582 -0.03022
-0.01556 -0.00100 -0.02368 -0.00295 0.03736 -0.08097 -0.00515 -0.02750 -0.02225 0.00821 0.03501 -0.02720 -0.02575 -0.02687 -0.04080 0.04212 -0.01526 0.02379 0.00096 0.04418 0.00280 -0.01250 -0.02168 -0.00523 0.85982 -0.00620 0.03607 0.04178 0.02062 -0.01050 0.04460 0.03254 -0.04216 0.01735 -0.01081 -0.02885 -0.04044 -0.03423 0.00524 0.00524 -0.05610 -0.05933 0.01811 -0.04479 -0.01477 0.02689 -0.03560 -0.00200 0.02280 0.01235
0.03158 0.06599 0.04793 -0.00421 -0.02861 0.04614 0.01029 0.01870 -0.00292 -0.03180 -0.03581 0.03122 -0.01495 -0.05800 0.02657 -0.01631 0.05722 -0.08620 -0.00204 0.02701 -0.00463 0.00507 0.00284 -0.03786 0.00620 0.79366 -0.02306 0.00039 -0.02738 -0.00487 0.05322 0.00891 -0.02717 -0.02669 0.04428 0.04137 0.00536 0.04786 0.05206 -0.02243 -0.03211 -0.02207 0.03648 0.00817 -0.04107 -0.02166 0.02346 -0.03045 -0.00154 -0.07133
0.00429 0.02985 0.02081 0.01055 0.01976 -0.03486 0.01559 -0.00839 -0.01455 0.01447 0.02945 -0.02220 0.02769 -0.00313 0.00490 0.03232 0.05513 0.04394 0.03267 0.04557 0.02469 -0.02712 0.00185 -0.04595 -0.03607 0.02306 0.48040 -0.08595 -0.02466 -0.01464 0.00702 0.01634 0.00151 0.01763 0.03854 -0.03335 -0.02580 -0.00560 -0.01420 -0.08061 0.05444 -0.00505 -0.00178 -0.05349 -0.03261 -0.00215 0.08351 0.02411 -0.07392 0.01337
-0.04720 -0.02229 -0.01746 0.03073 0.02079 -0.04166 0.02777 -0.02820 -0.00502 0.01562 0.03663 -0.04291 -0.03592 0.00977 -0.01284 0.03396 -0.01147 0.05300 0.00209 0.02945 -0.00700 -0.04360 -0.03732 -0.00644 -0.04178 -0.00039 0.08595 0.67631 0.02058 -0.00815 -0.01573 0.00661 -0.00625 0.02436 0.04758 -0.01949 -0.02287 0.01356 -0.01387 0.02622 0.07524 -0.06504 -0.03865 -0.05546 0.03062 0.03519 0.05675 0.02953 -0.02554 0.00127
0.00418 0.04853 0.00524 0.08137 0.01561 -0.04353 0.03575 0.06357 -0.02098 -0.05434 -0.00705 -0.02526 0.00552 0.02036 -0.00629 0.03716 0.03103 -0.00459 0.01679 0.02324 0.02907 0.04213 -0.00732 -0.03513 -0.02062 0.02738 0.02466 -0.02058 0.50065 -0.00147 -0.00137 -0.02562 -0.03573 -0.00241 0.02692 -0.00491 -0.03607 -0.03111 0.00844 -0.01069 0.00442 0.01793 0.00108 -0.02645 -0.04824 0.02683 0.02736 0.01494 -0.04350 -0.06070
0.02257 0.00339 0.02907 -0.01366 0.00901 -0.09129 -0.03560 -0.01475 0.00466 -0.00838 0.03538 -0.02362 -0.03115 -0.00527 0.04316 0.04464 -0.01053 0.04187 0.03264 0.00048 0.01436 0.00283 -0.01592 -0.01251 0.01050 0.00487 0.01464 0.00815 0.00147 1.02378 -0.00488 -0.00670 -0.02690 0.03169 0.00803 -0.00962 -0.02076 -0.04470 -0.07753 -0.01417 -0.01268 0.04052 -0.00781 -0.03038 0.01215 0.02248 0.00290 0.04850 -0.03310 0.00941
-0.03233 -0.00528 -0.04484 -0.08406 0.07018 -0.07348 0.01403 -0.00642 -0.02352 0.02026 0.04296 -0.05572 -0.00989 -0.01734 -0.06102 0.02202 -0.04194 0.04207 0.00008 0.01796 -0.00876 -0.04644 -0.02484 -0.00645 -0.04460 -0.05322 -0.00702 0.01573 0.00137 0.00488 0.83619 -0.00834 -0.04049 -0.01952 0.00893 -0.03072 -0.04265 0.02210 0.00090 0.02184 -0.02043 -0.05443 -0.06158 -0.00984 0.03202 0.03885 -0.01690 0.05377 -0.01081 0.04169
-0.00607 -0.02486 -0.01347 0.05014 0.00957 -0.05902 -0.00280 0.00690 0.00117 0.02408 0.00700 0.00616 -0.03854 0.02329 0.02017 0.00074 0.01154 -0.00537 0.01727 -0.01035 -0.00435 0.00455 -0.00757 0.04585 -0.03254 -0.00891 -0.01634 -0.00661 0.02562 0.00670 0.00834 0.50769 0.06001 -0.01043 0.07918 -0.00140 0.03910 -0.02535 0.01827 0.00006 0.00930 -0.02057 0.02675 0.00092 0.02175 0.02519 -0.04163 -0.02608 0.02738 -0.02387
-0.03297 -0.00395 -0.01786 -0.04723 0.00648 0.03274 -0.03113 0.02259 0.01746 -0.02033 0.00757 0.02544 0.02130 -0.04313 -0.00216 -0.06661 -0.00740 -0.01786 -0.00993 -0.07764 0.01372 0.01527 0.00513 0.03651 0.04216 0.02717 -0.00151 0.00625 0.03573 0.02690 0.04049 -0.06001 0.67012 0.02521 -0.07494 -0.01101 -0.04265 -0.02125 -0.03532 0.01284 -0.05590 0.07257 -0.01992 0.00435 -0.00682 -0.00513 -0.00303 0.01160 0.01209 0.02310
-0.00150 0.00249 0.00878 -0.00316 0.02586 -0.10672 0.00023 0.00169 0.00111 -0.02325 0.00880 -0.02201 -0.00752 0.01030 -0.02005 0.01547 -0.00575 0.02286 0.01625 0.00001 0.02812 -0.02122 -0.01183 0.00364 -0.01735 0.02669 -0.01763 -0.02436 0.00241 -0.03169 0.01952 0.01043 -0.02521 0.47109 -0.01826 -0.02634 -0.02762 -0.01187 0.00576 -0.01344 0.01015 -0.00752 0.00549 -0.01218 -0.00036 0.00881 0.00469 0.03854 -0.02008 0.01617
0.01675 0.06518 -0.00405 -0.09165 -0.00655 0.02345 -0.01141 0.03902 -0.01918 -0.03148 -0.01402 -0.00171 0.02531 -0.06491 0.04557 -0.03566 0.05050 -0.01346 0.00505 -0.03285 -0.04259 0.00963 0.05483 -0.07131 0.01081 -0.04428 -0.03854 -0.04758 -0.02692 -0.00803 -0.00893 -0.07918 0.07494 0.01826 0.56155 0.04384 -0.00194 0.01545 0.03372 -0.02775 -0.01054 0.02912 0.03112 0.00628 -0.05525 0.01695 0.05295 0.02821 -0.03894 -0.00588
-0.11445 -0.01629 -0.00413 -0.00493 0.05487 0.02244 -0.01579 -0.02838 0.02991 -0.03590 0.01630 -0.01269 -0.03032 -0.04657 -0.06152 0.02650 0.00658 -0.00238 -0.04761 0.02140 -0.04766 -0.06329 0.02506 -0.03002 0.02885 -0.04137 0.03335 0.01949 0.00491 0.00962 0.03072 0.00140 0.01101 0.02634 -0.04384 0.16511 0.03842 -0.03365 -0.01961 0.01535 -0.01544 -0.04832 -0.03671 -0.01581 -0.01093 0.09016 -0.00888 0.00830 0.07074 -0.00139
0.00698 -0.00232 -0.00626 -0.03605 0.05171 -0.07313 -0.01066 -0.03754 0.00595 0.03033 0.04624 0.02009 0.00363 -0.00206 -0.02981 -0.01167 -0.00079 0.03598 0.03559 -0.02160 -0.02295 -0.01799 -0.03083 0.01070 0.04044 -0.00536 0.02580 0.02287 0.03607 0.02076 0.04265 -0.03910 0.04265 0.02762 0.00194 -0.03842 0.88929 -0.00379 -0.03780 0.01316 0.01529 0.00256 -0.02297 -0.01840 0.04123 0.00073 0.00986 0.00082 0.00284 -0.01051
0.00568 0.01797 -0.01903 -0.05836 0.01081 0.06264 -0.00468 -0.03436 0.00346 0.01696 0.01668 -0.01202 0.00410 0.03342 0.03660 0.00858 -0.00048 0.02650 0.01344 0.05237 -0.00989 -0.03129 0.00258 -0.00373 0.03423 -0.04786 0.00560 -0.01356 0.03111 0.04470 -0.02210 0.02535 0.02125 0.01187 -0.01545 0.03365 0.00379 0.02216 -0.00158 -0.01084 0.02719 0.01911 -0.01403 -0.01180 0.00743 0.01711 0.01575 -0.00347 0.00978 0.05027
-0.01886 -0.00378 -0.00504 -0.02090 0.01269 0.09424 0.03943 0.02008 0.05341 0.01509 0.03138 -0.02143 0.02193 -0.00487 0.00076 -0.00390 -0.01457 0.02008 -0.01539 -0.00663 -0.02557 -0.00319 0.02911 -0.00785 -0.00524 -0.05206 0.01420 0.01387 -0.00844 0.07753 -0.00090 -0.01827 0.03532 -0.00576 -0.03372 0.01961 0.03780 0.00158 0.30017 0.02555 -0.01501 -0.00032 -0.01306 0.00979 0.01348 0.03561 -0.02400 -0.04894 0.03637 0.02520
-0.01004 0.04528 0.01290 0.03182 0.01451 -0.00133 0.03520 -0.02295 0.02251 -0.01048 0.02529 0.00616 0.03137 0.02469 -0.03863 0.03322 -0.01040 0.04576 0.01562 0.06354 0.02483 -0.00613 0.00201 -0.03257 -0.00524 0.02243 0.08061 -0.02622 0.01069 0.01417 -0.02184 -0.00006 -0.01284 0.01344 0.02775 -0.01535 -0.01316 0.01084 -0.02555 0.45408 0.05636 -0.01885 -0.02656 -0.06266 -0.00148 0.02240 0.04072 -0.00302 -0.00567 -0.00148
0.02201 0.02809 0.01489 -0.08064 -0.00661 0.03915 -0.05262 0.01592 0.00124 -0.02830 -0.00269 0.00385 0.07284 -0.07033 0.02529 -0.03775 0.03969 -0.04487 0.01502 -0.02398 0.00481 -0.00879 0.04177 0.00455 0.05610 0.03211 -0.05444 -0.07524 -0.00442 0.01268 0.02043 -0.00930 0.05590 -0.01015 0.01054 0.01544 -0.01529 -0.02719 0.01501 -0.05636 0.64682 0.04456 0.04088 0.01069 -0.03517 -0.03492 0.00497 0.01830 -0.00983 0.01970
0.03534 0.01378 0.04199 -0.00605 -0.04825 0.06798 -0.06494 -0.02007 0.03316 -0.05441 -0.07555 0.03916 -0.02608 -0.03596 0.02196 -0.00259 0.00197 -0.04028 -0.05683 0.02218 0.02819 0.05898 -0.02041 -0.00994 0.05933 0.02207 0.00505 0.06504 -0.01793 -0.04052 0.05443 0.02057 -0.07257 0.00752 -0.02912 0.04832 -0.00256 -0.01911 0.00032 0.01885 -0.04456 0.50353 -0.02125 -0.01300 -0.06343 -0.00410 -0.02451 0.03032 -0.00672 -0.07426
-0.00323 0.01462 -0.03905 0.03548 -0.05084 -0.04936 -0.02021 0.03311 0.06028 -0.02800 -0.04754 0.02823 -0.02253 0.01731 0.02580 -0.05732 0.00757 -0.00500 0.00695 -0.03002 -0.03584 0.04406 0.01735 0.00527 -0.01811 -0.03648 0.00178 0.03865 -0.00108 0.00781 0.06158 -0.02675 0.01992 -0.00549 -0.03112 0.03671 0.02297 0.01403 0.01306 0.02656 -0.04088 0.02125 0.49013 0.03830 -0.04305 -0.01391 -0.03190 -0.02030 0.01635 -0.03018
0.01273 -0.01200 -0.04252 -0.01838 -0.01536 0.07004 -0.06407 -0.04407 0.05827 0.01260 0.02355 0.00251 -0.02884 0.01111 -0.00722 -0.01887 -0.03410 0.01536 -0.03748 -0.02186 -0.00720 -0.02226 -0.02087 0.04605 0.04479 -0.00817 0.05349 0.05546 0.02645 0.03038 0.00984 -0.00092 -0.00435 0.01218 -0.00628 0.01581 0.01840 0.01180 -0.00979 0.06266 -0.01069 0.01300 -0.03830 0.15962 0.05941 -0.01421 -0.04925 0.02749 0.03489 0.01343
0.01144 0.00202 0.02259 0.06364 0.00054 -0.02824 -0.02433 -0.00757 -0.01281 -0.00256 0.02854 0.02544 -0.00263 0.00324 0.01031 0.00915 0.01143 -0.00120 0.02755 0.01098 0.03624 0.01923 -0.01970 0.05209 0.01477 0.04107 0.03261 -0.03062 0.04824 -0.01215 -0.03202 -0.02175 0.00682 0.00036 0.05525 0.01093 -0.04123 -0.00743 -0.01348 0.00148 0.03517 0.06343 0.04305 -0.05941 0.52795 -0.01303 0.01779 -0.00919 0.00421 -0.00749
-0.02789 -0.01909 0.01156 -0.01197 0.04294 -0.01232 0.02968 -0.00001 -0.00775 0.02361 0.04183 -0.03098 0.03330 0.02122 -0.01940 0.02028 -0.02365 0.05149 -0.00324 -0.01677 0.03563 0.02030 -0.02431 0.04024 -0.02689 0.02166 0.00215 -0.03519 -0.02683 -0.02248 -0.03885 -0.02519 0.00513 -0.00881 -0.01695 -0.09016 -0.00073 -0.01711 -0.03561 -0.02240 0.03492 0.00410 0.01391 0.01421 0.01303 0.46290 0.03191 0.02374 -0.09066 0.05587
-0.01313 -0.04038 0.00640 -0.06604 0.00743 0.08446 -0.05058 -0.01539 0.00121 0.01481 -0.02827 -0.02265 0.00261 -0.06062 0.00324 0.01377 0.03585 -0.04023 -0.02767 -0.01263 -0.01430 -0.03549 0.02537 0.03149 0.03560 -0.02346 -0.08351 -0.05675 -0.02736 -0.00290 0.01690 0.04163 0.00303 -0.00469 -0.05295 0.00888 -0.00986 -0.01575 0.02400 -0.04072 -0.00497 0.02451 0.03190 0.04925 -0.01779 -0.03191 0.69952 0.05946 -0.02822 0.00635
0.02274 0.04030 -0.01220 -0.03259 -0.02289 -0.06160 0.00324 -0.02233 -0.00247 0.00137 0.01827 -0.04298 0.02948 0.04956 -0.03343 0.01687 -0.01306 -0.02844 0.00261 0.02162 0.03016 -0.00211 0.03482 -0.02681 0.00200 0.03045 -0.02411 -0.02953 -0.01494 -0.04850 -0.05377 0.02608 -0.01160 -0.03854 -0.02821 -0.00830 -0.00082 0.00347 0.04894 0.00302 -0.01830 -0.03032 0.02030 -0.02749 0.00919 -0.02374 -0.05946 0.72698 0.03207 0.04728
-0.06617 0.08924 0.02673 0.07942 0.06572 -0.00607 0.07115 0.02598 -0.01277 -0.00250 0.03331 0.00882 0.03175 0.03789 -0.00042 0.04555 0.01598 0.03551 0.01256 0.03326 0.01516 0.05791 -0.01034 -0.05582 -0.02280 0.00154 0.07392 0.02554 0.04350 0.03310 0.01081 -0.02738 -0.01209 0.02008 0.03894 -0.07074 -0.00284 -0.00978 -0.03637 0.00567 0.00983 0.00672 -0.01635 -0.03489 -0.00421 0.09066 0.02822 -0.03207 0.56577 -0.02763
0.06809 -0.01378 0.04771 0.08985 -0.03115 0.04322 -0.00739 -0.00303 0.02229 0.00417 -0.03902 0.07865 0.00546 0.06424 0.03534 0.01867 0.01360 -0.01724 0.01266 -0.07025 0.07779 0.08512 -0.03781 0.03022 -0.01235 0.07133 -0.01337 -0.00127 0.06070 -0.00941 -0.04169 0.02387 -0.02310 -0.01617 0.00588 0.00139 0.01051 -0.05027 -0.02520 0.00148 -0.01970 0.07426 0.03018 -0.01343 0.00749 -0.05587 -0.00635 -0.04728 0.02763 0.00000
