0.26807 0.01072 -0.00377 0.05562 0.04821 -0.03067 0.00771 -0.03027 0.00864 0.00783 -0.03127 -0.02962 -0.00904 -0.00317 -0.00566 -0.00627 0.02758 0.00559 0.04929 -0.03933 0.01435 -0.00063 -0.01058 -0.04270 0.01869 -0.00268 -0.01128 -0.03406 0.07192 0.06420 -0.00236 -0.01565 0.01038 -0.03360 -0.05564 0.03227 -0.03422 -0.00192 -0.02148 0.02503 -0.06605 -0.03860 -0.04992 -0.07160 -0.05534 0.00913 0.03026 -0.01147 0.00089 0.02105
-0.01072 0.65211 -0.05412 0.04291 0.02998 0.00482 0.02483 -0.00283 0.00025 -0.01958 0.08857 0.00981 0.04881 -0.00485 0.03361 0.03208 0.00909 0.00407 -0.02287 -0.04873 -0.05614 0.00761 0.05352 -0.01348 0.00799 -0.01228 0.00409 -0.02957 0.01455 0.01441 -0.00013 -0.01861 0.05161 -0.02184 -0.01712 -0.00655 -0.01820 -0.02519 -0.02345 0.00977 0.05334 -0.03438 0.01147 -0.03003 0.00194 -0.02550 0.03345 -0.03353 -0.01594 -0.04115
0.00377 0.05412 0.16568 0.01697 0.00631 -0.06757 0.03428 -0.00030 0.06363 0.00428 -0.06616 -0.02354 0.04631 0.02845 0.04356 0.06699 0.05448 -0.00749 0.06248 -0.03666 -0.01140 -0.01367 0.04670 0.00341 -0.06438 0.02093 -0.01039 -0.01960 0.08025 0.02976 0.00690 -0.03858 0.01497 -0.01858 -0.01378 0.05227 -0.04941 -0.01453 -0.02101 0.04493 -0.06748 -0.04286 -0.02973 -0.02329 -0.03114 -0.03908 0.03199 -0.01480 -0.03886 0.04372
-0.05562 -0.04291 -0.01697 0.68247 0.06087 0.00542 -0.01005 -0.01065 0.01450 0.04175 0.05994 0.00691 -0.02082 0.01802 -0.02595 0.00337 -0.01131 -0.01473 -0.05639 0.04075 0.00550 0.01692 -0.02395 -0.04332 0.01508 -0.01184 -0.01632 -0.01605 -0.03312 -0.00852 -0.01460 -0.01082 -0.03472 0.02781 0.04717 0.05239 0.03158 -0.01531 -0.00689 -0.02631 0.04284 0.04368 0.04272 -0.07762 -0.02425 -0.00695 -0.04941 -0.01915 -0.01152 -0.01840
-0.04821 -0.02998 -0.00631 -0.06087 0.45181 -0.00237 -0.01282 -0.02790 -0.00953 0.01476 0.06813 0.00384 -0.01571 0.00805 -0.02913 -0.02234 0.01352 0.01978 -0.05754 0.05614 0.03807 -0.02425 -0.00740 0.01859 -0.01119 -0.01591 0.02341 0.01472 -0.01428 0.02541 0.03733 0.01331 -0.02824 0.04959 0.01914 -0.01501 0.01239 0.02518 0.06691 -0.04513 0.04481 0.04773 0.03896 0.05435 0.00950 0.01329 -0.04857 0.03696 -0.01727 -0.01853
0.03067 -0.00482 0.06757 -0.00542 0.00237 0.69726 -0.07001 0.03905 0.00258 0.06209 -0.02488 -0.01036 -0.04493 -0.00946 0.01720 -0.01215 0.00935 -0.01873 0.03791 0.00159 0.00027 -0.06395 -0.03222 -0.01205 0.00920 0.03921 -0.02737 -0.01849 0.02059 -0.00318 -0.00807 0.07457 0.05479 -0.00392 -0.01524 0.00012 -0.00050 0.04614 0.00968 0.00354 -0.01593 0.02939 -0.00686 0.01422 -0.02059 0.02087 -0.02403 0.01218 -0.05080 0.04508
-0.00771 -0.02483 -0.03428 0.01005 0.01282 0.07001 0.51110 -0.03422 -0.07769 -0.06898 0.03651 0.02084 0.03447 -0.03886 -0.03376 -0.00896 -0.00667 0.04471 0.00246 -0.03601 0.03547 0.00200 -0.00637 0.00919 -0.04181 -0.01837 0.04238 0.03096 -0.01321 0.02367 0.00346 0.00284 -0.01086 -0.00514 -0.00395 -0.06529 -0.00066 -0.03403 0.01621 0.01161 0.02598 -0.00031 0.03725 0.01416 0.02747 -0.01133 0.00434 0.00182 -0.01150 -0.04324
0.03027 0.00283 0.00030 0.01065 0.02790 -0.03905 0.03422 0.62351 0.02295 0.02428 -0.03870 -0.02349 -0.00514 -0.01493 0.00221 0.03546 0.05002 -0.00380 0.04932 -0.02688 0.00868 -0.01103 0.05248 -0.01677 -0.00784 0.00185 -0.01886 -0.03798 0.05855 0.08364 -0.00609 -0.02540 0.03279 -0.00337 -0.05754 0.03708 -0.04322 -0.02945 0.00186 0.07189 -0.04958 -0.04820 -0.04397 -0.02449 -0.00840 0.00648 0.04045 -0.03509 0.02316 0.03136
-0.00864 -0.00025 -0.06363 -0.01450 0.00953 -0.00258 0.07769 -0.02295 0.81740 -0.08077 0.02594 -0.02270 0.06384 0.01648 -0.01044 0.00405 0.02017 -0.04196 -0.00209 0.00280 0.00252 0.03612 -0.00049 0.02059 -0.03806 -0.02827 0.01864 0.01259 -0.00483 -0.01035 -0.00479 -0.03991 -0.01629 0.05018 0.01632 -0.00448 0.01067 -0.06020 0.02676 -0.04107 0.02394 0.03593 -0.01690 0.00097 0.02739 -0.03862 0.00689 -0.01818 -0.00721 -0.01118
-0.00783 0.01958 -0.00428 -0.04175 -0.01476 -0.06209 0.06898 -0.02428 0.08077 0.32046 -0.03630 -0.03415 0.05675 0.01550 0.01536 0.04714 0.02167 0.03026 0.03729 -0.04156 0.02810 -0.07252 0.04925 0.01680 -0.04237 0.02207 0.00689 0.02748 0.03818 -0.00265 0.00045 -0.02991 -0.00008 0.05231 -0.04049 -0.00071 -0.00233 0.04205 0.00495 0.01258 -0.03375 -0.06578 -0.02737 -0.00792 -0.01118 -0.03096 0.03103 0.01669 -0.05817 0.03560
0.03127 -0.08857 0.06616 -0.05994 -0.06813 0.02488 -0.03651 0.03870 -0.02594 0.03630 0.97650 -0.02195 -0.02032 -0.02452 -0.02081 -0.03083 -0.01194 0.04160 -0.02473 0.02117 0.09909 -0.04154 -0.06561 0.03374 0.04072 0.01729 0.05660 0.04776 -0.00784 -0.03171 0.02533 0.03259 -0.01368 0.04819 0.03701 -0.01135 -0.01228 0.03513 0.05418 0.05701 -0.06013 0.01163 0.04386 0.03921 0.01222 0.01779 -0.03439 0.01343 0.00802 -0.02057
0.02962 -0.00981 0.02354 -0.00691 -0.00384 0.01036 -0.02084 0.02349 0.02270 0.03415 0.02195 0.29293 -0.01180 -0.02064 0.00592 -0.03495 -0.02684 0.03545 0.02184 -0.01885 -0.00325 -0.02437 -0.01835 -0.00053 0.01101 0.02984 -0.00751 0.00264 -0.00661 0.00395 0.00715 0.02280 0.00052 -0.01153 -0.04059 0.05780 0.01089 0.03147 0.00741 0.03661 -0.00039 -0.01455 0.04086 -0.01261 0.01260 0.01694 0.05131 0.00093 -0.00419 0.00864
0.00904 -0.04881 -0.04631 0.02082 0.01571 0.04493 -0.03447 0.00514 -0.06384 -0.05675 0.02032 0.01180 0.60243 -0.05449 0.00734 -0.01993 -0.02733 -0.01319 -0.02373 0.04246 0.00443 0.02671 -0.05712 0.00706 0.00956 -0.04992 -0.00433 0.01255 -0.02815 -0.01977 -0.02499 0.01835 0.00481 0.00862 0.02205 -0.00213 0.02768 -0.05448 0.00965 -0.02016 0.04523 0.06633 -0.01071 -0.00721 0.00469 -0.01246 -0.04014 -0.00740 0.01322 0.02136
0.00317 0.00485 -0.02845 -0.01802 -0.00805 0.00946 0.03886 0.01493 -0.01648 -0.01550 0.02452 0.02064 0.05449 0.19274 -0.01287 0.02826 -0.01894 0.00648 -0.01689 0.03210 -0.02378 0.01036 0.04271 0.02520 -0.03968 -0.03260 0.05697 -0.00961 -0.00799 0.00169 0.00505 -0.01527 -0.01003 0.00236 0.04114 -0.01685 -0.02501 -0.02755 0.01496 0.00685 0.02517 0.04151 0.02779 0.02673 0.04904 -0.04803 -0.02731 0.03942 0.03044 -0.02558
0.00566 -0.03361 -0.04356 0.02595 0.02913 -0.01720 0.03376 -0.00221 0.01044 -0.01536 0.02081 -0.00592 -0.00734 0.01287 0.74279 0.02049 0.04275 -0.02194 -0.00545 0.02783 -0.02215 0.00542 0.00391 0.00206 -0.03029 -0.01223 -0.01261 -0.04126 0.03339 0.05208 -0.02887 -0.03710 0.01602 -0.02727 0.02690 0.06852 0.00670 -0.04315 0.01908 0.00295 0.04788 0.00000 0.03296 -0.03573 0.00194 -0.03318 -0.01318 -0.04224 -0.00944 -0.02066
0.00627 -0.03208 -0.06699 -0.00337 0.02234 0.01215 0.00896 -0.03546 -0.00405 -0.04714 0.03083 0.03495 0.01993 -0.02826 -0.02049 0.37162 -0.00036 0.00932 -0.02851 -0.01669 0.01582 0.02920 -0.06971 0.00160 -0.02631 -0.01783 0.03276 0.02330 -0.00933 0.02813 -0.00774 -0.00120 -0.00871 -0.02694 0.01199 -0.00271 0.01813 -0.04282 0.01021 -0.02159 0.03621 -0.01655 -0.00859 0.00941 0.03576 -0.03722 0.02048 0.01659 0.01096 -0.01896
-0.02758 -0.00909 -0.05448 0.01131 -0.01352 -0.00935 0.00667 -0.05002 -0.02017 -0.02167 0.01194 0.02684 0.02733 0.01894 -0.04275 0.00036 1.04133 -0.00759 -0.00526 0.03014 -0.00818 -0.00012 -0.00831 -0.00752 0.00600 -0.01058 -0.01641 -0.04353 -0.00621 0.02144 -0.01489 -0.03052 -0.01805 0.02084 0.03515 -0.01612 -0.01472 -0.01355 0.02057 -0.01346 0.02262 0.01503 -0.01994 -0.01611 -0.02838 -0.02534 -0.01680 -0.00436 0.02031 -0.00853
-0.00559 -0.00407 0.00749 0.01473 -0.01978 0.01873 -0.04471 0.00380 0.04196 -0.03026 -0.04160 -0.03545 0.01319 -0.00648 0.02194 -0.00932 0.00759 0.73435 0.00730 -0.02120 -0.01395 -0.02335 -0.00594 -0.01030 -0.01578 0.02682 0.00774 0.00608 0.02296 -0.00977 0.01018 0.04107 0.05964 0.04527 -0.02509 -0.02003 0.01079 0.09948 -0.01352 0.01382 -0.01085 -0.00222 0.01656 0.01073 -0.00497 0.03297 0.01644 0.01614 -0.07571 0.00639
-0.04929 0.02287 -0.06248 0.05639 0.05754 -0.03791 -0.00246 -0.04932 0.00209 -0.03729 0.02473 -0.02184 0.02373 0.01689 0.00545 0.02851 0.00526 -0.00730 1.02759 -0.04262 -0.03289 0.06887 0.02842 -0.04479 -0.02840 -0.04835 -0.02227 -0.04209 -0.00921 0.00103 -0.06947 -0.06512 0.04162 -0.03652 -0.02758 0.00561 0.02863 -0.03429 -0.04751 -0.01692 0.03874 -0.00535 0.00022 -0.04242 -0.03217 -0.02402 0.03702 -0.04857 -0.00900 0.01724
0.03933 0.04873 0.03666 -0.04075 -0.05614 -0.00159 0.03601 0.02688 -0.00280 0.04156 -0.02117 0.01885 -0.04246 -0.03210 -0.02783 0.01669 -0.03014 0.02120 0.04262 0.53525 -0.00418 0.00672 0.07684 0.04296 0.01256 0.00332 0.02569 -0.02017 -0.03626 0.01904 -0.04871 0.00808 -0.00010 -0.06962 -0.03581 0.03609 0.01229 -0.00699 0.02162 0.01247 -0.03546 -0.03457 -0.00702 0.00512 0.02462 -0.01983 0.02394 0.01228 0.04970 -0.02841
-0.01435 0.05614 0.01140 -0.00550 -0.03807 -0.00027 -0.03547 -0.00868 -0.00252 -0.02810 -0.09909 0.00325 -0.00443 0.02378 0.02215 -0.01582 0.00818 0.01395 0.03289 0.00418 0.70783 0.01117 -0.02771 0.01649 -0.02637 0.00876 -0.01556 0.02501 -0.02478 -0.04628 0.02827 0.00010 -0.03112 0.05652 0.00235 -0.02311 0.00257 0.02072 0.01217 0.02224 -0.04509 0.00537 -0.01969 0.03343 0.01732 0.03700 0.00216 0.02270 -0.00170 0.02606
0.00063 -0.00761 0.01367 -0.01692 0.02425 0.06395 -0.00200 0.01103 -0.03612 0.07252 0.04154 0.02437 -0.02671 -0.01036 -0.00542 -0.02920 0.00012 0.02335 -0.06887 -0.00672 -0.01117 0.22973 -0.01169 0.01958 0.04952 -0.00725 0.02790 0.01550 -0.03770 0.01602 0.03604 0.01272 -0.03721 0.00098 0.03162 -0.00855 0.04091 0.01682 0.02077 -0.03533 0.04992 0.01184 0.02480 -0.02031 0.02335 0.02473 -0.02340 0.00690 0.03607 -0.01778
0.01058 -0.05352 -0.04670 0.02395 0.00740 0.03222 0.00637 -0.05248 0.00049 -0.04925 0.06561 0.01835 0.05712 -0.04271 -0.00391 0.06971 0.00831 0.00594 -0.02842 -0.07684 0.02771 0.01169 0.51386 -0.01769 -0.04229 -0.02919 -0.01129 0.01445 0.01507 0.04625 -0.00934 0.00214 0.00815 -0.01842 -0.00072 -0.05878 -0.04924 -0.00451 0.00351 0.00494 0.01494 -0.06817 0.03456 0.03293 0.00153 -0.03767 0.02904 0.01836 -0.01235 0.00655
0.04270 0.01348 -0.00341 0.04332 -0.01859 0.01205 -0.00919 0.01677 -0.02059 -0.01680 -0.03374 0.00053 -0.00706 -0.02520 -0.00206 -0.00160 0.00752 0.01030 0.04479 -0.04296 -0.01649 -0.01958 0.01769 0.13615 -0.01209 0.00660 0.01907 -0.02818 0.00489 0.04051 -0.01155 0.01398 0.05884 -0.00714 -0.05792 -0.00377 -0.01156 -0.01673 -0.02723 0.00869 -0.03584 -0.01589 0.00902 -0.00846 -0.02484 0.01943 0.04109 0.00714 0.02723 -0.00045
-0.01869 -0.00799 0.06438 -0.01508 0.01119 -0.00920 0.04181 0.00784 0.03806 0.04237 -0.04072 -0.01101 -0.00956 0.03968 0.03029 0.02631 -0.00600 0.01578 0.02840 -0.01256 0.02637 -0.04952 0.04229 0.01209 0.16859 0.01618 -0.01439 -0.00514 -0.00764 0.01362 -0.01471 0.02375 -0.01729 0.05372 -0.00833 -0.01154 0.00273 0.03472 -0.02276 0.02371 -0.00868 -0.03553 -0.03046 -0.01547 -0.04818 0.05175 0.01879 0.00384 -0.04805 0.05123
0.00268 0.01228 -0.02093 0.01184 0.01591 -0.03921 0.01837 -0.00185 0.02827 -0.02207 -0.01729 -0.02984 0.04992 0.03260 0.01223 0.01783 0.01058 -0.02682 0.04835 -0.00332 -0.00876 0.00725 0.02919 -0.00660 -0.01618 0.18835 -0.02544 -0.01302 0.03243 0.01017 -0.01216 -0.00296 0.01186 -0.01507 -0.03137 0.03576 -0.04174 -0.03064 -0.00933 0.04078 -0.04354 -0.02321 -0.01561 -0.00114 -0.00598 -0.01814 0.03162 -0.00745 -0.02410 0.03276
0.01128 -0.00409 0.01039 0.01632 -0.02341 0.02737 -0.04238 0.01886 -0.01864 -0.00689 -0.05660 0.00751 0.00433 -0.05697 0.01261 -0.03276 0.01641 -0.00774 0.02227 -0.02569 0.01556 -0.02790 0.01129 -0.01907 0.01439 0.02544 0.66466 0.04374 -0.02011 -0.00126 0.01050 0.02008 0.06561 0.02217 -0.02967 -0.04870 0.00063 0.04899 -0.02131 0.01248 0.00055 -0.02567 -0.00063 0.04784 -0.00484 0.04816 0.02702 0.03374 -0.04483 0.07420
0.03406 0.02957 0.01960 0.01605 -0.01472 0.01849 -0.03096 0.03798 -0.01259 -0.02748 -0.04776 -0.00264 -0.01255 0.00961 0.04126 -0.02330 0.04353 -0.00608 0.04209 0.02017 -0.02501 -0.01550 -0.01445 0.02818 0.00514 0.01302 -0.04374 0.63119 0.02528 -0.04720 0.03112 0.00157 0.05469 0.01505 -0.03971 -0.00400 0.00530 0.02641 0.01055 0.02875 -0.06355 0.02638 -0.00602 0.01733 0.00100 0.01085 -0.03310 -0.01332 -0.02350 0.05527
-0.07192 -0.01455 -0.08025 0.03312 0.01428 -0.02059 0.01321 -0.05855 0.00483 -0.03818 0.00784 0.00661 0.02815 0.00799 -0.03339 0.00933 0.00621 -0.02296 0.00921 0.03626 0.02478 0.03770 -0.01507 -0.00489 0.00764 -0.03243 0.02011 -0.02528 1.05454 0.02392 -0.03620 -0.02614 -0.02180 0.02705 0.04632 -0.01672 -0.00165 -0.02739 0.00723 -0.00323 0.04292 -0.00227 -0.03078 -0.02776 -0.03811 -0.03497 -0.03042 -0.02036 0.01554 -0.01418
-0.06420 -0.01441 -0.02976 0.00852 -0.02541 0.00318 -0.02367 -0.08364 0.01035 0.00265 0.03171 -0.00395 0.01977 -0.00169 -0.05208 -0.02813 -0.02144 0.00977 -0.00103 -0.01904 0.04628 -0.01602 -0.04625 -0.04051 -0.01362 -0.01017 0.00126 0.04720 -0.02392 0.56189 -0.03821 0.02321 -0.04332 0.01299 0.02686 -0.03863 -0.00262 0.01303 -0.01368 -0.03906 0.01476 -0.01707 0.01024 -0.01497 -0.01075 0.01938 -0.01506 0.03462 -0.04717 0.03112
0.00236 0.00013 -0.00690 0.01460 -0.03733 0.00807 -0.00346 0.00609 0.00479 -0.00045 -0.02533 -0.00715 0.02499 -0.00505 0.02887 0.00774 0.01489 -0.01018 0.06947 0.04871 -0.02827 -0.03604 0.00934 0.01155 0.01471 0.01216 -0.01050 -0.03112 0.03620 0.03821 1.01848 -0.00785 -0.01242 0.00068 0.02422 0.04913 -0.05223 -0.01479 -0.01506 0.05490 -0.06353 0.00246 -0.03178 0.01063 -0.04234 -0.00835 0.01495 -0.01605 -0.01064 0.02100
0.01565 0.01861 0.03858 0.01082 -0.01331 -0.07457 -0.00284 0.02540 0.03991 0.02991 -0.03259 -0.02280 -0.01835 0.01527 0.03710 0.00120 0.03052 -0.04107 0.06512 -0.00808 -0.00010 -0.01272 -0.00214 -0.01398 -0.02375 0.00296 -0.02008 -0.00157 0.02614 -0.02321 0.00785 0.36464 0.00188 -0.02073 -0.01539 0.04670 -0.01458 -0.00081 -0.01574 0.02723 -0.03902 -0.01352 -0.01708 -0.01044 -0.03969 -0.00196 0.01531 -0.00898 -0.00653 0.02322
-0.01038 -0.05161 -0.01497 0.03472 0.02824 -0.05479 0.01086 -0.03279 0.01629 0.00008 0.01368 -0.00052 -0.00481 0.01003 -0.01602 0.00871 0.01805 -0.05964 -0.04162 0.00010 0.03112 0.03721 -0.00815 -0.05884 0.01729 -0.01186 -0.06561 -0.05469 0.02180 0.04332 0.01242 -0.00188 0.63332 -0.08262 0.03330 0.03985 -0.02223 -0.02067 -0.08040 0.03806 0.04841 -0.01450 -0.01075 -0.03578 -0.01663 -0.01918 -0.00734 -0.01817 0.02830 0.00435
0.03360 0.02184 0.01858 -0.02781 -0.04959 0.00392 0.00514 0.00337 -0.05018 -0.05231 -0.04819 0.01153 -0.00862 -0.00236 0.02727 0.02694 -0.02084 -0.04527 0.03652 0.06962 -0.05652 -0.00098 0.01842 0.00714 -0.05372 0.01507 -0.02217 -0.01505 -0.02705 -0.01299 -0.00068 0.02073 0.08262 0.38060 -0.01818 -0.03334 0.03262 -0.03946 0.04508 0.03047 -0.04094 0.07044 0.01383 0.04541 0.04749 0.00811 -0.07910 -0.00590 0.01356 0.01410
0.05564 0.01712 0.01378 -0.04717 -0.01914 0.01524 0.00395 0.05754 -0.01632 0.04049 -0.03701 0.04059 -0.02205 -0.04114 -0.02690 -0.01199 -0.03515 0.02509 0.02758 0.03581 -0.00235 -0.03162 0.00072 0.05792 0.00833 0.03137 0.02967 0.03971 -0.04632 -0.02686 -0.02422 0.01539 -0.03330 0.01818 0.86700 -0.01330 0.03124 -0.00713 0.04589 -0.02971 -0.05025 0.02310 -0.00360 0.03657 0.01524 -0.01118 -0.03964 0.04590 0.02838 0.01772
-0.03227 0.00655 -0.05227 -0.05239 0.01501 -0.00012 0.06529 -0.03708 0.00448 0.00071 0.01135 -0.05780 0.00213 0.01685 -0.06852 0.00271 0.01612 0.02003 -0.00561 -0.03609 0.02311 0.00855 0.05878 0.00377 0.01154 -0.03576 0.04870 0.00400 0.01672 0.03863 -0.04913 -0.04670 -0.03985 0.03334 0.01330 0.47091 -0.01665 0.00001 0.00578 0.02052 0.04456 -0.04762 -0.00680 -0.03232 -0.02469 -0.03281 0.03541 -0.01370 -0.02263 -0.00884
0.03422 0.01820 0.04941 -0.03158 -0.01239 0.00050 0.00066 0.04322 -0.01067 0.00233 0.01228 -0.01089 -0.02768 0.02501 -0.00670 -0.01813 0.01472 -0.01079 -0.02863 -0.01229 -0.00257 -0.04091 0.04924 0.01156 -0.00273 0.04174 -0.00063 -0.00530 0.00165 0.00262 0.05223 0.01458 0.02223 -0.03262 -0.03124 0.01665 0.97021 0.00761 -0.02880 -0.07721 0.00286 0.00709 -0.01509 0.01152 0.04169 0.04078 0.00445 0.05582 0.00252 0.02877
0.00192 0.02519 0.01453 0.01531 -0.02518 -0.04614 0.03403 0.02945 0.06020 -0.04205 -0.03513 -0.03147 0.05448 0.02755 0.04315 0.04282 0.01355 -0.09948 0.03429 0.00699 -0.02072 -0.01682 0.00451 0.01673 -0.03472 0.03064 -0.04899 -0.02641 0.02739 -0.01303 0.01479 0.00081 0.02067 0.03946 0.00713 -0.00001 -0.00761 0.48287 -0.01312 0.00466 -0.01088 0.01743 -0.03626 0.01794 -0.01604 0.00052 -0.01219 -0.01734 -0.03973 0.04212
0.02148 0.02345 0.02101 0.00689 -0.06691 -0.00968 -0.01621 -0.00186 -0.02676 -0.00495 -0.05418 -0.00741 -0.00965 -0.01496 -0.01908 -0.01021 -0.02057 0.01352 0.04751 -0.02162 -0.01217 -0.02077 -0.00351 0.02723 0.02276 0.00933 0.02131 -0.01055 -0.00723 0.01368 0.01506 0.01574 0.08040 -0.04508 -0.04589 -0.00578 0.02880 0.01312 0.28842 -0.01224 -0.04381 -0.00178 -0.00860 0.03672 0.01912 0.00332 0.01827 0.01616 0.03498 0.05137
-0.02503 -0.00977 -0.04493 0.02631 0.04513 -0.00354 -0.01161 -0.07189 0.04107 -0.01258 -0.05701 -0.03661 0.02016 -0.00685 -0.00295 0.02159 0.01346 -0.01382 0.01692 -0.01247 -0.02224 0.03533 -0.00494 -0.00869 -0.02371 -0.04078 -0.01248 -0.02875 0.00323 0.03906 -0.05490 -0.02723 -0.03806 -0.03047 0.02971 -0.02052 0.07721 -0.00466 0.01224 0.93499 -0.00523 -0.00650 -0.04132 -0.00831 -0.01679 -0.06113 0.02007 -0.05591 0.03499 0.00412
0.06605 -0.05334 0.06748 -0.04284 -0.04481 0.01593 -0.02598 0.04958 -0.02394 0.03375 0.06013 0.00039 -0.04523 -0.02517 -0.04788 -0.03621 -0.02262 0.01085 -0.03874 0.03546 0.04509 -0.04992 -0.01494 0.03584 0.00868 0.04354 -0.00055 0.06355 -0.04292 -0.01476 0.06353 0.03902 -0.04841 0.04094 0.05025 -0.04456 -0.00286 0.01088 0.04381 0.00523 1.00817 0.03627 0.04960 0.04634 0.01734 0.04121 -0.03413 0.05733 -0.02193 -0.03569
0.03860 0.03438 0.04286 -0.04368 -0.04773 -0.02939 0.00031 0.04820 -0.03593 0.06578 -0.01163 0.01455 -0.06633 -0.04151 -0.00000 0.01655 -0.01503 0.00222 0.00535 0.03457 -0.00537 -0.01184 0.06817 0.01589 0.03553 0.02321 0.02567 -0.02638 0.00227 0.01707 -0.00246 0.01352 0.01450 -0.07044 -0.02310 0.04762 -0.00709 -0.01743 0.00178 0.00650 -0.03627 0.73407 0.00930 0.01108 -0.00117 -0.01902 -0.00993 0.00784 0.06411 -0.01079
0.04992 -0.01147 0.02973 -0.04272 -0.03896 0.00686 -0.03725 0.04397 0.01690 0.02737 -0.04386 -0.04086 0.01071 -0.02779 -0.03296 0.00859 0.01994 -0.01656 -0.00022 0.00702 0.01969 -0.02480 -0.03456 -0.00902 0.03046 0.01561 0.00063 0.00602 0.03078 -0.01024 0.03178 0.01708 0.01075 -0.01383 0.00360 0.00680 0.01509 0.03626 0.00860 0.04132 -0.04960 -0.00930 0.89824 0.03829 0.05472 0.00365 0.02118 -0.04865 0.04030 -0.06968
0.07160 0.03003 0.02329 0.07762 -0.05435 -0.01422 -0.01416 0.02449 -0.00097 0.00792 -0.03921 0.01261 0.00721 -0.02673 0.03573 -0.00941 0.01611 -0.01073 0.04242 -0.00512 -0.03343 0.02031 -0.03293 0.00846 0.01547 0.00114 -0.04784 -0.01733 0.02776 0.01497 -0.01063 0.01044 0.03578 -0.04541 -0.03657 0.03232 -0.01152 -0.01794 -0.03672 0.00831 -0.04634 -0.01108 -0.03829 0.29337 0.00959 0.00425 0.04133 -0.01378 0.01335 0.00755
0.05534 -0.00194 0.03114 0.02425 -0.00950 0.02059 -0.02747 0.00840 -0.02739 0.01118 -0.01222 -0.01260 -0.00469 -0.04904 -0.00194 -0.03576 0.02838 0.00497 0.03217 -0.02462 -0.01732 -0.02335 -0.00153 0.02484 0.04818 0.00598 0.00484 -0.00100 0.03811 0.01075 0.04234 0.03969 0.01663 -0.04749 -0.01524 0.02469 -0.04169 0.01604 -0.01912 0.01679 -0.01734 0.00117 -0.05472 -0.00959 0.55048 0.02401 0.04424 -0.04078 0.06408 -0.02513
-0.00913 0.02550 0.03908 0.00695 -0.01329 -0.02087 0.01133 -0.00648 0.03862 0.03096 -0.01779 -0.01694 0.01246 0.04803 0.03318 0.03722 0.02534 -0.03297 0.02402 0.01983 -0.03700 -0.02473 0.03767 -0.01943 -0.05175 0.01814 -0.04816 -0.01085 0.03497 -0.01938 0.00835 0.00196 0.01918 -0.00811 0.01118 0.03281 -0.04078 -0.00052 -0.00332 0.06113 -0.04121 0.01902 -0.00365 -0.00425 -0.02401 0.30666 -0.01219 -0.02884 -0.01081 0.01893
-0.03026 -0.03345 -0.03199 0.04941 0.04857 0.02403 -0.00434 -0.04045 -0.00689 -0.03103 0.03439 -0.05131 0.04014 0.02731 0.01318 -0.02048 0.01680 -0.01644 -0.03702 -0.02394 -0.00216 0.02340 -0.02904 -0.04109 -0.01879 -0.03162 -0.02702 0.03310 0.03042 0.01506 -0.01495 -0.01531 0.00734 0.07910 0.03964 -0.03541 -0.00445 0.01219 -0.01827 -0.02007 0.03413 0.00993 -0.02118 -0.04133 -0.04424 0.01219 0.77308 -0.01679 -0.06373 0.01239
0.01147 0.03353 0.01480 0.01915 -0.03696 -0.01218 -0.00182 0.03509 0.01818 -0.01669 -0.01343 -0.00093 0.00740 -0.03942 0.04224 -0.01659 0.00436 -0.01614 0.04857 -0.01228 -0.02270 -0.00690 -0.01836 -0.00714 -0.00384 0.00745 -0.03374 0.01332 0.02036 -0.03462 0.01605 0.00898 0.01817 0.00590 -0.04590 0.01370 -0.05582 0.01734 -0.01616 0.05591 -0.05733 -0.00784 0.04865 0.01378 0.04078 0.02884 0.01679 0.85186 -0.01344 -0.01779
-0.00089 0.01594 0.03886 0.01152 0.01727 0.05080 0.01150 -0.02316 0.00721 0.05817 -0.00802 0.00419 -0.01322 -0.03044 0.00944 -0.01096 -0.02031 0.07571 0.00900 -0.04970 0.00170 -0.03607 0.01235 -0.02723 0.04805 0.02410 0.04483 0.02350 -0.01554 0.04717 0.01064 0.00653 -0.02830 -0.01356 -0.02838 0.02263 -0.00252 0.03973 -0.03498 -0.03499 0.02193 -0.06411 -0.04030 -0.01335 -0.06408 0.01081 0.06373 0.01344 0.14112 0.10875
-0.02105 0.04115 -0.04372 0.01840 0.01853 -0.04508 0.04324 -0.03136 0.01118 -0.03560 0.02057 -0.00864 -0.02136 0.02558 0.02066 0.01896 0.00853 -0.00639 -0.01724 0.02841 -0.02606 0.01778 -0.00655 0.00045 -0.05123 -0.03276 -0.07420 -0.05527 0.01418 -0.03112 -0.02100 -0.02322 -0.00435 -0.01410 -0.01772 0.00884 -0.02877 -0.04212 -0.05137 -0.00412 0.03569 0.01079 0.06968 -0.00755 0.02513 -0.01893 -0.01239 0.01779 -0.10875 0.87999
