0.26452 -0.00672 -0.00003 0.06098 0.04939 -0.00755 -0.00559 -0.01502 0.00314 0.00080 -0.02589 -0.02847 -0.00299 -0.00236 0.01858 -0.01837 0.00821 0.00707 0.02895 -0.03417 0.00949 -0.00512 -0.04165 -0.04133 0.02741 0.00073 -0.01876 -0.01519 0.04775 0.04639 -0.00538 0.00454 0.00635 -0.01607 -0.04402 0.02237 0.00174 0.00498 -0.01842 0.00356 -0.04633 -0.02677 -0.04165 -0.06027 -0.04592 0.01459 0.02194 -0.01759 -0.01589 0.01467
0.00672 0.67740 -0.03679 0.04092 0.02981 -0.01328 0.01641 0.00956 -0.00070 -0.00273 0.08561 0.01741 0.02604 -0.02190 0.02321 0.03509 0.00862 0.00307 -0.02708 -0.05096 -0.05121 0.01416 0.05447 -0.02106 0.00973 -0.00775 -0.00625 -0.03634 0.01594 0.01270 -0.00318 -0.01391 0.06047 -0.05459 -0.03450 0.01010 -0.00756 -0.03330 -0.02801 0.01014 0.05158 -0.03370 0.02193 -0.03129 0.00632 -0.02183 0.03290 -0.02782 0.00471 -0.04589
0.00003 0.03679 0.12852 0.01916 0.01453 -0.04952 0.00984 0.00295 0.05281 0.00029 -0.05560 -0.02554 0.04154 0.02143 0.04596 0.05235 0.01550 -0.00598 0.03750 -0.02506 -0.01996 -0.01346 0.02029 0.00235 -0.03735 0.02405 -0.01437 -0.02417 0.03975 0.02171 -0.00864 -0.02057 0.01901 -0.00646 -0.00684 0.04445 -0.00582 -0.01236 -0.01055 0.01062 -0.04363 -0.02705 -0.03878 -0.01200 -0.02217 -0.03810 0.02384 -0.03430 -0.03469 0.02373
-0.06098 -0.04092 -0.01916 0.68629 0.04133 0.00528 -0.00388 -0.02306 0.01566 0.01303 0.05473 0.00157 -0.00022 0.01105 -0.03101 0.01035 0.00898 -0.00702 -0.04042 0.01251 0.02801 0.00208 -0.00976 -0.04025 -0.00883 -0.01077 0.00097 0.02792 -0.01283 -0.00315 -0.00925 -0.01661 -0.01490 0.05191 0.03463 0.00791 0.00998 0.00470 -0.00173 -0.00769 0.03322 0.02537 0.05056 -0.06067 -0.03318 0.00098 -0.04032 0.00907 -0.03308 -0.00164
-0.04939 -0.02981 -0.01453 -0.04133 0.45414 -0.01866 -0.00486 -0.03248 -0.00319 0.01035 0.05730 0.01069 -0.00993 0.01377 -0.02693 -0.01592 0.00573 0.00980 -0.04880 0.06330 0.04328 -0.01159 -0.00831 0.00752 -0.01629 -0.02103 0.01515 0.00794 -0.01922 0.03007 0.02260 0.00269 -0.03475 0.04233 0.02439 -0.00248 -0.00149 0.01600 0.04404 -0.01493 0.03417 0.04204 0.04788 0.03194 -0.00234 0.00865 -0.04737 0.03759 -0.01204 -0.01498
0.00755 0.01328 0.04952 -0.00528 0.01866 0.73007 -0.04424 0.01357 0.04209 0.06897 -0.04122 -0.01528 -0.02480 0.00502 0.02658 0.00209 -0.00691 -0.00632 0.02165 -0.01326 -0.00599 -0.04039 -0.02151 -0.01896 0.01046 0.01896 -0.02929 -0.02316 0.00174 0.00467 0.00675 0.04266 0.02302 -0.01442 -0.00891 0.00952 -0.00140 0.04982 -0.01081 0.00321 -0.01769 -0.00530 -0.02515 -0.00216 -0.02015 0.00209 0.00374 -0.01105 -0.03717 0.03889
0.00559 -0.01641 -0.00984 0.00388 0.00486 0.04424 0.55005 -0.00838 -0.08019 -0.02476 0.03590 0.02687 -0.00713 -0.01288 -0.03710 -0.01944 -0.00103 0.02996 0.00335 -0.00904 0.03638 0.00840 -0.00576 0.01181 -0.00310 -0.00666 0.03427 0.01781 -0.00602 0.00620 0.00913 0.00872 -0.01873 -0.02049 0.00003 -0.03955 -0.00875 -0.05097 0.01236 0.01831 0.02419 0.01480 0.03928 0.00161 0.02599 -0.00231 -0.00953 0.00275 0.02198 -0.04227
0.01502 -0.00956 -0.00295 0.02306 0.03248 -0.01357 0.00838 0.61398 0.02124 0.01707 -0.02729 -0.02169 0.00073 -0.01849 0.02069 0.01789 0.02073 -0.00620 0.02321 -0.02249 -0.00293 -0.00957 0.01169 -0.02538 0.01056 0.00368 -0.03171 -0.02350 0.02729 0.06382 -0.00561 -0.00390 0.02499 0.00659 -0.04373 0.03337 -0.01403 -0.01881 -0.00199 0.03843 -0.02855 -0.03594 -0.05011 -0.01784 0.00120 0.01298 0.03742 -0.04980 0.01355 0.02073
-0.00314 0.00070 -0.05281 -0.01566 0.00319 -0.04209 0.08019 -0.02124 0.82731 -0.06360 0.01707 -0.01271 0.03947 0.00420 -0.02465 0.01549 0.02057 -0.04443 -0.00291 0.00349 0.01327 0.04122 0.01035 0.01176 -0.03744 -0.02476 0.01482 -0.00146 -0.00288 -0.00065 -0.00072 -0.04235 -0.01195 0.02374 0.00785 0.00145 0.01178 -0.07273 0.02431 -0.02828 0.01695 0.02389 -0.00637 -0.00242 0.02251 -0.04274 0.00337 -0.00925 0.02047 -0.01228
-0.00080 0.00273 -0.00029 -0.01303 -0.01035 -0.06897 0.02476 -0.01707 0.06360 0.30824 -0.03129 -0.02153 0.02249 0.00163 0.02497 0.03499 0.00324 -0.02484 0.02244 -0.00596 0.00213 -0.03581 0.01638 -0.00049 -0.01579 0.02567 -0.02816 -0.01239 0.02003 -0.00542 -0.00406 -0.00104 0.00964 0.01783 -0.03508 0.01421 0.01031 0.00043 0.00034 -0.00169 -0.02463 -0.02470 -0.03224 0.00040 -0.00401 -0.02510 0.00565 -0.00209 -0.03677 0.03042
0.02589 -0.08561 0.05560 -0.05473 -0.05730 0.04122 -0.03590 0.02729 -0.01707 0.03129 0.98483 -0.02018 -0.01593 -0.02477 -0.01646 -0.03433 -0.01581 0.03721 -0.02988 0.03058 0.08347 -0.04159 -0.06925 0.03156 0.04549 0.01673 0.04705 0.03999 -0.01405 -0.02225 0.03827 0.03573 -0.03008 0.03893 0.04276 -0.00577 -0.00996 0.03258 0.04785 0.03124 -0.05319 0.01552 0.02041 0.03936 0.02210 0.01520 -0.02634 -0.00304 0.01230 -0.02698
0.02847 -0.01741 0.02554 -0.00157 -0.01069 0.01528 -0.02687 0.02169 0.01271 0.02153 0.02018 0.31685 -0.00586 -0.02458 0.01310 -0.03738 -0.01702 0.02781 0.02228 -0.01354 -0.00494 -0.02544 -0.02133 -0.00075 0.00953 0.03360 -0.01085 0.00144 0.00106 -0.00029 0.01103 0.02736 0.01844 0.00215 -0.03746 0.03209 0.00143 0.03356 0.01014 0.02653 0.00385 0.00245 0.03555 0.00343 0.01779 0.02815 0.03160 0.00620 -0.01385 0.01452
0.00299 -0.02604 -0.04154 0.00022 0.00993 0.02480 0.00713 -0.00073 -0.03947 -0.02249 0.01593 0.00586 0.59351 -0.04380 -0.00996 -0.00281 -0.01129 0.01597 -0.01149 0.02043 0.02176 0.01498 -0.02060 0.01742 -0.00295 -0.05208 0.01656 0.01747 -0.01085 -0.00792 -0.01467 -0.02527 -0.00906 0.00538 0.01570 0.00406 0.00640 -0.04523 0.00872 -0.00503 0.03087 0.02549 -0.01325 -0.02201 -0.00557 -0.02534 -0.01704 0.00474 0.01656 0.02311
0.00236 0.02190 -0.02143 -0.01105 -0.01377 -0.00502 0.01288 0.01849 -0.00420 -0.00163 0.02477 0.02458 0.04380 0.27041 -0.01622 0.01764 -0.01902 -0.00069 -0.02268 0.02338 -0.02103 0.01632 0.02235 0.01251 -0.02754 -0.02598 0.04283 -0.00757 -0.00880 -0.01362 0.01080 -0.00941 -0.00611 -0.01308 0.03126 -0.00250 -0.02453 -0.01535 0.00400 0.00421 0.02285 0.03062 0.01965 0.01662 0.04687 -0.03698 -0.01745 0.02819 0.04228 -0.02414
-0.01858 -0.02321 -0.04596 0.03101 0.02693 -0.02658 0.03710 -0.02069 0.02465 -0.02497 0.01646 -0.01310 0.00996 0.01622 0.77064 0.02830 0.02665 -0.01979 -0.01576 -0.00373 -0.00924 0.00914 0.00917 -0.01363 -0.03286 -0.01420 -0.01602 -0.03137 0.01846 0.05558 -0.01816 -0.04244 0.01888 -0.02241 0.01139 0.04090 -0.00890 -0.03142 -0.00158 0.00860 0.04183 -0.02666 0.01647 -0.03978 -0.00726 -0.03011 0.01797 -0.03999 -0.01499 -0.01305
0.01837 -0.03509 -0.05235 -0.01035 0.01592 -0.00209 0.01944 -0.01789 -0.01549 -0.03499 0.03433 0.03738 0.00281 -0.01764 -0.02830 0.38809 0.00931 0.00366 -0.01855 -0.00008 0.02134 0.02634 -0.04407 0.01006 -0.02177 -0.01231 0.03586 0.01776 0.00192 0.02350 -0.01066 -0.00033 -0.00477 -0.02170 0.01535 0.00342 0.01030 -0.05428 0.01706 -0.00392 0.03055 0.00019 0.00632 0.00772 0.03244 -0.03364 0.00082 0.03002 0.02367 -0.01302
-0.00821 -0.00862 -0.01550 -0.00898 -0.00573 0.00691 0.00103 -0.02073 -0.02057 -0.00324 0.01581 0.01702 0.01129 0.01902 -0.02665 -0.00931 1.05354 0.00422 -0.01929 0.01390 -0.01078 -0.00594 -0.01141 -0.00252 0.00705 -0.00318 -0.01304 -0.01233 0.00147 0.00088 -0.00643 -0.01343 -0.01470 0.01977 0.02627 -0.01209 -0.00152 0.00014 0.02107 -0.02722 0.02452 0.01615 -0.00740 -0.00668 -0.00380 -0.01013 -0.00905 -0.00016 0.01237 -0.00997
-0.00707 -0.00307 0.00598 0.00702 -0.00980 0.00632 -0.02996 0.00620 0.04443 0.02484 -0.03721 -0.02781 -0.01597 0.00069 0.01979 -0.00366 -0.00422 0.78525 0.00688 0.00698 -0.02543 -0.00900 0.00048 -0.01032 0.01006 0.01710 0.00157 -0.02083 0.01413 -0.00090 -0.00496 0.03061 0.03402 0.01018 -0.01719 0.01186 0.00736 0.06162 -0.01800 0.01475 -0.01334 0.00740 0.01016 -0.00461 -0.00895 0.01081 0.01159 -0.00100 -0.03452 -0.01037
-0.02895 0.02708 -0.03750 0.04042 0.04880 -0.02165 -0.00335 -0.02321 0.00291 -0.02244 0.02988 -0.02228 0.01149 0.02268 0.01576 0.01855 0.01929 -0.00688 1.04749 -0.04097 -0.04035 0.04736 0.03180 -0.03494 -0.02196 -0.02836 -0.02243 -0.02985 0.01268 -0.00380 -0.04652 -0.04511 0.03272 -0.03499 -0.02916 0.01166 0.02096 -0.02382 -0.04447 -0.02923 0.03792 -0.00291 -0.00288 -0.03277 -0.02031 -0.00989 0.03635 -0.03534 -0.01306 0.02119
0.03417 0.05096 0.02506 -0.01251 -0.06330 0.01326 0.00904 0.02249 -0.00349 0.00596 -0.03058 0.01354 -0.02043 -0.02338 0.00373 0.00008 -0.01390 -0.00698 0.04097 0.58670 -0.02756 0.01720 0.03018 0.02877 0.00196 0.00138 -0.00310 -0.01537 -0.02302 -0.01489 -0.00732 0.01989 0.02173 -0.04702 -0.02918 0.01211 -0.00237 0.00417 0.00599 0.00113 -0.03187 0.00315 -0.02264 0.02057 0.03670 -0.00151 0.00788 0.00038 0.03005 0.00447
-0.00949 0.05121 0.01996 -0.02801 -0.04328 0.00599 -0.03638 0.00293 -0.01327 -0.00213 -0.08347 0.00494 -0.02176 0.02103 0.00924 -0.02134 0.01078 0.02543 0.04035 0.02756 0.73135 -0.00329 -0.02088 0.02986 -0.00840 0.01321 0.00346 0.01119 -0.02004 -0.04374 0.00937 0.00355 -0.04456 0.05742 0.01043 -0.00649 0.00177 0.01650 0.03047 0.01121 -0.04262 0.01796 -0.02212 0.03720 0.01664 0.03369 -0.01307 0.02159 0.00284 0.01487
0.00512 -0.01416 0.01346 -0.00208 0.01159 0.04039 -0.00840 0.00957 -0.04122 0.03581 0.04159 0.02544 -0.01498 -0.01632 -0.00914 -0.02634 0.00594 0.00900 -0.04736 -0.01720 0.00329 0.22292 -0.01162 0.00916 0.03296 -0.00607 0.02367 0.02342 -0.02704 0.01779 0.01720 0.00629 -0.00460 0.00380 0.02364 -0.01626 0.00984 0.02119 0.01266 -0.00755 0.03217 0.01390 0.03717 -0.01602 0.01521 0.03719 -0.02580 0.02403 0.02232 -0.00328
0.04165 -0.05447 -0.02029 0.00976 0.00831 0.02151 0.00576 -0.01169 -0.01035 -0.01638 0.06925 0.02133 0.02060 -0.02235 -0.00917 0.04407 0.01141 -0.00048 -0.03180 -0.03018 0.02088 0.01162 0.55965 -0.00481 -0.00613 -0.01738 -0.01863 0.00392 0.01772 0.02020 -0.00934 0.01064 -0.00053 -0.03558 0.00562 -0.02361 -0.01369 -0.02737 0.01214 -0.00524 0.02360 -0.03761 0.04797 0.02392 0.00958 -0.03076 0.00159 0.02217 0.02854 -0.00541
0.04133 0.02106 -0.00235 0.04025 -0.00752 0.01896 -0.01181 0.02538 -0.01176 0.00049 -0.03156 0.00075 -0.01742 -0.01251 0.01363 -0.01006 0.00252 0.01032 0.03494 -0.02877 -0.02986 -0.00916 0.00481 0.14725 0.00285 0.00460 0.00965 -0.02962 0.00040 0.02204 -0.00252 0.01792 0.02619 -0.02259 -0.04918 0.02742 -0.00504 -0.01836 -0.04149 -0.00579 -0.02810 -0.01106 -0.00277 -0.02645 -0.01210 0.01751 0.04490 -0.01210 0.04298 -0.00543
-0.02741 -0.00973 0.03735 0.00883 0.01629 -0.01046 0.00310 -0.01056 0.03744 0.01579 -0.04549 -0.00953 0.00295 0.02754 0.03286 0.02177 -0.00705 -0.01006 0.02196 -0.00196 0.00840 -0.03296 0.00613 -0.00285 0.20400 0.00567 -0.03538 -0.02588 -0.01018 0.01939 -0.00475 0.01965 0.00063 0.03197 -0.01062 -0.01261 -0.00442 0.02255 -0.02890 0.00963 -0.01036 -0.01766 -0.04779 -0.01334 -0.04881 0.04161 0.01481 -0.01612 -0.04188 0.05534
-0.00073 0.00775 -0.02405 0.01077 0.02103 -0.01896 0.00666 -0.00368 0.02476 -0.02567 -0.01673 -0.03360 0.05208 0.02598 0.01420 0.01231 0.00318 -0.01710 0.02836 -0.00138 -0.01321 0.00607 0.01738 -0.00460 -0.00567 0.17296 -0.02415 -0.00982 0.02129 0.00523 -0.00808 0.00859 0.00864 -0.00805 -0.02963 0.02672 -0.01093 -0.02549 -0.00094 0.01501 -0.02434 -0.02125 -0.02092 0.00715 0.00262 -0.01999 0.03077 -0.01871 -0.02276 0.02119
0.01876 0.00625 0.01437 -0.00097 -0.01515 0.02929 -0.03427 0.03171 -0.01482 0.02816 -0.04705 0.01085 -0.01656 -0.04283 0.01602 -0.03586 0.01304 -0.00157 0.02243 0.00310 -0.00346 -0.02367 0.01863 -0.00965 0.03538 0.02415 0.68918 0.02565 -0.02133 -0.00070 0.00086 0.01694 0.03274 -0.00785 -0.02056 0.00205 -0.00812 0.03365 -0.02747 0.00397 -0.00410 -0.01444 -0.01053 0.03129 -0.00212 0.03928 0.02645 0.01898 -0.01691 0.06212
0.01519 0.03634 0.02417 -0.02792 -0.00794 0.02316 -0.01781 0.02350 0.00146 0.01239 -0.03999 -0.00144 -0.01747 0.00757 0.03137 -0.01776 0.01233 0.02083 0.02985 0.01537 -0.01119 -0.02342 -0.00392 0.02962 0.02588 0.00982 -0.02565 0.63996 -0.00247 -0.03313 0.01458 -0.00290 0.01016 0.00263 -0.03434 0.01810 0.01074 0.02874 0.00453 0.01429 -0.05721 0.00425 -0.02480 0.00968 -0.00011 -0.00187 -0.00388 -0.02628 -0.01281 0.03204
-0.04775 -0.01594 -0.03975 0.01283 0.01922 -0.00174 0.00602 -0.02729 0.00288 -0.02003 0.01405 -0.00106 0.01085 0.00880 -0.01846 -0.00192 -0.00147 -0.01413 -0.01268 0.02302 0.02004 0.02704 -0.01772 -0.00040 0.01018 -0.02129 0.02133 0.00247 1.06253 0.00741 -0.02729 -0.00640 -0.01942 0.02394 0.03905 -0.01174 0.00699 -0.01471 0.00844 -0.01910 0.04559 0.00172 -0.02167 -0.01675 -0.01383 -0.01754 -0.02579 -0.01218 0.00780 -0.01564
-0.04639 -0.01270 -0.02171 0.00315 -0.03007 -0.00467 -0.00620 -0.06382 0.00065 0.00542 0.02225 0.00029 0.00792 0.01362 -0.05558 -0.02350 -0.00088 0.00090 0.00380 0.01489 0.04374 -0.01779 -0.02020 -0.02204 -0.01939 -0.00523 0.00070 0.03313 -0.00741 0.59621 -0.01820 0.02405 -0.04374 0.01339 0.03287 -0.03409 0.00116 -0.00506 -0.00360 -0.02640 0.01677 0.00259 0.02198 -0.01757 -0.00924 0.01587 -0.04147 0.04554 -0.02997 0.03779
0.00538 0.00318 0.00864 0.00925 -0.02260 -0.00675 -0.00913 0.00561 0.00072 0.00406 -0.03827 -0.01103 0.01467 -0.01080 0.01816 0.01066 0.00643 0.00496 0.04652 0.00732 -0.00937 -0.01720 0.00934 0.00252 0.00475 0.00808 -0.00086 -0.01458 0.02729 0.01820 1.05103 -0.00817 0.00882 -0.00525 -0.00067 0.02181 -0.01208 -0.00589 -0.01053 0.04400 -0.04998 -0.00993 -0.01534 0.00962 -0.02931 -0.00396 0.01996 -0.01098 -0.00323 0.01746
-0.00454 0.01391 0.02057 0.01661 -0.00269 -0.04266 -0.00872 0.00390 0.04235 0.00104 -0.03573 -0.02736 0.02527 0.00941 0.04244 0.00033 0.01343 -0.03061 0.04511 -0.01989 -0.00355 -0.00629 -0.01064 -0.01792 -0.01965 -0.00859 -0.01694 0.00290 0.00640 -0.02405 0.00817 0.34959 0.00002 -0.00766 -0.01536 0.02722 0.00306 0.00981 -0.01401 0.00849 -0.02545 -0.01924 -0.02871 -0.00237 -0.03535 -0.00418 0.02246 -0.02280 -0.01215 0.01757
-0.00635 -0.06047 -0.01901 0.01490 0.03475 -0.02302 0.01873 -0.02499 0.01195 -0.00964 0.03008 -0.01844 0.00906 0.00611 -0.01888 0.00477 0.01470 -0.03402 -0.03272 -0.02173 0.04456 0.00460 0.00053 -0.02619 -0.00063 -0.00864 -0.03274 -0.01016 0.01942 0.04374 -0.00882 -0.00002 0.69793 0.00177 0.03140 0.00487 -0.01448 0.00045 -0.05280 0.02559 0.05396 -0.01851 -0.00378 -0.03148 -0.02068 -0.02027 0.00604 -0.00178 -0.01815 -0.00095
0.01607 0.05459 0.00646 -0.05191 -0.04233 0.01442 0.02049 -0.00659 -0.02374 -0.01783 -0.03893 -0.00215 -0.00538 0.01308 0.02241 0.02170 -0.01977 -0.01018 0.03499 0.04702 -0.05742 -0.00380 0.03558 0.02259 -0.03197 0.00805 0.00785 -0.00263 -0.02394 -0.01339 0.00525 0.00766 -0.00177 0.43591 -0.01179 -0.00430 0.01175 -0.01647 0.04172 0.01228 -0.04189 0.03364 -0.01505 0.02633 0.04350 -0.00453 -0.02957 -0.02274 0.01744 -0.00087
0.04402 0.03450 0.00684 -0.03463 -0.02439 0.00891 -0.00003 0.04373 -0.00785 0.03508 -0.04276 0.03746 -0.01570 -0.03126 -0.01139 -0.01535 -0.02627 0.01719 0.02916 0.02918 -0.01043 -0.02364 -0.00562 0.04918 0.01062 0.02963 0.02056 0.03434 -0.03905 -0.03287 0.00067 0.01536 -0.03140 0.01179 0.88530 -0.01385 0.01803 -0.00115 0.03599 -0.02545 -0.05360 0.01754 -0.01497 0.03624 0.01581 -0.00599 -0.03217 0.03382 0.03254 0.02934
-0.02237 -0.01010 -0.04445 -0.00791 0.00248 -0.00952 0.03955 -0.03337 -0.00145 -0.01421 0.00577 -0.03209 -0.00406 0.00250 -0.04090 -0.00342 0.01209 -0.01186 -0.01166 -0.01211 0.00649 0.01626 0.02361 -0.02742 0.01261 -0.02672 -0.00205 -0.01810 0.01174 0.03409 -0.02181 -0.02722 -0.00487 0.00430 0.01385 0.48979 -0.02302 -0.00992 -0.01976 0.01638 0.04528 -0.02216 -0.01033 -0.01844 -0.02292 -0.01647 0.00427 -0.01247 -0.01298 0.00561
-0.00174 0.00756 0.00582 -0.00998 0.00149 0.00140 0.00875 0.01403 -0.01178 -0.01031 0.00996 -0.00143 -0.00640 0.02453 0.00890 -0.01030 0.00152 -0.00736 -0.02096 0.00237 -0.00177 -0.00984 0.01369 0.00504 0.00442 0.01093 0.00812 -0.01074 -0.00699 -0.00116 0.01208 -0.00306 0.01448 -0.01175 -0.01803 0.02302 0.99557 -0.00696 -0.02418 -0.02780 0.00711 0.00852 -0.00557 -0.00693 0.01676 0.01415 -0.00351 0.02923 -0.00217 0.02472
-0.00498 0.03330 0.01236 -0.00470 -0.01600 -0.04982 0.05097 0.01881 0.07273 -0.00043 -0.03258 -0.03356 0.04523 0.01535 0.03142 0.05428 -0.00014 -0.06162 0.02382 -0.00417 -0.01650 -0.02119 0.02737 0.01836 -0.02255 0.02549 -0.03365 -0.02874 0.01471 0.00506 0.00589 -0.00981 -0.00045 0.01647 0.00115 0.00992 0.00696 0.50806 -0.01069 -0.00774 -0.00909 -0.00881 -0.04182 0.01264 -0.01512 -0.02227 0.00592 -0.02559 -0.02603 0.02291
0.01842 0.02801 0.01055 0.00173 -0.04404 0.01081 -0.01236 0.00199 -0.02431 -0.00034 -0.04785 -0.01014 -0.00872 -0.00400 0.00158 -0.01706 -0.02107 0.01800 0.04447 -0.00599 -0.03047 -0.01266 -0.01214 0.04149 0.02890 0.00094 0.02747 -0.00453 -0.00844 0.00360 0.01053 0.01401 0.05280 -0.04172 -0.03599 0.01976 0.02418 0.01069 0.28664 -0.02095 -0.03850 0.00850 -0.01671 0.02088 0.02858 -0.00269 0.02136 0.00095 0.03486 0.04793
-0.00356 -0.01014 -0.01062 0.00769 0.01493 -0.00321 -0.01831 -0.03843 0.02828 0.00169 -0.03124 -0.02653 0.00503 -0.00421 -0.00860 0.00392 0.02722 -0.01475 0.02923 -0.00113 -0.01121 0.00755 0.00524 0.00579 -0.00963 -0.01501 -0.00397 -0.01429 0.01910 0.02640 -0.04400 -0.00849 -0.02559 -0.01228 0.02545 -0.01638 0.02780 0.00774 0.02095 0.96160 -0.01616 0.00870 -0.04428 0.00483 -0.01987 -0.02999 0.00629 -0.02245 0.02173 0.01860
0.04633 -0.05158 0.04363 -0.03322 -0.03417 0.01769 -0.02419 0.02855 -0.01695 0.02463 0.05319 -0.00385 -0.03087 -0.02285 -0.04183 -0.03055 -0.02452 0.01334 -0.03792 0.03187 0.04262 -0.03217 -0.02360 0.02810 0.01036 0.02434 0.00410 0.05721 -0.04559 -0.01677 0.04998 0.02545 -0.05396 0.04189 0.05360 -0.04528 -0.00711 0.00909 0.03850 0.01616 1.02192 0.03273 0.04495 0.03937 0.01224 0.02813 -0.02848 0.03686 -0.01786 -0.03796
0.02677 0.03370 0.02705 -0.02537 -0.04204 0.00530 -0.01480 0.03594 -0.02389 0.02470 -0.01552 -0.00245 -0.02549 -0.03062 0.02666 -0.00019 -0.01615 -0.00740 0.00291 -0.00315 -0.01796 -0.01390 0.03761 0.01106 0.01766 0.02125 0.01444 -0.00425 -0.00172 -0.00259 0.00993 0.01924 0.01851 -0.03364 -0.01754 0.02216 -0.00852 0.00881 -0.00850 -0.00870 -0.03273 0.78339 -0.00720 0.02302 0.01081 -0.00106 0.00729 0.00003 0.01671 0.00521
0.04165 -0.02193 0.03878 -0.05056 -0.04788 0.02515 -0.03928 0.05011 0.00637 0.03224 -0.02041 -0.03555 0.01325 -0.01965 -0.01647 -0.00632 0.00740 -0.01016 0.00288 0.02264 0.02212 -0.03717 -0.04797 0.00277 0.04779 0.02092 0.01053 0.02480 0.02167 -0.02198 0.01534 0.02871 0.00378 0.01505 0.01497 0.01033 0.00557 0.04182 0.01671 0.04428 -0.04495 0.00720 0.91772 0.04407 0.04693 0.01654 0.00709 -0.03865 0.02071 -0.06587
0.06027 0.03129 0.01200 0.06067 -0.03194 0.00216 -0.00161 0.01784 0.00242 -0.00040 -0.03936 -0.00343 0.02201 -0.01662 0.03978 -0.00772 0.00668 0.00461 0.03277 -0.02057 -0.03720 0.01602 -0.02392 0.02645 0.01334 -0.00715 -0.03129 -0.00968 0.01675 0.01757 -0.00962 0.00237 0.03148 -0.02633 -0.03624 0.01844 0.00693 -0.01264 -0.02088 -0.00483 -0.03937 -0.02302 -0.04407 0.30245 0.01587 -0.00334 0.05219 -0.02257 0.00267 0.00246
0.04592 -0.00632 0.02217 0.03318 0.00234 0.02015 -0.02599 -0.00120 -0.02251 0.00401 -0.02210 -0.01779 0.00557 -0.04687 0.00726 -0.03244 0.00380 0.00895 0.02031 -0.03670 -0.01664 -0.01521 -0.00958 0.01210 0.04881 -0.00262 0.00212 0.00011 0.01383 0.00924 0.02931 0.03535 0.02068 -0.04350 -0.01581 0.02292 -0.01676 0.01512 -0.02858 0.01987 -0.01224 -0.01081 -0.04693 -0.01587 0.54503 0.01701 0.05136 -0.05607 0.06138 -0.03484
-0.01459 0.02183 0.03810 -0.00098 -0.00865 -0.00209 0.00231 -0.01298 0.04274 0.02510 -0.01520 -0.02815 0.02534 0.03698 0.03011 0.03364 0.01013 -0.01081 0.00989 0.00151 -0.03369 -0.03719 0.03076 -0.01751 -0.04161 0.01999 -0.03928 0.00187 0.01754 -0.01587 0.00396 0.00418 0.02027 0.00453 0.00599 0.01647 -0.01415 0.02227 0.00269 0.02999 -0.02813 0.00106 -0.01654 0.00334 -0.01701 0.30340 0.00361 -0.03519 -0.02424 0.00253
-0.02194 -0.03290 -0.02384 0.04032 0.04737 -0.00374 0.00953 -0.03742 -0.00337 -0.00565 0.02634 -0.03160 0.01704 0.01745 -0.01797 -0.00082 0.00905 -0.01159 -0.03635 -0.00788 0.01307 0.02580 -0.00159 -0.04490 -0.01481 -0.03077 -0.02645 0.00388 0.02579 0.04147 -0.01996 -0.02246 -0.00604 0.02957 0.03217 -0.00427 0.00351 -0.00592 -0.02136 -0.00629 0.02848 -0.00729 -0.00709 -0.05219 -0.05136 -0.00361 0.80095 -0.00902 -0.03296 -0.00267
0.01759 0.02782 0.03430 -0.00907 -0.03759 0.01105 -0.00275 0.04980 0.00925 0.00209 0.00304 -0.00620 -0.00474 -0.02819 0.03999 -0.03002 0.00016 0.00100 0.03534 -0.00038 -0.02159 -0.02403 -0.02217 0.01210 0.01612 0.01871 -0.01898 0.02628 0.01218 -0.04554 0.01098 0.02280 0.00178 0.02274 -0.03382 0.01247 -0.02923 0.02559 -0.00095 0.02245 -0.03686 -0.00003 0.03865 0.02257 0.05607 0.03519 0.00902 0.85059 -0.01196 -0.03326
0.01589 -0.00471 0.03469 0.03308 0.01204 0.03717 -0.02198 -0.01355 -0.02047 0.03677 -0.01230 0.01385 -0.01656 -0.04228 0.01499 -0.02367 -0.01237 0.03452 0.01306 -0.03005 -0.00284 -0.02232 -0.02854 -0.04298 0.04188 0.02276 0.01691 0.01281 -0.00780 0.02997 0.00323 0.01215 0.01815 -0.01744 -0.03254 0.01298 0.00217 0.02603 -0.03486 -0.02173 0.01786 -0.01671 -0.02071 -0.00267 -0.06138 0.02424 0.03296 0.01196 0.14320 0.11909
-0.01467 0.04589 -0.02373 0.00164 0.01498 -0.03889 0.04227 -0.02073 0.01228 -0.03042 0.02698 -0.01452 -0.02311 0.02414 0.01305 0.01302 0.00997 0.01037 -0.02119 -0.00447 -0.01487 0.00328 0.00541 0.00543 -0.05534 -0.02119 -0.06212 -0.03204 0.01564 -0.03779 -0.01746 -0.01757 0.00095 0.00087 -0.02934 -0.00561 -0.02472 -0.02291 -0.04793 -0.01860 0.03796 -0.00521 0.06587 -0.00246 0.03484 -0.00253 0.00267 0.03326 -0.11909 0.89984
