0.26388 0.00763 -0.00781 0.05281 0.05632 -0.02598 0.01441 -0.03235 0.01130 0.01241 -0.03210 -0.03126 -0.00894 -0.00496 -0.00184 -0.00577 0.03166 0.00761 0.04776 -0.03710 0.00942 -0.00557 -0.01306 -0.04089 0.01641 -0.00660 -0.00645 -0.03163 0.07136 0.07142 -0.00219 -0.00959 0.01102 -0.03536 -0.05361 0.03815 -0.03591 -0.00405 -0.02338 0.02394 -0.06656 -0.03730 -0.04956 -0.07026 -0.05118 0.00368 0.03079 -0.01638 -0.01101 0.02178
-0.00763 0.65172 -0.05208 0.04181 0.02867 0.00636 0.02223 -0.00017 -0.00156 -0.01827 0.08967 0.00854 0.04687 -0.00726 0.03399 0.03034 0.01128 0.00553 -0.02165 -0.04928 -0.05356 0.00554 0.05388 -0.01141 0.00727 -0.01058 0.00565 -0.02809 0.01697 0.01215 -0.00134 -0.01763 0.05005 -0.02194 -0.01883 -0.00695 -0.01671 -0.02313 -0.02145 0.00849 0.05437 -0.03356 0.01293 -0.02875 0.00309 -0.02402 0.03268 -0.03202 -0.01733 -0.04229
0.00781 0.05208 0.16752 0.00959 0.02233 -0.05102 0.04884 0.00245 0.07015 0.02119 -0.06755 -0.02468 0.04601 0.02564 0.05919 0.06978 0.06028 -0.00091 0.06115 -0.03598 -0.02680 -0.02249 0.04450 0.00541 -0.07039 0.01237 -0.00528 -0.00825 0.08207 0.03962 0.00776 -0.02094 0.00793 -0.02694 -0.01107 0.06624 -0.05027 -0.02238 -0.02920 0.04469 -0.07004 -0.04153 -0.02624 -0.01954 -0.02034 -0.04946 0.03732 -0.02147 -0.05466 0.04753
-0.05281 -0.04181 -0.00959 0.68105 0.04222 -0.00397 -0.02172 -0.00642 0.00546 0.03780 0.06684 0.01001 -0.02522 0.01745 -0.03833 -0.00148 -0.00564 -0.01481 -0.04933 0.04010 0.02112 0.02033 -0.02273 -0.04076 0.02027 -0.00273 -0.01943 -0.01798 -0.02329 -0.02218 -0.02051 -0.01701 -0.03322 0.03395 0.04614 0.03763 0.03858 -0.00690 0.00324 -0.03068 0.04879 0.04499 0.04629 -0.07480 -0.02705 0.00231 -0.05462 -0.00491 0.00206 -0.02395
-0.05632 -0.02867 -0.02233 -0.04222 0.44346 -0.02440 -0.01980 -0.03914 -0.00506 0.00046 0.05470 -0.01323 -0.00846 0.01011 -0.05064 -0.01948 0.00395 0.00657 -0.07191 0.05223 0.05435 -0.02805 -0.00384 0.01790 -0.01675 -0.02030 0.02292 -0.00608 -0.02877 0.03394 0.05094 -0.00334 -0.00448 0.05798 0.00406 -0.01840 -0.00115 0.02805 0.08761 -0.04077 0.03773 0.04004 0.02436 0.03462 -0.00764 0.00364 -0.05078 0.01951 -0.02452 -0.02030
0.02598 -0.00636 0.05102 0.00397 0.02440 0.66624 -0.05454 0.03028 0.01959 0.05573 -0.04096 -0.02991 -0.03599 -0.00934 0.02793 -0.00192 -0.00045 -0.02845 0.02208 -0.00151 -0.01290 -0.07966 -0.03088 -0.01159 -0.00878 0.02312 -0.02247 -0.03294 0.00501 0.01728 0.00656 0.07139 0.07415 -0.00922 -0.02697 0.01835 -0.01439 0.03733 0.01325 0.01093 -0.03080 0.02183 -0.01787 0.00130 -0.03016 -0.00048 -0.01513 -0.00899 -0.08251 0.05272
-0.01441 -0.02223 -0.04884 0.02172 0.01980 0.05454 0.50115 -0.04339 -0.06761 -0.08125 0.02454 0.00769 0.04396 -0.03512 -0.04057 -0.00116 -0.01862 0.03173 -0.01006 -0.04031 0.03728 0.00091 -0.00017 0.00751 -0.05469 -0.02576 0.04035 0.01521 -0.02748 0.03544 0.01650 -0.01110 0.00380 -0.00268 -0.01426 -0.06030 -0.01340 -0.03545 0.02239 0.01869 0.01644 -0.01027 0.02479 0.00221 0.01563 -0.02763 0.00764 -0.01326 -0.02507 -0.04136
0.03235 0.00017 -0.00245 0.00642 0.03914 -0.03028 0.04339 0.62295 0.02755 0.03158 -0.04034 -0.02515 -0.00484 -0.01665 0.01042 0.03683 0.05439 -0.00092 0.04705 -0.02551 0.00034 -0.01609 0.05006 -0.01487 -0.01142 -0.00359 -0.01432 -0.03224 0.05753 0.09331 -0.00507 -0.01671 0.03134 -0.00744 -0.05576 0.04557 -0.04512 -0.03309 -0.00218 0.07160 -0.05147 -0.04709 -0.04281 -0.02259 -0.00148 -0.00024 0.04320 -0.04076 0.01008 0.03365
-0.01130 0.00156 -0.07015 -0.00546 0.00506 -0.01959 0.06761 -0.02755 0.81458 -0.09055 0.01895 -0.03354 0.06753 0.01799 -0.02316 0.00487 0.01467 -0.05130 -0.00843 -0.00080 0.01307 0.03600 0.00283 0.02039 -0.04114 -0.02789 0.01665 -0.00037 -0.01092 -0.00975 0.00237 -0.05541 -0.00458 0.05509 0.00824 -0.00916 0.00462 -0.05625 0.03656 -0.03916 0.02007 0.02996 -0.02526 -0.00810 0.01748 -0.04181 0.00513 -0.02504 -0.00654 -0.01326
-0.01241 0.01827 -0.02119 -0.03780 -0.00046 -0.05573 0.08125 -0.03158 0.09055 0.31500 -0.04363 -0.03991 0.06526 0.01620 0.02381 0.05272 0.01471 0.02554 0.02882 -0.04066 0.01697 -0.07940 0.04817 0.01609 -0.04888 0.01061 0.01064 0.02080 0.02496 0.01257 0.00661 -0.02469 0.00243 0.04786 -0.04110 0.01099 -0.01190 0.03239 0.00106 0.01613 -0.03953 -0.06796 -0.03420 -0.01229 -0.01250 -0.04513 0.03479 0.00169 -0.07340 0.03931
0.03210 -0.08967 0.06755 -0.06684 -0.05470 0.04096 -0.02454 0.04034 -0.01895 0.04363 0.97788 -0.01725 -0.01962 -0.02513 -0.00457 -0.02664 -0.01108 0.04621 -0.02396 0.02317 0.08411 -0.04309 -0.06810 0.03269 0.03811 0.01265 0.05870 0.05735 -0.00842 -0.02458 0.02480 0.04373 -0.02273 0.04055 0.04314 0.00214 -0.01238 0.02894 0.04224 0.05804 -0.06305 0.01317 0.04692 0.04328 0.02094 0.01300 -0.02790 0.01014 -0.00378 -0.01588
0.03126 -0.00854 0.02468 -0.01001 0.01323 0.02991 -0.00769 0.02515 0.03354 0.03991 0.01725 0.29804 -0.00989 -0.02127 0.03458 -0.02985 -0.03163 0.03930 0.01920 -0.01965 -0.02363 -0.02594 -0.01818 -0.00144 0.00457 0.02378 -0.00815 0.00968 -0.01058 0.01490 0.01182 0.03199 -0.01495 -0.02375 -0.03862 0.08311 0.00755 0.02506 -0.00530 0.04219 -0.01043 -0.01620 0.04191 -0.01175 0.01868 0.01036 0.06564 -0.00681 -0.02451 0.01528
0.00894 -0.04687 -0.04601 0.02522 0.00846 0.03599 -0.04396 0.00484 -0.06753 -0.06526 0.01962 0.00989 0.60118 -0.05364 0.00016 -0.02114 -0.03147 -0.01755 -0.02464 0.04070 0.01210 0.02888 -0.05481 0.00693 0.01061 -0.04477 -0.00747 0.00577 -0.02872 -0.02547 -0.02425 0.00364 0.00837 0.01210 0.01865 -0.00796 0.02757 -0.04993 0.01571 -0.01985 0.04527 0.06488 -0.01328 -0.01015 -0.00206 -0.00807 -0.04168 -0.00545 0.02184 0.01983
0.00496 0.00726 -0.02564 -0.01745 -0.01011 0.00934 0.03512 0.01665 -0.01799 -0.01620 0.02513 0.02127 0.05364 0.19013 -0.01129 0.02803 -0.01963 0.00686 -0.01605 0.02950 -0.02282 0.01283 0.04482 0.02479 -0.03946 -0.03094 0.05384 -0.00902 -0.00609 -0.00272 0.00502 -0.01729 -0.01230 0.00167 0.03968 -0.01872 -0.02306 -0.02638 0.01479 0.00728 0.02524 0.04078 0.02875 0.02685 0.04913 -0.04497 -0.02639 0.04224 0.03635 -0.02553
0.00184 -0.03399 -0.05919 0.03833 0.05064 -0.02793 0.04057 -0.01042 0.02316 -0.02381 0.00457 -0.03458 -0.00016 0.01129 0.70659 0.02823 0.03566 -0.03223 -0.02092 0.02138 -0.02933 -0.00767 0.00787 0.00588 -0.04918 -0.02273 -0.00562 -0.05685 0.02005 0.06866 -0.01448 -0.04564 0.03890 -0.02815 0.00220 0.09260 -0.00710 -0.04464 0.03783 0.00988 0.03400 -0.00841 0.02026 -0.05011 -0.01027 -0.05251 -0.00448 -0.06273 -0.04595 -0.01663
0.00577 -0.03034 -0.06978 0.00148 0.01948 0.00192 0.00116 -0.03683 -0.00487 -0.05272 0.02664 0.02985 0.02114 -0.02803 -0.02823 0.36920 -0.00296 0.00512 -0.03137 -0.01953 0.02241 0.02946 -0.06614 0.00189 -0.02931 -0.01685 0.03136 0.01512 -0.01166 0.02627 -0.00470 -0.00848 -0.00129 -0.02358 0.00590 -0.00597 0.01529 -0.03924 0.01551 -0.02052 0.03432 -0.01953 -0.01268 0.00595 0.03054 -0.03785 0.01970 0.01418 0.01252 -0.02036
-0.03166 -0.01128 -0.06028 0.00564 -0.00395 0.00045 0.01862 -0.05439 -0.01467 -0.01471 0.01108 0.03163 0.03147 0.01963 -0.03566 0.00296 1.03520 -0.00452 -0.00665 0.03392 -0.01945 -0.00191 -0.01138 -0.00900 0.00495 -0.01878 -0.01400 -0.03635 -0.01395 0.03318 -0.01448 -0.02116 -0.02440 0.01804 0.04036 -0.00796 -0.01744 -0.02134 0.01322 -0.01203 0.02100 0.01636 -0.01938 -0.01431 -0.02398 -0.03278 -0.01427 -0.01053 0.01314 -0.00501
-0.00761 -0.00553 0.00091 0.01481 -0.00657 0.02845 -0.03173 0.00092 0.05130 -0.02554 -0.04621 -0.03930 0.01755 -0.00686 0.03223 -0.00512 0.00452 0.73134 0.00240 -0.02006 -0.02578 -0.02818 -0.00772 -0.01046 -0.02188 0.01934 0.01179 0.00614 0.01580 0.00363 0.01480 0.04715 0.05906 0.04026 -0.02472 -0.00913 0.00362 0.09185 -0.01847 0.01645 -0.01599 -0.00349 0.01299 0.00867 -0.00351 0.02322 0.02032 0.00672 -0.09422 0.01057
-0.04776 0.02165 -0.06115 0.04933 0.07191 -0.02208 0.01006 -0.04705 0.00843 -0.02882 0.02396 -0.01920 0.02464 0.01605 0.02092 0.03137 0.00665 -0.00240 1.02995 -0.04110 -0.04848 0.06643 0.02590 -0.04519 -0.03099 -0.05447 -0.02026 -0.03239 -0.01049 0.00818 -0.06924 -0.05485 0.03276 -0.04317 -0.02308 0.01780 0.02804 -0.04063 -0.05652 -0.01590 0.03648 -0.00434 0.00295 -0.03885 -0.02459 -0.02881 0.04256 -0.05359 -0.01929 0.02150
0.03710 0.04928 0.03598 -0.04010 -0.05223 0.00151 0.04031 0.02551 0.00080 0.04066 -0.02317 0.01965 -0.04070 -0.02950 -0.02138 0.01953 -0.03392 0.02006 0.04110 0.53503 -0.00893 0.00817 0.07738 0.03992 0.01164 0.00140 0.02365 -0.02064 -0.03968 0.02256 -0.04616 0.00833 -0.00211 -0.07136 -0.03512 0.04001 0.01028 -0.00965 0.01785 0.01492 -0.03828 -0.03657 -0.00831 0.00313 0.02345 -0.02173 0.02708 0.01044 0.04855 -0.02545
-0.00942 0.05356 0.02680 -0.02112 -0.05435 0.01290 -0.03728 -0.00034 -0.01307 -0.01697 -0.08411 0.02363 -0.01210 0.02282 0.02933 -0.02241 0.01945 0.02578 0.04848 0.00893 0.68788 0.01880 -0.03277 0.01586 -0.01334 0.01639 -0.01688 0.04364 -0.00948 -0.05966 0.01366 0.01092 -0.05066 0.05454 0.01993 -0.03902 0.01795 0.02102 -0.00065 0.01554 -0.03288 0.01280 -0.00512 0.04760 0.03033 0.05234 -0.00324 0.04307 0.02147 0.02325
0.00557 -0.00554 0.02249 -0.02033 0.02805 0.07966 -0.00091 0.01609 -0.03600 0.07940 0.04309 0.02594 -0.02888 -0.01283 0.00767 -0.02946 0.00191 0.02818 -0.06643 -0.00817 -0.01880 0.22790 -0.01078 0.02161 0.04840 -0.00544 0.02645 0.02269 -0.03326 0.01310 0.03458 0.01795 -0.04747 -0.00305 0.03135 -0.00444 0.04369 0.01713 0.01848 -0.03553 0.04955 0.01237 0.02818 -0.01670 0.02791 0.02735 -0.02037 0.01051 0.03455 -0.01646
0.01306 -0.05388 -0.04450 0.02273 0.00384 0.03088 0.00017 -0.05006 -0.00283 -0.04817 0.06810 0.01818 0.05481 -0.04482 -0.00787 0.06614 0.01138 0.00772 -0.02590 -0.07738 0.03277 0.01078 0.51340 -0.01562 -0.04103 -0.02691 -0.00992 0.01621 0.01872 0.04059 -0.01213 0.00233 0.00781 -0.01673 -0.00123 -0.06283 -0.04603 -0.00092 0.00613 0.00269 0.01805 -0.06659 0.03681 0.03475 0.00292 -0.03406 0.02663 0.02129 -0.00967 0.00420
0.04089 0.01141 -0.00541 0.04076 -0.01790 0.01159 -0.00751 0.01487 -0.02039 -0.01609 -0.03269 0.00144 -0.00693 -0.02479 -0.00588 -0.00189 0.00900 0.01046 0.04519 -0.03992 -0.01586 -0.02161 0.01562 0.13277 -0.01130 0.00552 0.02251 -0.02773 0.00373 0.04446 -0.01280 0.01588 0.06128 -0.00520 -0.05500 -0.00415 -0.01203 -0.01758 -0.02698 0.00756 -0.03458 -0.01463 0.00923 -0.00787 -0.02423 0.01781 0.03878 0.00577 0.02516 -0.00123
-0.01641 -0.00727 0.07039 -0.02027 0.01675 0.00878 0.05469 0.01142 0.04114 0.04888 -0.03811 -0.00457 -0.01061 0.03946 0.04918 0.02931 -0.00495 0.02188 0.03099 -0.01164 0.01334 -0.04840 0.04103 0.01130 0.16858 0.01527 -0.01578 0.00437 -0.00515 0.01405 -0.01668 0.03239 -0.03233 0.04381 -0.00261 -0.00344 0.00595 0.02915 -0.03109 0.02418 -0.00949 -0.03354 -0.02610 -0.01151 -0.04201 0.05385 0.02377 0.00688 -0.05040 0.05513
0.00660 0.01058 -0.01237 0.00273 0.02030 -0.02312 0.02576 0.00359 0.02789 -0.01061 -0.01265 -0.02378 0.04477 0.03094 0.02273 0.01685 0.01878 -0.01934 0.05447 -0.00140 -0.01639 0.00544 0.02691 -0.00552 -0.01527 0.18795 -0.02311 -0.00136 0.04024 0.00967 -0.01723 0.01198 0.00186 -0.01928 -0.02599 0.03960 -0.03725 -0.03332 -0.01573 0.03864 -0.04129 -0.02005 -0.00905 0.00587 0.00349 -0.01616 0.03272 -0.00137 -0.02670 0.03376
0.00645 -0.00565 0.00528 0.01943 -0.02292 0.02247 -0.04035 0.01432 -0.01665 -0.01064 -0.05870 0.00815 0.00747 -0.05384 0.00562 -0.03136 0.01400 -0.01179 0.02026 -0.02365 0.01688 -0.02645 0.00992 -0.02251 0.01578 0.02311 0.66299 0.03896 -0.02475 0.00349 0.01236 0.01823 0.06972 0.02488 -0.02793 -0.05002 -0.00351 0.04656 -0.02233 0.01392 -0.00043 -0.02638 -0.00412 0.04512 -0.00794 0.04547 0.02572 0.03058 -0.04341 0.07438
0.03163 0.02809 0.00825 0.01798 0.00608 0.03294 -0.01521 0.03224 0.00037 -0.02080 -0.05735 -0.00968 -0.00577 0.00902 0.05685 -0.01512 0.03635 -0.00614 0.03239 0.02064 -0.04364 -0.02269 -0.01621 0.02773 -0.00437 0.00136 -0.03896 0.62860 0.01146 -0.02556 0.03876 0.01021 0.05253 0.00614 -0.04015 0.01444 -0.00708 0.01515 0.00140 0.03388 -0.07264 0.02421 -0.01341 0.01352 0.00381 -0.00420 -0.02478 -0.03150 -0.04542 0.06208
-0.07136 -0.01697 -0.08207 0.02329 0.02877 -0.00501 0.02748 -0.05753 0.01092 -0.02496 0.00842 0.01058 0.02872 0.00609 -0.02005 0.01166 0.01395 -0.01580 0.01049 0.03968 0.00948 0.03326 -0.01872 -0.00373 0.00515 -0.04024 0.02475 -0.01146 1.05214 0.03520 -0.03703 -0.01221 -0.03096 0.02148 0.05218 -0.00404 -0.00174 -0.03498 -0.00230 -0.00329 0.04169 -0.00001 -0.02560 -0.02269 -0.02813 -0.04258 -0.02648 -0.02644 0.00285 -0.01042
-0.07142 -0.01215 -0.03962 0.02218 -0.03394 -0.01728 -0.03544 -0.09331 0.00975 -0.01257 0.02458 -0.01490 0.02547 0.00272 -0.06866 -0.02627 -0.03318 -0.00363 -0.00818 -0.02256 0.05966 -0.01310 -0.04059 -0.04446 -0.01405 -0.00967 -0.00349 0.02556 -0.03520 0.56447 -0.03170 0.00741 -0.02622 0.02257 0.01793 -0.04883 -0.01427 0.01778 -0.00181 -0.03446 0.01111 -0.02355 -0.00497 -0.02543 -0.02846 0.01716 -0.01840 0.02834 -0.03809 0.02883
0.00219 0.00134 -0.00776 0.02051 -0.05094 -0.00656 -0.01650 0.00507 -0.00237 -0.00661 -0.02480 -0.01182 0.02425 -0.00502 0.01448 0.00470 0.01448 -0.01480 0.06924 0.04616 -0.01366 -0.03458 0.01213 0.01280 0.01668 0.01723 -0.01236 -0.03876 0.03703 0.03170 1.01926 -0.01755 -0.00441 0.00753 0.01793 0.03795 -0.05191 -0.00878 -0.00582 0.05386 -0.06061 0.00110 -0.03407 0.00712 -0.04822 -0.00466 0.00953 -0.01357 -0.00256 0.01609
0.00959 0.01763 0.02094 0.01701 0.00334 -0.07139 0.01110 0.01671 0.05541 0.02469 -0.04373 -0.03199 -0.00364 0.01729 0.04564 0.00848 0.02116 -0.04715 0.05485 -0.00833 -0.01092 -0.01795 -0.00233 -0.01588 -0.03239 -0.01198 -0.01823 -0.01021 0.01221 -0.00741 0.01755 0.35800 0.00776 -0.02449 -0.01849 0.05939 -0.02609 -0.00832 -0.01905 0.03227 -0.04775 -0.01844 -0.02676 -0.01896 -0.04448 -0.01775 0.02162 -0.02670 -0.02504 0.02746
-0.01102 -0.05005 -0.00793 0.03322 0.00448 -0.07415 -0.00380 -0.03134 0.00458 -0.00243 0.02273 0.01495 -0.00837 0.01230 -0.03890 0.00129 0.02440 -0.05906 -0.03276 0.00211 0.05066 0.04747 -0.00781 -0.06128 0.03233 -0.00186 -0.06972 -0.05253 0.03096 0.02622 0.00441 -0.00776 0.62167 -0.07063 0.04278 0.01671 -0.01461 -0.01341 -0.07900 0.03337 0.05901 -0.01155 -0.00698 -0.02993 -0.01607 -0.00336 -0.01755 -0.00345 0.05970 -0.00400
0.03536 0.02194 0.02694 -0.03395 -0.05798 0.00922 0.00268 0.00744 -0.05509 -0.04786 -0.04055 0.02375 -0.01210 -0.00167 0.02815 0.02358 -0.01804 -0.04026 0.04317 0.07136 -0.05454 0.00305 0.01673 0.00520 -0.04381 0.01928 -0.02488 -0.00614 -0.02148 -0.02257 -0.00753 0.02449 0.07063 0.37129 -0.00856 -0.04080 0.04003 -0.03867 0.03876 0.02812 -0.03484 0.07332 0.02042 0.05056 0.05282 0.01697 -0.08163 0.00332 0.03030 0.01300
0.05361 0.01883 0.01107 -0.04614 -0.00406 0.02697 0.01426 0.05576 -0.00824 0.04110 -0.04314 0.03862 -0.01865 -0.03968 -0.00220 -0.00590 -0.04036 0.02472 0.02308 0.03512 -0.01993 -0.03135 0.00123 0.05500 0.00261 0.02599 0.02793 0.04015 -0.05218 -0.01793 -0.01793 0.01849 -0.04278 0.00856 0.86903 0.00404 0.02659 -0.01270 0.03775 -0.02508 -0.05761 0.02048 -0.00615 0.03363 0.01575 -0.01802 -0.02942 0.03880 0.01578 0.02406
-0.03815 0.00695 -0.06624 -0.03763 0.01840 -0.01835 0.06030 -0.04557 0.00916 -0.01099 -0.00214 -0.08311 0.00796 0.01872 -0.09260 0.00597 0.00796 0.00913 -0.01780 -0.04001 0.03902 0.00444 0.06283 0.00415 0.00344 -0.03960 0.05002 -0.01444 0.00404 0.04883 -0.03795 -0.05939 -0.01671 0.04080 -0.00404 0.45377 -0.03007 0.00255 0.02776 0.02584 0.03472 -0.05395 -0.02089 -0.04691 -0.03980 -0.04348 0.03421 -0.03054 -0.03826 -0.01007
0.03591 0.01671 0.05027 -0.03858 0.00115 0.01439 0.01340 0.04512 -0.00462 0.01190 0.01238 -0.00755 -0.02757 0.02306 0.00710 -0.01529 0.01744 -0.00362 -0.02804 -0.01028 -0.01795 -0.04369 0.04603 0.01203 -0.00595 0.03725 0.00351 0.00708 0.00174 0.01427 0.05191 0.02609 0.01461 -0.04003 -0.02659 0.03007 0.97068 0.00139 -0.03967 -0.07671 0.00056 0.00872 -0.00974 0.01617 0.05041 0.03594 0.00952 0.05245 -0.01041 0.03291
0.00405 0.02313 0.02238 0.00690 -0.02805 -0.03733 0.03545 0.03309 0.05625 -0.03239 -0.02894 -0.02506 0.04993 0.02638 0.04464 0.03924 0.02134 -0.09185 0.04063 0.00965 -0.02102 -0.01713 0.00092 0.01758 -0.02915 0.03332 -0.04656 -0.01515 0.03498 -0.01778 0.00878 0.00832 0.01341 0.03867 0.01270 -0.00255 -0.00139 0.48029 -0.01626 0.00100 -0.00590 0.02103 -0.02991 0.02339 -0.00938 0.00667 -0.01419 -0.00967 -0.03521 0.04084
0.02338 0.02145 0.02920 -0.00324 -0.08761 -0.01325 -0.02239 0.00218 -0.03656 -0.00106 -0.04224 0.00530 -0.01571 -0.01479 -0.03783 -0.01551 -0.01322 0.01847 0.05652 -0.01785 0.00065 -0.01848 -0.00613 0.02698 0.03109 0.01573 0.02233 -0.00140 0.00230 0.00181 0.00582 0.01905 0.07900 -0.03876 -0.03775 -0.02776 0.03967 0.01626 0.28219 -0.01790 -0.03374 0.00355 0.00070 0.04763 0.02617 0.01250 0.00794 0.03121 0.05373 0.04689
-0.02394 -0.00849 -0.04469 0.03068 0.04077 -0.01093 -0.01869 -0.07160 0.03916 -0.01613 -0.05804 -0.04219 0.01985 -0.00728 -0.00988 0.02052 0.01203 -0.01645 0.01590 -0.01492 -0.01554 0.03553 -0.00269 -0.00756 -0.02418 -0.03864 -0.01392 -0.03388 0.00329 0.03446 -0.05386 -0.03227 -0.03337 -0.02812 0.02508 -0.02584 0.07671 -0.00100 0.01790 0.93363 -0.00502 -0.00780 -0.04322 -0.01074 -0.02122 -0.05934 0.01884 -0.05586 0.03875 0.00208
0.06656 -0.05437 0.07004 -0.04879 -0.03773 0.03080 -0.01644 0.05147 -0.02007 0.03953 0.06305 0.01043 -0.04527 -0.02524 -0.03400 -0.03432 -0.02100 0.01599 -0.03648 0.03828 0.03288 -0.04955 -0.01805 0.03458 0.00949 0.04129 0.00043 0.07264 -0.04169 -0.01111 0.06061 0.04775 -0.05901 0.03484 0.05761 -0.03472 -0.00056 0.00590 0.03374 0.00502 1.00838 0.03859 0.05370 0.05056 0.02447 0.04035 -0.02996 0.05879 -0.02647 -0.03240
0.03730 0.03356 0.04153 -0.04499 -0.04004 -0.02183 0.01027 0.04709 -0.02996 0.06796 -0.01317 0.01620 -0.06488 -0.04078 0.00841 0.01953 -0.01636 0.00349 0.00434 0.03657 -0.01280 -0.01237 0.06659 0.01463 0.03354 0.02005 0.02638 -0.02421 0.00001 0.02355 -0.00110 0.01844 0.01155 -0.07332 -0.02048 0.05395 -0.00872 -0.02103 -0.00355 0.00780 -0.03859 0.73353 0.00934 0.01135 0.00114 -0.02318 -0.00619 0.00502 0.05600 -0.00768
0.04956 -0.01293 0.02624 -0.04629 -0.02436 0.01787 -0.02479 0.04281 0.02526 0.03420 -0.04692 -0.04191 0.01328 -0.02875 -0.02026 0.01268 0.01938 -0.01299 -0.00295 0.00831 0.00512 -0.02818 -0.03681 -0.00923 0.02610 0.00905 0.00412 0.01341 0.02560 0.00497 0.03407 0.02676 0.00698 -0.02042 0.00615 0.02089 0.00974 0.02991 -0.00070 0.04322 -0.05370 -0.00934 0.89746 0.03938 0.06172 -0.00548 0.02710 -0.05877 0.02320 -0.06508
0.07026 0.02875 0.01954 0.07480 -0.03462 -0.00130 -0.00221 0.02259 0.00810 0.01229 -0.04328 0.01175 0.01015 -0.02685 0.05011 -0.00595 0.01431 -0.00867 0.03885 -0.00313 -0.04760 0.01670 -0.03475 0.00787 0.01151 -0.00587 -0.04512 -0.01352 0.02269 0.02543 -0.00712 0.01896 0.02993 -0.05056 -0.03363 0.04691 -0.01617 -0.02339 -0.04763 0.01074 -0.05056 -0.01135 -0.03938 0.29266 0.01578 -0.00282 0.04737 -0.02438 0.00002 0.01166
0.05118 -0.00309 0.02034 0.02705 0.00764 0.03016 -0.01563 0.00148 -0.01748 0.01250 -0.02094 -0.01868 0.00206 -0.04913 0.01027 -0.03054 0.02398 0.00351 0.02459 -0.02345 -0.03033 -0.02791 -0.00292 0.02423 0.04201 -0.00349 0.00794 -0.00381 0.02813 0.02846 0.04822 0.04448 0.01607 -0.05282 -0.01575 0.03980 -0.05041 0.00938 -0.02617 0.02122 -0.02447 -0.00114 -0.06172 -0.01578 0.54737 0.01167 0.05063 -0.05602 0.04469 -0.01980
-0.00368 0.02402 0.04946 -0.00231 -0.00364 0.00048 0.02763 0.00024 0.04181 0.04513 -0.01300 -0.01036 0.00807 0.04497 0.05251 0.03785 0.03278 -0.02322 0.02881 0.02173 -0.05234 -0.02735 0.03406 -0.01781 -0.05385 0.01616 -0.04547 0.00420 0.04258 -0.01716 0.00466 0.01775 0.00336 -0.01697 0.01802 0.04348 -0.03594 -0.00667 -0.01250 0.05934 -0.04035 0.02318 0.00548 0.00282 -0.01167 0.31005 -0.00733 -0.02474 -0.02094 0.02203
-0.03079 -0.03268 -0.03732 0.05462 0.05078 0.01513 -0.00764 -0.04320 -0.00513 -0.03479 0.02790 -0.06564 0.04168 0.02639 0.00448 -0.01970 0.01427 -0.02032 -0.04256 -0.02708 0.00324 0.02037 -0.02663 -0.03878 -0.02377 -0.03272 -0.02572 0.02478 0.02648 0.01840 -0.00953 -0.02162 0.01755 0.08163 0.02942 -0.03421 -0.00952 0.01419 -0.00794 -0.01884 0.02996 0.00619 -0.02710 -0.04737 -0.05063 0.00733 0.76929 -0.02419 -0.07196 0.01151
0.01638 0.03202 0.02147 0.00491 -0.01951 0.00899 0.01326 0.04076 0.02504 -0.00169 -0.01014 0.00681 0.00545 -0.04224 0.06273 -0.01418 0.01053 -0.00672 0.05359 -0.01044 -0.04307 -0.01051 -0.02129 -0.00577 -0.00688 0.00137 -0.03058 0.03150 0.02644 -0.02834 0.01357 0.02670 0.00345 -0.00332 -0.03880 0.03054 -0.05245 0.00967 -0.03121 0.05586 -0.05879 -0.00502 0.05877 0.02438 0.05602 0.02474 0.02419 0.85552 -0.02735 -0.01275
0.01101 0.01733 0.05466 -0.00206 0.02452 0.08251 0.02507 -0.01008 0.00654 0.07340 0.00378 0.02451 -0.02184 -0.03635 0.04595 -0.01252 -0.01314 0.09422 0.01929 -0.04855 -0.02147 -0.03455 0.00967 -0.02516 0.05040 0.02670 0.04341 0.04542 -0.00285 0.03809 0.00256 0.02504 -0.05970 -0.03030 -0.01578 0.03826 0.01041 0.03521 -0.05373 -0.03875 0.02647 -0.05600 -0.02320 -0.00002 -0.04469 0.02094 0.07196 0.02735 0.14036 0.11436
-0.02178 0.04229 -0.04753 0.02395 0.02030 -0.05272 0.04136 -0.03365 0.01326 -0.03931 0.01588 -0.01528 -0.01983 0.02553 0.01663 0.02036 0.00501 -0.01057 -0.02150 0.02545 -0.02325 0.01646 -0.00420 0.00123 -0.05513 -0.03376 -0.07438 -0.06208 0.01042 -0.02883 -0.01609 -0.02746 0.00400 -0.01300 -0.02406 0.01007 -0.03291 -0.04084 -0.04689 -0.00208 0.03240 0.00768 0.06508 -0.01166 0.01980 -0.02203 -0.01151 0.01275 -0.11436 0.87820
