0.23145 0.04014 -0.00439 0.07573 0.03846 -0.03903 -0.00902 -0.02518 -0.00137 -0.00082 -0.01567 -0.03488 -0.00328 0.01338 -0.00978 0.00632 0.02103 -0.01538 0.04541 -0.05448 0.02194 0.02542 0.00425 -0.05048 0.02061 0.02246 -0.01330 -0.05017 0.07243 0.04749 0.00988 -0.04381 0.00738 -0.01191 -0.06445 0.02138 -0.02568 0.00718 0.01055 0.03901 -0.07630 -0.04890 -0.06622 -0.09120 -0.07968 0.03090 0.03067 -0.01596 0.02803 0.02392
-0.04014 0.63669 -0.05201 0.03583 0.05749 0.03707 0.04087 -0.00060 -0.02007 -0.03383 0.10684 -0.03080 0.07180 -0.02155 0.07110 0.08472 0.01210 0.01047 -0.02983 -0.05666 -0.07830 0.01900 0.01229 0.00905 -0.02489 -0.01751 -0.02789 -0.04465 0.01404 0.02860 0.00443 -0.00746 0.02721 -0.04712 -0.00021 0.06005 0.00211 -0.03444 -0.02087 0.05743 0.04851 -0.07029 -0.02307 -0.04339 0.02485 -0.03582 -0.00042 0.01019 -0.00144 -0.00911
0.00439 0.05201 0.14404 0.00525 0.02262 -0.05786 0.06152 -0.00878 0.07583 0.04124 -0.07145 -0.00405 0.05249 0.03682 0.05776 0.07511 0.05425 0.00504 0.05712 -0.03472 -0.03635 -0.02146 0.04075 -0.01852 -0.06481 0.00697 -0.00703 0.00489 0.07999 0.04751 0.01271 -0.01222 0.01688 -0.02956 -0.00317 0.06234 -0.05864 -0.03594 -0.05797 0.04443 -0.07358 -0.03499 -0.02304 -0.00777 -0.01279 -0.04942 0.04435 -0.03746 -0.05977 0.05407
-0.07573 -0.03583 -0.00525 0.66406 0.04115 -0.00214 -0.01211 -0.01566 0.01579 0.06109 0.07073 0.04039 -0.01712 0.04696 -0.02984 0.01489 -0.00359 -0.02014 -0.05561 0.03757 0.00664 0.06985 -0.01151 -0.08467 0.04759 -0.00782 -0.01901 0.00734 -0.03442 -0.01300 -0.01655 -0.01579 -0.04060 0.03554 0.06830 0.03149 0.03452 -0.03283 -0.02406 -0.01879 0.04409 0.04678 0.05350 -0.07070 -0.03047 0.02120 -0.04672 -0.01634 0.03270 0.00054
-0.03846 -0.05749 -0.02262 -0.04115 0.41888 -0.02081 -0.04463 -0.03367 0.01285 -0.01692 0.05296 -0.03512 -0.03682 0.01081 -0.05762 -0.04833 0.00937 -0.00398 -0.05868 0.03583 0.07290 -0.04349 0.02017 0.05048 -0.01961 -0.00920 0.05413 -0.01198 -0.02205 0.04342 0.04370 -0.00539 -0.01141 0.06996 -0.01195 -0.03223 -0.00936 0.03640 0.14965 -0.08015 0.03915 0.05629 0.05187 0.02351 -0.00591 0.02031 -0.05452 0.00864 -0.00656 -0.02532
0.03903 -0.03707 0.05786 0.00214 0.02081 0.64115 -0.07176 0.03504 0.03010 0.05595 -0.04206 -0.02543 -0.04808 0.01009 0.01588 -0.00954 -0.00198 -0.04029 0.02875 -0.02566 -0.00833 -0.07969 -0.00436 -0.02104 -0.00188 0.03983 -0.00404 -0.02743 0.01212 0.02510 0.00746 0.06126 0.08319 0.01478 -0.03628 0.00192 -0.02100 0.03282 0.04676 -0.01681 -0.03347 0.03607 0.00248 0.00077 -0.03172 0.02235 -0.00983 -0.02143 -0.05006 0.05851
0.00902 -0.04087 -0.06152 0.01211 0.04463 0.07176 0.43845 -0.03084 -0.07827 -0.09430 0.03789 -0.02056 0.03530 -0.06870 -0.05584 -0.00814 -0.01653 0.03050 0.00160 -0.04669 0.04296 -0.02902 -0.01783 0.04504 -0.11417 -0.02273 0.05055 0.01373 -0.01382 0.04981 0.00861 -0.00539 -0.00541 0.00878 -0.03487 -0.04483 0.00275 -0.01108 0.08226 0.00213 0.02176 -0.00832 0.02731 -0.00710 0.02287 -0.06083 -0.00831 0.00115 -0.06456 -0.05493
0.02518 0.00060 0.00878 0.01566 0.03367 -0.03504 0.03084 0.59936 0.03022 0.03091 -0.03407 -0.01160 -0.00084 0.00041 0.00609 0.05155 0.04745 -0.01202 0.04536 -0.04091 -0.00243 0.00973 0.05912 -0.03925 -0.00013 0.01754 -0.02300 -0.03098 0.05554 0.09346 0.00463 -0.02841 0.02948 0.00927 -0.05351 0.03049 -0.04639 -0.04150 0.01170 0.07461 -0.05928 -0.04818 -0.04150 -0.02702 -0.00746 0.03233 0.04589 -0.04331 0.05831 0.04777
0.00137 0.02007 -0.07583 -0.01579 -0.01285 -0.03010 0.07827 -0.03022 0.80083 -0.06346 0.02390 -0.00946 0.05315 0.02482 -0.03829 -0.03829 0.01709 -0.04281 -0.00551 0.01295 0.01454 0.01138 0.01362 0.01061 -0.02448 -0.04087 0.05358 0.01564 -0.00926 -0.01544 -0.00218 -0.04551 0.00492 0.06586 0.00258 -0.02758 0.00200 -0.06055 0.02564 -0.05519 0.02376 0.06108 -0.01117 0.01366 0.01521 -0.04524 0.02511 -0.06493 -0.05970 -0.02162
0.00082 0.03383 -0.04124 -0.06109 0.01692 -0.05595 0.09430 -0.03091 0.06346 0.27771 -0.02956 -0.06692 0.08188 -0.02836 0.00562 0.04524 0.01285 0.05137 0.03038 -0.02783 0.01890 -0.14870 -0.00338 0.04729 -0.09013 -0.00408 0.00674 0.01242 0.03800 0.01411 0.00452 0.00258 0.01470 0.03855 -0.06128 0.03336 0.01461 0.05154 0.01440 0.03341 -0.03741 -0.07256 -0.06603 -0.00530 0.00710 -0.09038 0.02256 0.02058 -0.13363 0.02886
0.01567 -0.10684 0.07145 -0.07073 -0.05296 0.04206 -0.03789 0.03407 -0.02390 0.02956 0.96484 -0.04204 -0.02406 -0.02053 -0.00073 -0.02874 -0.00807 0.04685 -0.01831 0.01403 0.09151 -0.04105 -0.08259 0.04133 0.04146 0.00219 0.06946 0.04406 -0.00403 -0.01503 0.02243 0.04558 -0.02036 0.02444 0.03880 0.01515 -0.01211 0.02176 0.04595 0.05827 -0.06654 0.01458 0.04986 0.04092 0.04145 0.02241 -0.04635 0.02142 0.01439 0.00114
0.03488 0.03080 0.00405 -0.04039 0.03512 0.02543 0.02056 0.01160 0.00946 0.06692 0.04204 0.26205 0.00338 -0.06039 0.00694 -0.05823 -0.03774 0.05590 0.02170 0.00857 -0.03666 -0.07149 -0.08253 0.01333 -0.02357 -0.01346 0.00964 0.02033 0.00023 0.02931 0.01242 0.06406 0.00138 -0.03850 -0.07104 0.10777 0.04083 0.01623 -0.00707 0.06277 -0.01268 0.00417 0.01778 0.02284 0.05573 -0.03508 0.06218 -0.00336 -0.11423 0.02827
0.00328 -0.07180 -0.05249 0.01712 0.03682 0.04808 -0.03530 0.00084 -0.05315 -0.08188 0.02406 -0.00338 0.57325 -0.06128 0.00207 -0.00583 -0.03477 -0.02053 -0.01867 0.03125 -0.00327 0.02407 -0.06955 0.02031 -0.00988 -0.05166 -0.01665 0.00732 -0.02391 0.00829 -0.02419 0.02570 -0.00213 0.00614 0.02016 0.00736 0.03113 -0.06692 0.03746 -0.02628 0.04234 0.06389 -0.00830 -0.01688 0.02265 -0.01229 -0.05112 0.00362 0.03725 0.03740
-0.01338 0.02155 -0.03682 -0.04696 -0.01081 -0.01009 0.06870 -0.00041 -0.02482 0.02836 0.02053 0.06039 0.06128 0.16962 -0.02833 -0.00389 -0.01798 0.04986 -0.01610 0.05528 -0.03546 -0.01951 0.00256 -0.01200 -0.01571 -0.07755 0.07911 0.01748 -0.00395 0.01250 -0.00066 0.01849 0.02249 -0.02070 0.04305 -0.02152 -0.02500 -0.05803 -0.05179 0.00826 0.02938 0.07537 0.03215 0.07777 0.08581 -0.06752 -0.01348 0.01793 -0.05072 -0.00667
0.00978 -0.07110 -0.05776 0.02984 0.05762 -0.01588 0.05584 -0.00609 0.03829 -0.00562 0.00073 -0.00694 -0.00207 0.02833 0.68804 0.04241 0.03711 -0.03090 -0.02036 0.01777 -0.05107 -0.00737 0.02644 -0.01447 -0.03616 -0.01278 0.01089 -0.04090 0.01937 0.08470 -0.01686 -0.03465 0.03850 -0.00113 0.02333 0.08050 -0.01622 -0.05732 0.04606 -0.00940 0.03642 0.00101 0.03587 -0.04470 -0.01200 -0.04340 0.00757 -0.07483 -0.02724 -0.01200
-0.00632 -0.08472 -0.07511 -0.01489 0.04833 0.00954 0.00814 -0.05155 0.03829 -0.04524 0.02874 0.05823 0.00583 0.00389 -0.04241 0.31858 -0.00745 -0.00764 -0.02255 -0.04937 -0.00192 0.04882 -0.05775 -0.02919 0.00287 -0.02559 0.06401 0.04386 -0.00772 0.08818 0.00058 0.01520 -0.00625 -0.00176 0.01875 -0.03075 0.00410 -0.08986 0.03094 -0.06829 0.02233 0.02121 0.03401 0.01129 0.06455 0.01112 0.02871 -0.00396 0.06674 0.02594
-0.02103 -0.01210 -0.05425 0.00359 -0.00937 0.00198 0.01653 -0.04745 -0.01709 -0.01285 0.00807 0.03774 0.03477 0.01798 -0.03711 0.00745 1.02907 -0.00382 -0.00510 0.03356 -0.02049 -0.00627 -0.01009 -0.01010 0.00452 -0.01136 -0.02097 -0.03362 -0.00473 0.03023 -0.01546 -0.02270 -0.02217 0.02048 0.03949 -0.01033 -0.01558 -0.01632 0.01780 -0.01256 0.02212 0.01521 -0.01858 -0.01301 -0.02647 -0.03199 -0.01319 -0.00379 0.01774 -0.00817
0.01538 -0.01047 -0.00504 0.02014 0.00398 0.04029 -0.03050 0.01202 0.04281 -0.05137 -0.04685 -0.05590 0.02053 -0.04986 0.03090 0.00764 0.00382 0.72190 0.00356 -0.01363 -0.02171 -0.05418 -0.01768 0.02209 -0.05833 0.03041 -0.01475 -0.00146 0.02061 -0.00462 0.01012 0.04483 0.05560 0.04339 -0.02971 0.00019 0.01575 0.12568 0.00398 0.01698 -0.00879 -0.01988 -0.00183 -0.00326 -0.01546 -0.00637 0.01204 0.02793 -0.12768 -0.02226
-0.04541 0.02983 -0.05712 0.05561 0.05868 -0.02875 -0.00160 -0.04536 0.00551 -0.03038 0.01831 -0.02170 0.01867 0.01610 0.02036 0.02255 0.00510 -0.00356 1.02534 -0.04056 -0.03996 0.06507 0.02994 -0.04545 -0.02436 -0.05181 -0.01544 -0.03684 -0.01203 -0.00207 -0.06673 -0.06074 0.03841 -0.04297 -0.03025 0.01264 0.02421 -0.03360 -0.05744 -0.01682 0.03415 -0.00252 0.00271 -0.03683 -0.02745 -0.02261 0.04479 -0.06082 -0.01852 0.01937
0.05448 0.05666 0.03472 -0.03757 -0.03583 0.02566 0.04669 0.04091 -0.01295 0.02783 -0.01403 -0.00857 -0.03125 -0.05528 -0.01777 0.04937 -0.03356 0.01363 0.04056 0.53261 -0.00977 0.00706 0.07776 0.07455 -0.03091 0.01650 0.00103 -0.02636 -0.03468 0.01197 -0.04902 -0.00298 -0.02386 -0.06002 -0.04519 0.05929 0.02904 0.01340 0.05605 0.02762 -0.03326 -0.06974 -0.02355 -0.02086 0.00187 -0.04703 0.01208 0.03960 0.02774 -0.05565
-0.02194 0.07830 0.03635 -0.00664 -0.07290 0.00833 -0.04296 0.00243 -0.01454 -0.01890 -0.09151 0.03666 0.00327 0.03546 0.05107 0.00192 0.02049 0.02171 0.03996 0.00977 0.66068 0.05795 -0.01715 -0.00740 0.00222 0.02739 -0.05075 0.04052 -0.01764 -0.08118 0.01757 -0.00465 -0.05335 0.05080 0.03219 -0.04417 0.01440 0.02106 -0.03935 0.03918 -0.03297 -0.00360 -0.01749 0.04238 0.01388 0.06443 0.00427 0.05102 0.05825 0.02198
-0.02542 -0.01900 0.02146 -0.06985 0.04349 0.07969 0.02902 -0.00973 -0.01138 0.14870 0.04105 0.07149 -0.02407 0.01951 0.00737 -0.04882 0.00627 0.05418 -0.06507 -0.00706 -0.05795 0.23330 -0.03250 -0.03765 0.08741 -0.05887 0.05958 0.06887 -0.03603 0.05210 0.03452 0.07236 -0.02911 -0.02329 0.04935 -0.00747 0.03483 -0.05245 -0.03739 -0.04128 0.04222 0.04613 0.05380 0.03813 0.08103 0.03924 -0.00131 -0.02909 0.02963 0.04457
-0.00425 -0.01229 -0.04075 0.01151 -0.02017 0.00436 0.01783 -0.05912 -0.01362 0.00338 0.08259 0.08253 0.06955 -0.00256 -0.02644 0.05775 0.01009 0.01768 -0.02994 -0.07776 0.01715 0.03250 0.46001 -0.08374 0.03433 -0.04011 0.00483 0.04342 0.01667 0.03558 -0.00311 0.00444 0.03870 -0.00651 0.01428 -0.09634 -0.03870 -0.04136 -0.03624 0.02203 0.00782 -0.04193 0.03647 0.06785 0.00659 -0.00476 0.05663 -0.00183 0.01236 0.04306
0.05048 -0.00905 0.01852 0.08467 -0.05048 0.02104 -0.04504 0.03925 -0.01061 -0.04729 -0.04133 -0.01333 -0.02031 0.01200 0.01447 0.02919 0.01010 -0.02209 0.04545 -0.07455 0.00740 0.03765 0.08374 0.07805 0.00072 0.06478 0.00956 -0.05261 0.00052 0.01423 -0.00917 -0.02986 0.03447 0.03675 -0.04731 -0.02990 -0.02943 0.00374 0.05397 -0.00968 -0.03411 -0.03580 0.02671 -0.05476 -0.08889 0.06594 0.03842 0.00812 0.12605 -0.02048
-0.02061 0.02489 0.06481 -0.04759 0.01961 0.00188 0.11417 0.00013 0.02448 0.09013 -0.04146 0.02357 0.00988 0.01571 0.03616 -0.00287 -0.00452 0.05833 0.02436 0.03091 -0.00222 -0.08741 -0.03433 -0.00072 0.12727 -0.02562 -0.02541 0.02877 -0.00682 0.02163 -0.02089 0.06903 -0.00824 0.00456 0.00428 0.01382 0.01449 0.01032 -0.08795 0.05244 -0.00445 -0.01671 -0.04549 0.02395 -0.02207 -0.01988 0.02796 0.00599 -0.15172 0.05842
-0.02246 0.01751 -0.00697 0.00782 0.00920 -0.03983 0.02273 -0.01754 0.04087 0.00408 -0.00219 0.01346 0.05166 0.07755 0.01278 0.02559 0.01136 -0.03041 0.05181 -0.01650 -0.02739 0.05887 0.04011 -0.06478 0.02562 0.13626 -0.01358 0.01028 0.03360 0.02092 -0.00356 0.00347 0.00479 -0.00147 -0.00982 0.00883 -0.04136 -0.07904 -0.03941 0.03881 -0.05305 -0.00667 0.00134 0.01163 0.00412 0.03151 0.04467 -0.02788 0.03522 0.06506
0.01330 0.02789 0.00703 0.01901 -0.05413 0.00404 -0.05055 0.02300 -0.05358 -0.00674 -0.06946 -0.00964 0.01665 -0.07911 -0.01089 -0.06401 0.02097 0.01475 0.01544 -0.00103 0.05075 -0.05958 -0.00483 -0.00956 0.02541 0.01358 0.62408 0.03013 -0.02419 -0.03239 0.00315 0.00628 0.09649 0.00801 -0.04722 -0.05152 0.00018 0.06808 -0.03525 0.03297 0.01523 -0.02502 -0.02695 0.05650 -0.02179 0.02201 0.02295 0.03634 -0.11577 0.04398
0.05017 0.04465 -0.00489 -0.00734 0.01198 0.02743 -0.01373 0.03098 -0.01564 -0.01242 -0.04406 -0.02033 -0.00732 -0.01748 0.04090 -0.04386 0.03362 0.00146 0.03684 0.02636 -0.04052 -0.06887 -0.04342 0.05261 -0.02877 -0.01028 -0.03013 0.60829 0.02385 -0.02852 0.03923 0.01842 0.06211 0.00638 -0.06534 0.01783 0.01520 0.02698 0.02040 0.03209 -0.07443 0.03277 -0.02630 0.02364 0.01743 -0.03040 -0.02758 -0.02880 -0.09648 0.05492
-0.07243 -0.01404 -0.07999 0.03442 0.02205 -0.01212 0.01382 -0.05554 0.00926 -0.03800 0.00403 -0.00023 0.02391 0.00395 -0.01937 0.00772 0.00473 -0.02061 0.01203 0.03468 0.01764 0.03603 -0.01667 -0.00052 0.00682 -0.03360 0.02419 -0.02385 1.03632 0.02602 -0.03273 -0.02087 -0.02647 0.01964 0.04381 -0.00569 -0.00473 -0.02640 0.00560 -0.00071 0.03654 -0.00227 -0.03072 -0.02763 -0.03133 -0.03535 -0.02684 -0.02815 0.01088 -0.00898
-0.04749 -0.02860 -0.04751 0.01300 -0.04342 -0.02510 -0.04981 -0.09346 0.01544 -0.01411 0.01503 -0.02931 -0.00829 -0.01250 -0.08470 -0.08818 -0.03023 0.00462 0.00207 -0.01197 0.08118 -0.05210 -0.03558 -0.01423 -0.02163 -0.02092 0.03239 0.02852 -0.02602 0.53153 -0.04089 0.01566 -0.01484 0.02363 -0.00205 -0.06191 -0.02685 0.03624 0.02197 -0.08012 0.01951 0.00411 0.02161 -0.01552 -0.02021 0.00199 -0.01762 0.00471 -0.08524 0.00490
-0.00988 -0.00443 -0.01271 0.01655 -0.04370 -0.00746 -0.00861 -0.00463 0.00218 -0.00452 -0.02243 -0.01242 0.02419 0.00066 0.01686 -0.00058 0.01546 -0.01012 0.06673 0.04902 -0.01757 -0.03452 0.00311 0.00917 0.02089 0.00356 -0.00315 -0.03923 0.03273 0.04089 1.01826 -0.00991 -0.00609 -0.00096 0.02419 0.04346 -0.05595 -0.02050 -0.01856 0.05445 -0.06097 0.00685 -0.03298 0.01117 -0.03961 -0.00578 0.00813 -0.02011 -0.00705 0.02631
0.04381 0.00746 0.01222 0.01579 0.00539 -0.06126 0.00539 0.02841 0.04551 -0.00258 -0.04558 -0.06406 -0.02570 -0.01849 0.03465 -0.01520 0.02270 -0.04483 0.06074 0.00298 0.00465 -0.07236 -0.00444 0.02986 -0.06903 -0.00347 -0.00628 -0.01842 0.02087 -0.01566 0.00991 0.31047 0.01000 -0.01952 -0.04120 0.06431 -0.02424 0.02659 0.01000 0.01069 -0.03900 -0.01554 -0.02365 -0.02875 -0.05398 -0.04669 0.01272 -0.02445 -0.07256 -0.00966
-0.00738 -0.02721 -0.01688 0.04060 0.01141 -0.08319 0.00541 -0.02948 -0.00492 -0.01470 0.02036 -0.00138 0.00213 -0.02249 -0.03850 0.00625 0.02217 -0.05560 -0.03841 0.02386 0.05335 0.02911 -0.03870 -0.03447 0.00824 -0.00479 -0.09649 -0.06211 0.02647 0.01484 0.00609 -0.01000 0.60061 -0.08762 0.03139 0.03222 -0.00996 0.00753 -0.08429 0.05695 0.06183 -0.02887 -0.03121 -0.03586 -0.02048 -0.02878 -0.02700 0.01041 0.02656 -0.02702
0.01191 0.04712 0.02956 -0.03554 -0.06996 -0.01478 -0.00878 -0.00927 -0.06586 -0.03855 -0.02444 0.03850 -0.00614 0.02070 0.00113 0.00176 -0.02048 -0.04339 0.04297 0.06002 -0.05080 0.02329 0.00651 -0.03675 -0.00456 0.00147 -0.00801 -0.00638 -0.01964 -0.02363 0.00096 0.01952 0.08762 0.36721 -0.01759 -0.06003 0.05077 -0.07175 0.02098 0.04039 -0.04657 0.08680 0.01797 0.05955 0.06205 0.03884 -0.07684 -0.00461 0.04865 0.05491
0.06445 0.00021 0.00317 -0.06830 0.01195 0.03628 0.03487 0.05351 -0.00258 0.06128 -0.03880 0.07104 -0.02016 -0.04305 -0.02333 -0.01875 -0.03949 0.02971 0.03025 0.04519 -0.03219 -0.04935 -0.01428 0.04731 -0.00428 0.00982 0.04722 0.06534 -0.04381 0.00205 -0.02419 0.04120 -0.03139 0.01759 0.85758 -0.00310 0.03331 -0.02495 0.03958 -0.04400 -0.05519 0.03999 0.00741 0.05198 0.03108 -0.03722 -0.02196 0.03338 -0.02889 0.02557
-0.02138 -0.06005 -0.06234 -0.03149 0.03223 -0.00192 0.04483 -0.03049 0.02758 -0.03336 -0.01515 -0.10777 -0.00736 0.02152 -0.08050 0.03075 0.01033 -0.00019 -0.01264 -0.05929 0.04417 0.00747 0.09634 0.02990 -0.01382 -0.00883 0.05152 -0.01783 0.00569 0.06191 -0.04346 -0.06431 -0.03222 0.06003 0.00310 0.40822 -0.04603 0.01248 0.09420 -0.02040 0.04337 -0.06026 0.00566 -0.07057 -0.04666 -0.02351 0.02223 -0.02582 0.01863 -0.02433
0.02568 -0.00211 0.05864 -0.03452 0.00936 0.02100 -0.00275 0.04639 -0.00200 -0.01461 0.01211 -0.04083 -0.03113 0.02500 0.01622 -0.00410 0.01558 -0.01575 -0.02421 -0.02904 -0.01440 -0.03483 0.03870 0.02943 -0.01449 0.04136 -0.00018 -0.01520 0.00473 0.02685 0.05595 0.02424 0.00996 -0.05077 -0.03331 0.04603 0.95658 0.00142 -0.01916 -0.07219 -0.00816 -0.00042 -0.01293 0.00238 0.06645 0.04892 -0.00672 0.07383 0.02387 0.04969
-0.00718 0.03444 0.03594 0.03283 -0.03640 -0.03282 0.01108 0.04150 0.06055 -0.05154 -0.02176 -0.01623 0.06692 0.05803 0.05732 0.08986 0.01632 -0.12568 0.03360 -0.01340 -0.02106 0.05245 0.04136 -0.00374 -0.01032 0.07904 -0.06808 -0.02698 0.02640 -0.03624 0.02050 -0.02659 -0.00753 0.07175 0.02495 -0.01248 -0.00142 0.40501 0.00574 0.02001 -0.01385 -0.00205 -0.03970 0.00005 -0.03805 0.05230 -0.01361 0.00124 0.04341 0.04783
-0.01055 0.02087 0.05797 0.02406 -0.14965 -0.04676 -0.08226 -0.01170 -0.02564 -0.01440 -0.04595 0.00707 -0.03746 0.05179 -0.04606 -0.03094 -0.01780 -0.00398 0.05744 -0.05605 0.03935 0.03739 0.03624 -0.05397 0.08795 0.03941 0.03525 -0.02040 -0.00560 -0.02197 0.01856 -0.01000 0.08429 -0.02098 -0.03958 -0.09420 0.01916 -0.00574 0.24493 -0.03130 -0.04898 0.01943 0.01853 0.03887 0.01442 0.08217 0.01821 0.01034 0.15168 0.09337
-0.03901 -0.05743 -0.04443 0.01879 0.08015 0.01681 -0.00213 -0.07461 0.05519 -0.03341 -0.05827 -0.06277 0.02628 -0.00826 0.00940 0.06829 0.01256 -0.01698 0.01682 -0.02762 -0.03918 0.04128 -0.02203 0.00968 -0.05244 -0.03881 -0.03297 -0.03209 0.00071 0.08012 -0.05445 -0.01069 -0.05695 -0.04039 0.04400 0.02040 0.07219 -0.02001 0.03130 0.90837 -0.00667 -0.02276 -0.03971 -0.02455 0.01118 -0.06311 0.00292 -0.04141 0.08012 0.02240
0.07630 -0.04851 0.07358 -0.04409 -0.03915 0.03347 -0.02176 0.05928 -0.02376 0.03741 0.06654 0.01268 -0.04234 -0.02938 -0.03642 -0.02233 -0.02212 0.00879 -0.03415 0.03326 0.03297 -0.04222 -0.00782 0.03411 0.00445 0.05305 -0.01523 0.07443 -0.03654 -0.01951 0.06097 0.03900 -0.06183 0.04657 0.05519 -0.04337 0.00816 0.01385 0.04898 0.00667 1.00240 0.03149 0.05249 0.04476 0.01362 0.04280 -0.02852 0.06840 -0.01291 -0.03983
0.04890 0.07029 0.03499 -0.04678 -0.05629 -0.03607 0.00832 0.04818 -0.06108 0.07256 -0.01458 -0.00417 -0.06389 -0.07537 -0.00101 -0.02121 -0.01521 0.01988 0.00252 0.06974 0.00360 -0.04613 0.04193 0.03580 0.01671 0.00667 0.02502 -0.03277 0.00227 -0.00411 -0.00685 0.01554 0.02887 -0.08680 -0.03999 0.06026 0.00042 0.00205 -0.01943 0.02276 -0.03149 0.69816 -0.01362 0.02368 -0.00681 -0.06191 -0.00969 0.00633 -0.02119 -0.03657
0.06622 0.02307 0.02304 -0.05350 -0.05187 -0.00248 -0.02731 0.04150 0.01117 0.06603 -0.04986 -0.01778 0.00830 -0.03215 -0.03587 -0.03401 0.01858 0.00183 -0.00271 0.02355 0.01749 -0.05380 -0.03647 -0.02671 0.04549 -0.00134 0.02695 0.02630 0.03072 -0.02161 0.03298 0.02365 0.03121 -0.01797 -0.00741 -0.00566 0.01293 0.03970 -0.01853 0.03971 -0.05249 0.01362 0.87096 0.06806 0.05230 -0.01701 0.04395 -0.07973 -0.02988 -0.07798
0.09120 0.04339 0.00777 0.07070 -0.02351 -0.00077 0.00710 0.02702 -0.01366 0.00530 -0.04092 -0.02284 0.01688 -0.07777 0.04470 -0.01129 0.01301 0.00326 0.03683 0.02086 -0.04238 -0.03813 -0.06785 0.05476 -0.02395 -0.01163 -0.05650 -0.02364 0.02763 0.01552 -0.01117 0.02875 0.03586 -0.05955 -0.05198 0.07057 -0.00238 -0.00005 -0.03887 0.02455 -0.04476 -0.02368 -0.06806 0.25541 0.01544 -0.04079 0.03513 -0.00933 -0.05454 -0.01670
0.07968 -0.02485 0.01279 0.03047 0.00591 0.03172 -0.02287 0.00746 -0.01521 -0.00710 -0.04145 -0.05573 -0.02265 -0.08581 0.01200 -0.06455 0.02647 0.01546 0.02745 -0.00187 -0.01388 -0.08103 -0.00659 0.08889 0.02207 -0.00412 0.02179 -0.01743 0.03133 0.02021 0.03961 0.05398 0.02048 -0.06205 -0.03108 0.04666 -0.06645 0.03805 -0.01442 -0.01118 -0.01362 0.00681 -0.05230 -0.01544 0.50780 -0.01203 0.04469 -0.06344 0.00497 -0.06269
-0.03090 0.03582 0.04942 -0.02120 -0.02031 -0.02235 0.06083 -0.03233 0.04524 0.09038 -0.02241 0.03508 0.01229 0.06752 0.04340 -0.01112 0.03199 0.00637 0.02261 0.04703 -0.06443 -0.03924 0.00476 -0.06594 0.01988 -0.03151 -0.02201 0.03040 0.03535 -0.00199 0.00578 0.04669 0.02878 -0.03884 0.03722 0.02351 -0.04892 -0.05230 -0.08217 0.06311 -0.04280 0.06191 0.01701 0.04079 0.01203 0.27946 0.01121 -0.06484 -0.06437 0.04654
-0.03067 0.00042 -0.04435 0.04672 0.05452 0.00983 0.00831 -0.04589 -0.02511 -0.02256 0.04635 -0.06218 0.05112 0.01348 -0.00757 -0.02871 0.01319 -0.01204 -0.04479 -0.01208 -0.00427 0.00131 -0.05663 -0.03842 -0.02796 -0.04467 -0.02295 0.02758 0.02684 0.01762 -0.00813 -0.01272 0.02700 0.07684 0.02196 -0.02223 0.00672 0.01361 -0.01821 -0.00292 0.02852 0.00969 -0.04395 -0.03513 -0.04469 -0.01121 0.76810 -0.02406 -0.12722 0.01499
0.01596 -0.01019 0.03746 0.01634 -0.00864 0.02143 -0.00115 0.04331 0.06493 -0.02058 -0.02142 0.00336 -0.00362 -0.01793 0.07483 0.00396 0.00379 -0.02793 0.06082 -0.03960 -0.05102 0.02909 0.00183 -0.00812 -0.00599 0.02788 -0.03634 0.02880 0.02815 -0.00471 0.02011 0.02445 -0.01041 0.00461 -0.03338 0.02582 -0.07383 -0.00124 -0.01034 0.04141 -0.06840 -0.00633 0.07973 0.00933 0.06344 0.06484 0.02406 0.82271 0.05271 0.00368
-0.02803 0.00144 0.05977 -0.03270 0.00656 0.05006 0.06456 -0.05831 0.05970 0.13363 -0.01439 0.11423 -0.03725 0.05072 0.02724 -0.06674 -0.01774 0.12768 0.01852 -0.02774 -0.05825 -0.02963 -0.01236 -0.12605 0.15172 -0.03522 0.11577 0.09648 -0.01088 0.08524 0.00705 0.07256 -0.02656 -0.04865 0.02889 -0.01863 -0.02387 -0.04341 -0.15168 -0.08012 0.01291 0.02119 0.02988 0.05454 -0.00497 0.06437 0.12722 -0.05271 0.17481 0.17587
-0.02392 0.00911 -0.05407 -0.00054 0.02532 -0.05851 0.05493 -0.04777 0.02162 -0.02886 -0.00114 -0.02827 -0.03740 0.00667 0.01200 -0.02594 0.00817 0.02226 -0.01937 0.05565 -0.02198 -0.04457 -0.04306 0.02048 -0.05842 -0.06506 -0.04398 -0.05492 0.00898 -0.00490 -0.02631 0.00966 0.02702 -0.05491 -0.02557 0.02433 -0.04969 -0.04783 -0.09337 -0.02240 0.03983 0.03657 0.07798 0.01670 0.06269 -0.04654 -0.01499 -0.00368 -0.17587 0.83997
