0.23143 0.03905 -0.00416 0.07528 0.03837 -0.03867 -0.00892 -0.02619 -0.00236 -0.00040 -0.01377 -0.03421 -0.00441 0.01354 -0.01083 0.00596 0.02104 -0.01448 0.04625 -0.05379 0.02264 0.02464 0.00420 -0.05024 0.02034 0.02238 -0.01394 -0.04968 0.07434 0.04683 0.00923 -0.04361 0.00635 -0.01109 -0.06292 0.02011 -0.02390 0.00739 0.01107 0.03671 -0.07584 -0.04818 -0.06488 -0.09095 -0.07963 0.03103 0.03020 -0.01552 0.02752 0.02242
-0.03905 0.63647 -0.05118 0.03510 0.05675 0.03765 0.04071 0.00030 -0.02053 -0.03323 0.10678 -0.03036 0.07144 -0.02192 0.07104 0.08474 0.01211 0.01071 -0.02942 -0.05646 -0.07816 0.01828 0.01239 0.00935 -0.02496 -0.01663 -0.02795 -0.04403 0.01457 0.02819 0.00420 -0.00713 0.02733 -0.04688 -0.00035 0.06001 0.00244 -0.03385 -0.02061 0.05742 0.04849 -0.07009 -0.02266 -0.04293 0.02510 -0.03565 -0.00057 0.01086 -0.00130 -0.00924
0.00416 0.05118 0.14342 0.00491 0.02288 -0.05778 0.06193 -0.00929 0.07525 0.04139 -0.07033 -0.00410 0.05203 0.03748 0.05711 0.07525 0.05506 0.00559 0.05742 -0.03461 -0.03596 -0.02174 0.04070 -0.01868 -0.06553 0.00663 -0.00725 0.00540 0.08139 0.04737 0.01209 -0.01211 0.01602 -0.02921 -0.00246 0.06179 -0.05777 -0.03640 -0.05772 0.04315 -0.07263 -0.03442 -0.02218 -0.00809 -0.01277 -0.04956 0.04385 -0.03728 -0.06013 0.05342
-0.07528 -0.03510 -0.00491 0.66441 0.04081 -0.00214 -0.01214 -0.01500 0.01616 0.06104 0.06961 0.04023 -0.01693 0.04658 -0.02913 0.01528 -0.00413 -0.02087 -0.05560 0.03734 0.00633 0.06997 -0.01121 -0.08466 0.04763 -0.00740 -0.01886 0.00690 -0.03498 -0.01296 -0.01601 -0.01597 -0.03971 0.03511 0.06762 0.03231 0.03399 -0.03249 -0.02445 -0.01772 0.04311 0.04621 0.05308 -0.07062 -0.03068 0.02105 -0.04630 -0.01609 0.03273 0.00109
-0.03837 -0.05675 -0.02288 -0.04081 0.41843 -0.02096 -0.04484 -0.03335 0.01358 -0.01718 0.05170 -0.03526 -0.03631 0.01050 -0.05682 -0.04820 0.00917 -0.00467 -0.05882 0.03534 0.07226 -0.04287 0.02028 0.05035 -0.01917 -0.00909 0.05428 -0.01239 -0.02280 0.04374 0.04414 -0.00570 -0.01056 0.06938 -0.01310 -0.03118 -0.01019 0.03654 0.14921 -0.07900 0.03843 0.05561 0.05122 0.02343 -0.00593 0.02029 -0.05377 0.00847 -0.00627 -0.02454
0.03867 -0.03765 0.05778 0.00214 0.02096 0.64159 -0.07176 0.03468 0.02989 0.05599 -0.04134 -0.02545 -0.04824 0.01041 0.01541 -0.00982 -0.00161 -0.03985 0.02874 -0.02550 -0.00814 -0.07982 -0.00459 -0.02099 -0.00186 0.03945 -0.00395 -0.02731 0.01231 0.02508 0.00716 0.06157 0.08228 0.01505 -0.03570 0.00148 -0.02078 0.03249 0.04703 -0.01748 -0.03280 0.03647 0.00267 0.00079 -0.03160 0.02250 -0.01025 -0.02161 -0.05007 0.05814
0.00892 -0.04071 -0.06193 0.01214 0.04484 0.07176 0.43858 -0.03066 -0.07813 -0.09455 0.03754 -0.02051 0.03550 -0.06886 -0.05542 -0.00789 -0.01685 0.03018 0.00175 -0.04691 0.04293 -0.02855 -0.01765 0.04487 -0.11405 -0.02287 0.05050 0.01364 -0.01380 0.04983 0.00873 -0.00580 -0.00481 0.00862 -0.03523 -0.04437 0.00275 -0.01096 0.08201 0.00253 0.02121 -0.00873 0.02722 -0.00731 0.02281 -0.06107 -0.00790 0.00130 -0.06450 -0.05471
0.02619 -0.00030 0.00929 0.01500 0.03335 -0.03468 0.03066 0.59923 0.02941 0.03163 -0.03308 -0.01103 -0.00154 0.00047 0.00519 0.05100 0.04866 -0.01137 0.04578 -0.04053 -0.00203 0.00908 0.05873 -0.03894 -0.00012 0.01780 -0.02301 -0.03011 0.05667 0.09298 0.00383 -0.02791 0.02832 0.00999 -0.05293 0.02940 -0.04564 -0.04151 0.01284 0.07363 -0.05803 -0.04727 -0.04069 -0.02662 -0.00698 0.03279 0.04513 -0.04289 0.05848 0.04717
0.00236 0.02053 -0.07525 -0.01616 -0.01358 -0.02989 0.07813 -0.02941 0.80133 -0.06312 0.02269 -0.00918 0.05327 0.02439 -0.03789 -0.03804 0.01683 -0.04324 -0.00532 0.01281 0.01419 0.01109 0.01379 0.01070 -0.02438 -0.03998 0.05354 0.01573 -0.00924 -0.01553 -0.00206 -0.04559 0.00553 0.06565 0.00191 -0.02708 0.00168 -0.06007 0.02555 -0.05443 0.02320 0.06083 -0.01127 0.01395 0.01529 -0.04526 0.02548 -0.06430 -0.05936 -0.02115
0.00040 0.03323 -0.04139 -0.06104 0.01718 -0.05599 0.09455 -0.03163 0.06312 0.27753 -0.02851 -0.06688 0.08154 -0.02796 0.00502 0.04512 0.01297 0.05208 0.03051 -0.02757 0.01923 -0.14897 -0.00341 0.04724 -0.09051 -0.00443 0.00625 0.01255 0.03874 0.01400 0.00418 0.00260 0.01408 0.03886 -0.06057 0.03282 0.01538 0.05129 0.01449 0.03225 -0.03698 -0.07214 -0.06554 -0.00550 0.00692 -0.09044 0.02236 0.02045 -0.13391 0.02823
0.01377 -0.10678 0.07033 -0.06961 -0.05170 0.04134 -0.03754 0.03308 -0.02269 0.02851 0.96587 -0.04340 -0.02352 -0.01971 -0.00033 -0.02861 -0.00795 0.04648 -0.01939 0.01352 0.09185 -0.03965 -0.08271 0.04095 0.04134 0.00067 0.07056 0.04313 -0.00520 -0.01444 0.02316 0.04528 -0.02037 0.02385 0.03866 0.01596 -0.01318 0.02085 0.04530 0.05828 -0.06681 0.01403 0.04911 0.03997 0.04119 0.02207 -0.04628 0.01973 0.01388 0.00148
0.03421 0.03036 0.00410 -0.04023 0.03526 0.02545 0.02051 0.01103 0.00918 0.06688 0.04340 0.26164 0.00290 -0.06039 0.00646 -0.05881 -0.03781 0.05632 0.02201 0.00931 -0.03611 -0.07173 -0.08259 0.01364 -0.02336 -0.01372 0.00951 0.02021 0.00075 0.02898 0.01210 0.06427 0.00103 -0.03826 -0.06974 0.10705 0.04178 0.01632 -0.00718 0.06119 -0.01264 0.00448 0.01821 0.02305 0.05563 -0.03493 0.06202 -0.00352 -0.11447 0.02763
0.00441 -0.07144 -0.05203 0.01693 0.03631 0.04824 -0.03550 0.00154 -0.05327 -0.08154 0.02352 -0.00290 0.57367 -0.06171 0.00237 -0.00558 -0.03557 -0.02046 -0.01841 0.03124 -0.00373 0.02363 -0.06929 0.02037 -0.00981 -0.05067 -0.01726 0.00739 -0.02373 0.00815 -0.02401 0.02557 -0.00164 0.00619 0.01996 0.00743 0.03112 -0.06623 0.03749 -0.02572 0.04181 0.06364 -0.00832 -0.01653 0.02257 -0.01226 -0.05084 0.00401 0.03759 0.03750
-0.01354 0.02192 -0.03748 -0.04658 -0.01050 -0.01041 0.06886 -0.00047 -0.02439 0.02796 0.01971 0.06039 0.06171 0.16931 -0.02779 -0.00360 -0.01855 0.04939 -0.01632 0.05495 -0.03580 -0.01897 0.00290 -0.01235 -0.01587 -0.07777 0.07859 0.01723 -0.00423 0.01280 -0.00025 0.01798 0.02304 -0.02082 0.04254 -0.02124 -0.02551 -0.05814 -0.05198 0.00901 0.02882 0.07493 0.03181 0.07739 0.08553 -0.06776 -0.01294 0.01781 -0.05072 -0.00634
0.01083 -0.07104 -0.05711 0.02913 0.05682 -0.01541 0.05542 -0.00519 0.03789 -0.00502 0.00033 -0.00646 -0.00237 0.02779 0.68848 0.04219 0.03757 -0.03088 -0.01994 0.01795 -0.05078 -0.00786 0.02615 -0.01399 -0.03572 -0.01184 0.01155 -0.04034 0.01970 0.08437 -0.01736 -0.03429 0.03853 -0.00083 0.02280 0.08051 -0.01612 -0.05680 0.04670 -0.00894 0.03692 0.00135 0.03611 -0.04418 -0.01150 -0.04303 0.00708 -0.07416 -0.02676 -0.01185
-0.00596 -0.08474 -0.07525 -0.01528 0.04820 0.00982 0.00789 -0.05100 0.03804 -0.04512 0.02861 0.05881 0.00558 0.00360 -0.04219 0.31823 -0.00762 -0.00758 -0.02212 -0.04945 -0.00186 0.04910 -0.05761 -0.02925 0.00310 -0.02538 0.06383 0.04426 -0.00730 0.08794 0.00050 0.01498 -0.00587 -0.00148 0.01854 -0.03085 0.00443 -0.08956 0.03109 -0.06823 0.02198 0.02113 0.03434 0.01139 0.06475 0.01120 0.02890 -0.00352 0.06700 0.02592
-0.02104 -0.01211 -0.05506 0.00413 -0.00917 0.00161 0.01685 -0.04866 -0.01683 -0.01297 0.00795 0.03781 0.03557 0.01855 -0.03757 0.00762 1.02893 -0.00392 -0.00676 0.03338 -0.02121 -0.00641 -0.01012 -0.01051 0.00415 -0.01182 -0.02163 -0.03425 -0.00577 0.03102 -0.01520 -0.02297 -0.02291 0.02052 0.03954 -0.01079 -0.01646 -0.01695 0.01830 -0.01255 0.02294 0.01546 -0.01909 -0.01339 -0.02680 -0.03224 -0.01323 -0.00477 0.01792 -0.00807
0.01448 -0.01071 -0.00559 0.02087 0.00467 0.03985 -0.03018 0.01137 0.04324 -0.05208 -0.04648 -0.05632 0.02046 -0.04939 0.03088 0.00758 0.00392 0.72271 0.00318 -0.01378 -0.02150 -0.05364 -0.01761 0.02186 -0.05869 0.02953 -0.01475 -0.00162 0.02043 -0.00444 0.01046 0.04485 0.05528 0.04340 -0.02960 0.00005 0.01575 0.12511 0.00385 0.01654 -0.00881 -0.01995 -0.00188 -0.00375 -0.01569 -0.00648 0.01211 0.02736 -0.12831 -0.02247
-0.04625 0.02942 -0.05742 0.05560 0.05882 -0.02874 -0.00175 -0.04578 0.00532 -0.03051 0.01939 -0.02201 0.01841 0.01632 0.01994 0.02212 0.00676 -0.00318 1.02564 -0.04037 -0.03934 0.06522 0.02953 -0.04530 -0.02411 -0.05236 -0.01473 -0.03668 -0.01179 -0.00218 -0.06748 -0.06041 0.03762 -0.04277 -0.02972 0.01224 0.02442 -0.03392 -0.05714 -0.01760 0.03529 -0.00210 0.00279 -0.03683 -0.02716 -0.02229 0.04405 -0.06123 -0.01837 0.01913
0.05379 0.05646 0.03461 -0.03734 -0.03534 0.02550 0.04691 0.04053 -0.01281 0.02757 -0.01352 -0.00931 -0.03124 -0.05495 -0.01795 0.04945 -0.03338 0.01378 0.04037 0.53264 -0.00964 0.00724 0.07773 0.07447 -0.03110 0.01602 0.00140 -0.02653 -0.03491 0.01215 -0.04889 -0.00286 -0.02428 -0.06022 -0.04455 0.05936 0.02901 0.01300 0.05578 0.02723 -0.03315 -0.06975 -0.02358 -0.02115 0.00166 -0.04721 0.01173 0.03930 0.02734 -0.05578
-0.02264 0.07816 0.03596 -0.00633 -0.07226 0.00814 -0.04293 0.00203 -0.01419 -0.01923 -0.09185 0.03611 0.00373 0.03580 0.05078 0.00186 0.02121 0.02150 0.03934 0.00964 0.66101 0.05849 -0.01772 -0.00751 0.00240 0.02684 -0.04960 0.04035 -0.01849 -0.08076 0.01757 -0.00458 -0.05387 0.05052 0.03192 -0.04397 0.01360 0.02029 -0.03923 0.03967 -0.03221 -0.00346 -0.01795 0.04207 0.01396 0.06436 0.00368 0.05047 0.05847 0.02245
-0.02464 -0.01828 0.02174 -0.06997 0.04287 0.07982 0.02855 -0.00908 -0.01109 0.14897 0.03965 0.07173 -0.02363 0.01897 0.00786 -0.04910 0.00641 0.05364 -0.06522 -0.00724 -0.05849 0.23247 -0.03268 -0.03746 0.08816 -0.05815 0.05975 0.06871 -0.03692 0.05220 0.03461 0.07238 -0.02849 -0.02360 0.04855 -0.00714 0.03388 -0.05204 -0.03721 -0.04004 0.04213 0.04596 0.05325 0.03864 0.08141 0.03965 -0.00103 -0.02896 0.03055 0.04540
-0.00420 -0.01239 -0.04070 0.01121 -0.02028 0.00459 0.01765 -0.05873 -0.01379 0.00341 0.08271 0.08259 0.06929 -0.00290 -0.02615 0.05761 0.01012 0.01761 -0.02953 -0.07773 0.01772 0.03268 0.45988 -0.08364 0.03453 -0.04002 0.00510 0.04368 0.01702 0.03510 -0.00326 0.00436 0.03923 -0.00644 0.01409 -0.09612 -0.03820 -0.04094 -0.03635 0.02195 0.00739 -0.04208 0.03671 0.06789 0.00679 -0.00467 0.05682 -0.00143 0.01226 0.04295
0.05024 -0.00935 0.01868 0.08466 -0.05035 0.02099 -0.04487 0.03894 -0.01070 -0.04724 -0.04095 -0.01364 -0.02037 0.01235 0.01399 0.02925 0.01051 -0.02186 0.04530 -0.07447 0.00751 0.03746 0.08364 0.07787 0.00045 0.06463 0.00979 -0.05252 0.00040 0.01429 -0.00926 -0.02961 0.03374 0.03678 -0.04699 -0.03006 -0.02943 0.00339 0.05410 -0.01001 -0.03367 -0.03556 0.02683 -0.05486 -0.08897 0.06586 0.03795 0.00797 0.12589 -0.02070
-0.02034 0.02496 0.06553 -0.04763 0.01917 0.00186 0.11405 0.00012 0.02438 0.09051 -0.04134 0.02336 0.00981 0.01587 0.03572 -0.00310 -0.00415 0.05869 0.02411 0.03110 -0.00240 -0.08816 -0.03453 -0.00045 0.12733 -0.02524 -0.02516 0.02883 -0.00708 0.02165 -0.02101 0.06963 -0.00883 0.00459 0.00458 0.01350 0.01418 0.01027 -0.08768 0.05236 -0.00369 -0.01624 -0.04558 0.02428 -0.02202 -0.01954 0.02741 0.00577 -0.15164 0.05840
-0.02238 0.01663 -0.00663 0.00740 0.00909 -0.03945 0.02287 -0.01780 0.03998 0.00443 -0.00067 0.01372 0.05067 0.07777 0.01184 0.02538 0.01182 -0.02953 0.05236 -0.01602 -0.02684 0.05815 0.04002 -0.06463 0.02524 0.13606 -0.01380 0.01078 0.03464 0.02047 -0.00421 0.00387 0.00370 -0.00079 -0.00868 0.00779 -0.04034 -0.07905 -0.03886 0.03734 -0.05231 -0.00600 0.00219 0.01179 0.00418 0.03159 0.04401 -0.02749 0.03495 0.06414
0.01394 0.02795 0.00725 0.01886 -0.05428 0.00395 -0.05050 0.02301 -0.05354 -0.00625 -0.07056 -0.00951 0.01726 -0.07859 -0.01155 -0.06383 0.02163 0.01475 0.01473 -0.00140 0.04960 -0.05975 -0.00510 -0.00979 0.02516 0.01380 0.62323 0.03027 -0.02479 -0.03185 0.00311 0.00650 0.09556 0.00786 -0.04792 -0.05187 -0.00104 0.06749 -0.03452 0.03391 0.01670 -0.02440 -0.02732 0.05653 -0.02161 0.02208 0.02246 0.03615 -0.11507 0.04469
0.04968 0.04403 -0.00540 -0.00690 0.01239 0.02731 -0.01364 0.03011 -0.01573 -0.01255 -0.04313 -0.02021 -0.00739 -0.01723 0.04034 -0.04426 0.03425 0.00162 0.03668 0.02653 -0.04035 -0.06871 -0.04368 0.05252 -0.02883 -0.01078 -0.03027 0.60852 0.02398 -0.02843 0.03892 0.01845 0.06135 0.00662 -0.06482 0.01718 0.01554 0.02658 0.02065 0.03128 -0.07375 0.03322 -0.02603 0.02344 0.01740 -0.03039 -0.02782 -0.02917 -0.09661 0.05460
-0.07434 -0.01457 -0.08139 0.03498 0.02280 -0.01231 0.01380 -0.05667 0.00924 -0.03874 0.00520 -0.00075 0.02373 0.00423 -0.01970 0.00730 0.00577 -0.02043 0.01179 0.03491 0.01849 0.03692 -0.01702 -0.00040 0.00708 -0.03464 0.02479 -0.02398 1.03578 0.02591 -0.03318 -0.02086 -0.02709 0.01985 0.04439 -0.00602 -0.00418 -0.02686 0.00561 -0.00156 0.03715 -0.00210 -0.03070 -0.02807 -0.03125 -0.03520 -0.02724 -0.02879 0.01074 -0.00933
-0.04683 -0.02819 -0.04737 0.01296 -0.04374 -0.02508 -0.04983 -0.09298 0.01553 -0.01400 0.01444 -0.02898 -0.00815 -0.01280 -0.08437 -0.08794 -0.03102 0.00444 0.00218 -0.01215 0.08076 -0.05220 -0.03510 -0.01429 -0.02165 -0.02047 0.03185 0.02843 -0.02591 0.53169 -0.04057 0.01543 -0.01415 0.02349 -0.00245 -0.06168 -0.02695 0.03669 0.02183 -0.07959 0.01868 0.00378 0.02150 -0.01539 -0.02037 0.00190 -0.01703 0.00500 -0.08516 0.00515
-0.00923 -0.00420 -0.01209 0.01601 -0.04414 -0.00716 -0.00873 -0.00383 0.00206 -0.00418 -0.02316 -0.01210 0.02401 0.00025 0.01736 -0.00050 0.01520 -0.01046 0.06748 0.04889 -0.01757 -0.03461 0.00326 0.00926 0.02101 0.00421 -0.00311 -0.03892 0.03318 0.04057 1.01878 -0.00997 -0.00523 -0.00118 0.02342 0.04399 -0.05572 -0.01999 -0.01883 0.05499 -0.06204 0.00659 -0.03276 0.01145 -0.03944 -0.00574 0.00864 -0.01932 -0.00712 0.02660
0.04361 0.00713 0.01211 0.01597 0.00570 -0.06157 0.00580 0.02791 0.04559 -0.00260 -0.04528 -0.06427 -0.02557 -0.01798 0.03429 -0.01498 0.02297 -0.04485 0.06041 0.00286 0.00458 -0.07238 -0.00436 0.02961 -0.06963 -0.00387 -0.00650 -0.01845 0.02086 -0.01543 0.00997 0.31049 0.00937 -0.01952 -0.04108 0.06415 -0.02429 0.02605 0.01007 0.01037 -0.03860 -0.01531 -0.02357 -0.02920 -0.05430 -0.04691 0.01257 -0.02473 -0.07285 -0.00979
-0.00635 -0.02733 -0.01602 0.03971 0.01056 -0.08228 0.00481 -0.02832 -0.00553 -0.01408 0.02037 -0.00103 0.00164 -0.02304 -0.03853 0.00587 0.02291 -0.05528 -0.03762 0.02428 0.05387 0.02849 -0.03923 -0.03374 0.00883 -0.00370 -0.09556 -0.06135 0.02709 0.01415 0.00523 -0.00937 0.60111 -0.08726 0.03120 0.03222 -0.00960 0.00836 -0.08379 0.05699 0.06267 -0.02842 -0.03083 -0.03520 -0.01968 -0.02826 -0.02773 0.01126 0.02712 -0.02704
0.01109 0.04688 0.02921 -0.03511 -0.06938 -0.01505 -0.00862 -0.00999 -0.06565 -0.03886 -0.02385 0.03826 -0.00619 0.02082 0.00083 0.00148 -0.02052 -0.04340 0.04277 0.06022 -0.05052 0.02360 0.00644 -0.03678 -0.00459 0.00079 -0.00786 -0.00662 -0.01985 -0.02349 0.00118 0.01952 0.08726 0.36711 -0.01700 -0.06031 0.05091 -0.07217 0.02074 0.03992 -0.04682 0.08676 0.01790 0.05940 0.06184 0.03869 -0.07685 -0.00503 0.04811 0.05467
0.06292 0.00035 0.00246 -0.06762 0.01310 0.03570 0.03523 0.05293 -0.00191 0.06057 -0.03866 0.06974 -0.01996 -0.04254 -0.02280 -0.01854 -0.03954 0.02960 0.02972 0.04455 -0.03192 -0.04855 -0.01409 0.04699 -0.00458 0.00868 0.04792 0.06482 -0.04439 0.00245 -0.02342 0.04108 -0.03120 0.01700 0.85819 -0.00233 0.03292 -0.02567 0.03903 -0.04412 -0.05582 0.03944 0.00695 0.05133 0.03075 -0.03752 -0.02178 0.03248 -0.02950 0.02580
-0.02011 -0.06001 -0.06179 -0.03231 0.03118 -0.00148 0.04437 -0.02940 0.02708 -0.03282 -0.01596 -0.10705 -0.00743 0.02124 -0.08051 0.03085 0.01079 -0.00005 -0.01224 -0.05936 0.04397 0.00714 0.09612 0.03006 -0.01350 -0.00779 0.05187 -0.01718 0.00602 0.06168 -0.04399 -0.06415 -0.03222 0.06031 0.00233 0.40849 -0.04619 0.01287 0.09493 -0.01946 0.04415 -0.05985 0.00592 -0.07015 -0.04613 -0.02313 0.02169 -0.02502 0.01949 -0.02407
0.02390 -0.00244 0.05777 -0.03399 0.01019 0.02078 -0.00275 0.04564 -0.00168 -0.01538 0.01318 -0.04178 -0.03112 0.02551 0.01612 -0.00443 0.01646 -0.01575 -0.02442 -0.02901 -0.01360 -0.03388 0.03820 0.02943 -0.01418 0.04034 0.00104 -0.01554 0.00418 0.02695 0.05572 0.02429 0.00960 -0.05091 -0.03292 0.04619 0.95671 0.00083 -0.01943 -0.07271 -0.00765 -0.00041 -0.01314 0.00186 0.06659 0.04898 -0.00722 0.07286 0.02371 0.04960
-0.00739 0.03385 0.03640 0.03249 -0.03654 -0.03249 0.01096 0.04151 0.06007 -0.05129 -0.02085 -0.01632 0.06623 0.05814 0.05680 0.08956 0.01695 -0.12511 0.03392 -0.01300 -0.02029 0.05204 0.04094 -0.00339 -0.01027 0.07905 -0.06749 -0.02658 0.02686 -0.03669 0.01999 -0.02605 -0.00836 0.07217 0.02567 -0.01287 -0.00083 0.40480 0.00599 0.01908 -0.01317 -0.00163 -0.03925 0.00023 -0.03775 0.05254 -0.01431 0.00142 0.04333 0.04714
-0.01107 0.02061 0.05772 0.02445 -0.14921 -0.04703 -0.08201 -0.01284 -0.02555 -0.01449 -0.04530 0.00718 -0.03749 0.05198 -0.04670 -0.03109 -0.01830 -0.00385 0.05714 -0.05578 0.03923 0.03721 0.03635 -0.05410 0.08768 0.03886 0.03452 -0.02065 -0.00561 -0.02183 0.01883 -0.01007 0.08379 -0.02074 -0.03903 -0.09493 0.01943 -0.00599 0.24501 -0.03197 -0.04926 0.01953 0.01860 0.03876 0.01403 0.08204 0.01849 0.00995 0.15131 0.09287
-0.03671 -0.05742 -0.04315 0.01772 0.07900 0.01748 -0.00253 -0.07363 0.05443 -0.03225 -0.05828 -0.06119 0.02572 -0.00901 0.00894 0.06823 0.01255 -0.01654 0.01760 -0.02723 -0.03967 0.04004 -0.02195 0.01001 -0.05236 -0.03734 -0.03391 -0.03128 0.00156 0.07959 -0.05499 -0.01037 -0.05699 -0.03992 0.04412 0.01946 0.07271 -0.01908 0.03197 0.90873 -0.00631 -0.02216 -0.03875 -0.02342 0.01150 -0.06279 0.00276 -0.04052 0.08080 0.02208
0.07584 -0.04849 0.07263 -0.04311 -0.03843 0.03280 -0.02121 0.05803 -0.02320 0.03698 0.06681 0.01264 -0.04181 -0.02882 -0.03692 -0.02198 -0.02294 0.00881 -0.03529 0.03315 0.03221 -0.04213 -0.00739 0.03367 0.00369 0.05231 -0.01670 0.07375 -0.03715 -0.01868 0.06204 0.03860 -0.06267 0.04682 0.05582 -0.04415 0.00765 0.01317 0.04926 0.00631 1.00286 0.03146 0.05208 0.04420 0.01288 0.04240 -0.02802 0.06733 -0.01327 -0.04014
0.04818 0.07009 0.03442 -0.04621 -0.05561 -0.03647 0.00873 0.04727 -0.06083 0.07214 -0.01403 -0.00448 -0.06364 -0.07493 -0.00135 -0.02113 -0.01546 0.01995 0.00210 0.06975 0.00346 -0.04596 0.04208 0.03556 0.01624 0.00600 0.02440 -0.03322 0.00210 -0.00378 -0.00659 0.01531 0.02842 -0.08676 -0.03944 0.05985 0.00041 0.00163 -0.01953 0.02216 -0.03146 0.69844 -0.01378 0.02319 -0.00729 -0.06220 -0.00957 0.00582 -0.02151 -0.03685
0.06488 0.02266 0.02218 -0.05308 -0.05122 -0.00267 -0.02722 0.04069 0.01127 0.06554 -0.04911 -0.01821 0.00832 -0.03181 -0.03611 -0.03434 0.01909 0.00188 -0.00279 0.02358 0.01795 -0.05325 -0.03671 -0.02683 0.04558 -0.00219 0.02732 0.02603 0.03070 -0.02150 0.03276 0.02357 0.03083 -0.01790 -0.00695 -0.00592 0.01314 0.03925 -0.01860 0.03875 -0.05208 0.01378 0.87129 0.06764 0.05233 -0.01699 0.04379 -0.08019 -0.03008 -0.07825
0.09095 0.04293 0.00809 0.07062 -0.02343 -0.00079 0.00731 0.02662 -0.01395 0.00550 -0.03997 -0.02305 0.01653 -0.07739 0.04418 -0.01139 0.01339 0.00375 0.03683 0.02115 -0.04207 -0.03864 -0.06789 0.05486 -0.02428 -0.01179 -0.05653 -0.02344 0.02807 0.01539 -0.01145 0.02920 0.03520 -0.05940 -0.05133 0.07015 -0.00186 -0.00023 -0.03876 0.02342 -0.04420 -0.02319 -0.06764 0.25519 0.01531 -0.04078 0.03468 -0.00945 -0.05483 -0.01718
0.07963 -0.02510 0.01277 0.03068 0.00593 0.03160 -0.02281 0.00698 -0.01529 -0.00692 -0.04119 -0.05563 -0.02257 -0.08553 0.01150 -0.06475 0.02680 0.01569 0.02716 -0.00166 -0.01396 -0.08141 -0.00679 0.08897 0.02202 -0.00418 0.02161 -0.01740 0.03125 0.02037 0.03944 0.05430 0.01968 -0.06184 -0.03075 0.04613 -0.06659 0.03775 -0.01403 -0.01150 -0.01288 0.00729 -0.05233 -0.01531 0.50774 -0.01194 0.04434 -0.06373 0.00501 -0.06289
-0.03103 0.03565 0.04956 -0.02105 -0.02029 -0.02250 0.06107 -0.03279 0.04526 0.09044 -0.02207 0.03493 0.01226 0.06776 0.04303 -0.01120 0.03224 0.00648 0.02229 0.04721 -0.06436 -0.03965 0.00467 -0.06586 0.01954 -0.03159 -0.02208 0.03039 0.03520 -0.00190 0.00574 0.04691 0.02826 -0.03869 0.03752 0.02313 -0.04898 -0.05254 -0.08204 0.06279 -0.04240 0.06220 0.01699 0.04078 0.01194 0.27940 0.01099 -0.06514 -0.06463 0.04635
-0.03020 0.00057 -0.04385 0.04630 0.05377 0.01025 0.00790 -0.04513 -0.02548 -0.02236 0.04628 -0.06202 0.05084 0.01294 -0.00708 -0.02890 0.01323 -0.01211 -0.04405 -0.01173 -0.00368 0.00103 -0.05682 -0.03795 -0.02741 -0.04401 -0.02246 0.02782 0.02724 0.01703 -0.00864 -0.01257 0.02773 0.07685 0.02178 -0.02169 0.00722 0.01431 -0.01849 -0.00276 0.02802 0.00957 -0.04379 -0.03468 -0.04434 -0.01099 0.76879 -0.02337 -0.12705 0.01498
0.01552 -0.01086 0.03728 0.01609 -0.00847 0.02161 -0.00130 0.04289 0.06430 -0.02045 -0.01973 0.00352 -0.00401 -0.01781 0.07416 0.00352 0.00477 -0.02736 0.06123 -0.03930 -0.05047 0.02896 0.00143 -0.00797 -0.00577 0.02749 -0.03615 0.02917 0.02879 -0.00500 0.01932 0.02473 -0.01126 0.00503 -0.03248 0.02502 -0.07286 -0.00142 -0.00995 0.04052 -0.06733 -0.00582 0.08019 0.00945 0.06373 0.06514 0.02337 0.82299 0.05276 0.00305
-0.02752 0.00130 0.06013 -0.03273 0.00627 0.05007 0.06450 -0.05848 0.05936 0.13391 -0.01388 0.11447 -0.03759 0.05072 0.02676 -0.06700 -0.01792 0.12831 0.01837 -0.02734 -0.05847 -0.03055 -0.01226 -0.12589 0.15164 -0.03495 0.11507 0.09661 -0.01074 0.08516 0.00712 0.07285 -0.02712 -0.04811 0.02950 -0.01949 -0.02371 -0.04333 -0.15131 -0.08080 0.01327 0.02151 0.03008 0.05483 -0.00501 0.06463 0.12705 -0.05276 0.17484 0.17552
-0.02242 0.00924 -0.05342 -0.00109 0.02454 -0.05814 0.05471 -0.04717 0.02115 -0.02823 -0.00148 -0.02763 -0.03750 0.00634 0.01185 -0.02592 0.00807 0.02247 -0.01913 0.05578 -0.02245 -0.04540 -0.04295 0.02070 -0.05840 -0.06414 -0.04469 -0.05460 0.00933 -0.00515 -0.02660 0.00979 0.02704 -0.05467 -0.02580 0.02407 -0.04960 -0.04714 -0.09287 -0.02208 0.04014 0.03685 0.07825 0.01718 0.06289 -0.04635 -0.01498 -0.00305 -0.17552 0.84016
