0.44505 0.00532 -0.00132 0.01482 -0.07194 -0.00403 -0.00596 0.01212 -0.00682 -0.01578 -0.07671 0.02351 -0.04496 -0.04114 0.00345 -0.01880 0.03557 -0.03215 -0.01780 0.02013 -0.03895 0.00599 -0.00200 -0.02357 0.01482 -0.03060 -0.00449 0.04700 -0.00454 -0.02189 0.03206 0.00628 0.03365 0.00042 -0.01715 0.11399 -0.00851 -0.00439 0.01977 0.01031 -0.02147 -0.03628 0.00297 -0.01276 -0.01183 0.02670 0.01310 -0.02325 0.06646 -0.06817
-0.00532 0.56017 0.00453 -0.02964 -0.02313 0.01727 0.03164 0.02819 0.00194 0.00017 -0.03599 0.04134 -0.00345 0.01296 0.03683 -0.01086 0.01377 0.01632 -0.01533 0.01895 -0.05380 0.03928 0.00142 -0.00141 -0.00008 -0.06500 -0.03023 0.02190 -0.04917 -0.00247 0.00476 0.02497 0.00481 -0.00363 -0.06539 0.01609 0.00029 -0.01694 0.00462 -0.04518 -0.02746 -0.01437 -0.01480 0.01204 -0.00266 0.01821 0.04054 -0.04078 -0.08915 0.01369
0.00132 -0.00453 0.46426 -0.03833 -0.02751 -0.04294 -0.01610 -0.02587 0.02225 0.01330 -0.04439 0.01213 -0.02706 -0.03358 0.00238 -0.02075 0.04430 -0.05111 -0.00399 -0.00652 -0.03363 -0.01043 -0.00542 0.00138 0.02190 -0.04591 -0.02182 0.01637 -0.00687 -0.02726 0.04356 0.01342 0.01925 -0.01037 0.00446 0.00476 0.00315 0.02038 0.00593 -0.01369 -0.01374 -0.04122 0.03968 0.04308 -0.02408 -0.01297 -0.00546 0.01156 -0.02775 -0.04819
-0.01482 0.02964 0.03833 0.73742 0.01675 0.04390 0.07264 0.04001 -0.01280 -0.06814 -0.04784 0.01692 0.03123 -0.05809 0.03750 -0.02961 0.06222 -0.01977 0.01892 -0.00197 0.00253 -0.00759 0.02020 -0.09437 0.00324 0.00368 -0.01002 -0.02986 -0.08091 0.01351 0.08506 -0.04958 0.04724 0.00296 0.09058 0.00408 0.03569 0.05903 0.02151 -0.03094 0.08049 0.00393 -0.03618 0.01799 -0.06325 0.01178 0.06540 0.03263 -0.07850 -0.08988
0.07194 0.02313 0.02751 -0.01675 0.01057 -0.02666 0.00959 0.03320 -0.03272 -0.00076 0.00140 -0.01321 0.02760 0.02341 0.03867 0.00198 0.01030 -0.00940 0.03535 -0.03685 0.03056 0.02600 -0.01445 0.00400 -0.03674 0.02771 -0.01948 -0.02067 -0.01531 -0.00976 -0.07017 -0.01004 -0.00752 -0.02465 0.00716 -0.05405 -0.04979 -0.01242 -0.01410 -0.01481 0.00604 0.04959 0.05095 0.01533 -0.00005 -0.04178 -0.00723 0.02331 -0.06623 0.03132
0.00403 -0.01727 0.04294 -0.04390 0.02666 1.02847 -0.06255 -0.03884 0.00257 0.04052 0.05188 0.04073 -0.04970 -0.05937 -0.01606 0.08272 -0.00370 0.03874 -0.01638 0.06744 -0.03370 -0.04176 -0.04498 0.01062 0.08235 -0.04771 0.03546 0.04189 0.04430 0.08938 0.07369 0.05868 -0.03418 0.10857 -0.02203 -0.02237 0.07611 -0.06427 -0.09585 0.00067 -0.03990 -0.06656 0.04955 -0.07035 0.02924 0.01372 -0.08435 0.06208 0.00557 -0.04286
0.00596 -0.03164 0.01610 -0.07264 -0.00959 0.06255 0.46927 0.02176 -0.00956 0.03309 -0.01061 0.00180 0.02880 -0.01737 0.04752 -0.03434 -0.00130 0.00657 0.01336 -0.02079 -0.03539 -0.03235 -0.05086 0.03197 0.00552 -0.01065 -0.01516 -0.02710 -0.03520 0.03527 -0.01340 0.00309 0.03097 -0.00016 0.01064 0.01518 0.01074 0.00496 -0.03919 -0.03446 0.05238 0.06394 0.01968 0.06376 0.02486 -0.02966 0.04990 -0.00319 -0.07033 0.00747
-0.01212 -0.02819 0.02587 -0.04001 -0.03320 0.03884 -0.02176 1.02768 0.04325 -0.02340 -0.02383 0.01936 -0.03945 -0.04226 0.02323 -0.00121 -0.02907 -0.02478 -0.03502 -0.02689 -0.02519 0.00641 0.02002 -0.01024 0.02850 -0.01962 0.00882 0.02816 -0.06286 0.01323 0.00640 -0.00732 -0.02350 -0.00005 -0.03817 0.02844 0.03964 0.03313 -0.02148 0.02248 -0.01624 0.02142 -0.03296 0.04386 0.00822 0.00086 0.01577 0.02265 -0.02651 0.00337
0.00682 -0.00194 -0.02225 0.01280 0.03272 -0.00257 0.00956 -0.04325 0.95457 -0.00492 0.06968 -0.04213 -0.01029 0.01121 -0.02265 0.05824 -0.00206 0.03303 -0.01673 0.00502 -0.00310 -0.02390 -0.02481 -0.00935 0.02263 0.00251 0.01440 0.00476 0.02073 -0.00489 0.02331 -0.00151 -0.01783 -0.00035 0.01992 -0.02937 -0.00463 -0.00400 -0.05421 -0.02324 -0.00144 -0.03190 -0.05970 -0.05802 0.01276 0.00803 -0.00074 0.00259 0.01198 -0.02235
0.01578 -0.00017 -0.01330 0.06814 0.00076 -0.04052 -0.03309 0.02340 0.00492 0.75353 -0.02526 0.00804 -0.00130 0.03197 0.03764 -0.02201 0.00321 0.00773 0.03054 -0.03202 0.03891 0.04080 -0.02824 0.06024 -0.00719 0.03069 -0.01384 -0.01528 0.05508 0.00717 -0.01995 -0.02446 0.01924 0.02482 0.03194 0.03610 -0.02793 -0.01821 -0.01637 0.01029 0.02773 0.05557 0.02804 -0.01274 0.00350 -0.02262 -0.01481 -0.00101 0.00219 -0.00382
0.07671 0.03599 0.04439 0.04784 -0.00140 -0.05188 0.01061 0.02383 -0.06968 0.02526 0.15171 0.03865 0.03030 0.06836 0.01399 -0.01376 0.04727 0.00485 0.05041 -0.04255 0.02824 0.04844 0.01344 -0.02845 -0.03449 0.03507 -0.02917 -0.03639 0.00723 -0.03571 -0.04288 -0.00725 -0.00840 -0.00786 0.01420 -0.01582 -0.04484 -0.01760 -0.03250 -0.02537 0.00218 0.07649 0.04762 -0.02351 -0.02816 -0.04104 0.02830 -0.01796 -0.03359 0.03907
-0.02351 -0.04134 -0.01213 -0.01692 0.01321 -0.04073 -0.00180 -0.01936 0.04213 -0.00804 -0.03865 0.00000 0.01579 -0.04503 -0.01285 -0.04958 0.04973 -0.02405 0.01585 0.03549 -0.05214 -0.01934 0.01185 -0.02984 0.02745 -0.03141 0.02255 0.04314 0.02578 0.02306 0.05610 -0.00604 -0.02556 0.02221 0.00149 0.01199 -0.01961 0.01195 0.02146 -0.00583 -0.00397 -0.03981 -0.02841 -0.00293 -0.02506 0.03104 0.02237 0.04288 -0.00835 -0.07838
0.04496 0.00345 0.02706 -0.03123 -0.02760 0.04970 -0.02880 0.03945 0.01029 0.00130 -0.03030 -0.01579 0.39463 0.01027 0.01419 -0.02587 0.00064 -0.02777 -0.00830 -0.01293 0.00147 0.02265 -0.03808 0.03179 0.02565 0.01503 -0.02743 0.03611 -0.00542 0.03104 0.01004 0.03859 -0.02119 0.00728 -0.02554 0.03002 -0.00377 -0.00377 -0.02173 -0.03096 -0.07270 0.02561 0.02226 0.02864 0.00283 -0.03341 -0.00285 -0.02959 -0.03142 -0.00532
0.04114 -0.01296 0.03358 0.05809 -0.02341 0.05937 0.01737 0.04226 -0.01121 -0.03197 -0.06836 0.04503 -0.01027 0.66886 0.06513 0.01942 0.04384 -0.02390 0.01283 0.00882 0.01104 0.04733 0.00262 -0.00449 0.02739 0.05734 0.00365 -0.00908 -0.01981 0.00501 0.01832 -0.02301 0.04287 -0.01007 0.06417 0.04595 0.00229 -0.03318 0.00510 -0.02388 0.07000 0.03473 -0.01802 -0.01142 -0.00278 -0.02107 0.06006 -0.04934 -0.03706 -0.06417
-0.00345 -0.03683 -0.00238 -0.03750 -0.03867 0.01606 -0.04752 -0.02323 0.02265 -0.03764 -0.01399 0.01285 -0.01419 -0.06513 0.32300 -0.02513 -0.01230 -0.00935 -0.07015 0.00751 -0.04841 -0.05000 -0.00846 -0.01569 0.03875 -0.02401 -0.00625 0.01170 0.00444 -0.04060 0.05971 -0.01995 0.00496 0.01752 -0.04554 0.06170 0.02511 -0.03396 0.00107 0.03824 -0.02364 -0.02257 -0.02552 0.00784 -0.01220 0.01738 -0.00232 0.03269 -0.00010 -0.03575
0.01880 0.01086 0.02075 0.02961 -0.00198 -0.08272 0.03434 0.00121 -0.05824 0.02201 0.01376 0.04958 0.02587 -0.01942 0.02513 0.18219 0.02397 -0.01384 0.04447 -0.05541 0.01007 -0.00294 0.00071 -0.02158 -0.04202 0.01609 -0.03235 -0.03388 -0.03723 -0.04444 -0.02211 -0.00085 0.06621 -0.01516 0.03566 -0.02622 0.01200 -0.00896 0.00355 -0.03328 0.03752 0.00315 0.05743 0.01907 -0.00920 -0.02003 -0.01374 -0.01670 -0.04572 -0.01884
-0.03557 -0.01377 -0.04430 -0.06222 -0.01030 0.00370 0.00130 0.02907 0.00206 -0.00321 -0.04727 -0.04973 -0.00064 -0.04384 0.01230 -0.02397 0.23255 -0.04767 -0.02470 0.01267 -0.06942 0.00278 0.01416 0.00102 0.01460 -0.05644 -0.05528 0.01109 -0.03123 0.01095 0.04174 -0.01142 0.00805 0.00491 -0.05065 -0.00701 -0.00066 0.00118 0.01519 0.01067 -0.03909 -0.00280 -0.00780 0.03396 -0.01172 0.02299 -0.03586 0.01282 -0.01568 -0.01349
0.03215 -0.01632 0.05111 0.01977 0.00940 -0.03874 -0.00657 0.02478 -0.03303 -0.00773 -0.00485 0.02405 0.02777 0.02390 0.00935 0.01384 0.04767 0.27788 0.02569 -0.02750 0.07585 0.00429 -0.01838 0.00744 -0.02374 0.08595 -0.04412 -0.05316 0.00427 -0.04163 -0.04244 0.00500 0.01750 -0.02239 0.01394 0.00309 -0.03534 -0.02709 -0.02093 -0.04617 0.04473 0.04172 0.00532 -0.01511 0.00098 -0.05098 0.04066 0.02862 -0.03608 0.01727
0.01780 0.01533 0.00399 -0.01892 -0.03535 0.01638 -0.01336 0.03502 0.01673 -0.03054 -0.05041 -0.01585 0.00830 -0.01283 0.07015 -0.04447 0.02470 -0.02569 1.03294 -0.01324 -0.00473 0.01820 0.01499 -0.01276 -0.00004 0.00092 -0.03207 -0.00176 -0.01603 -0.03413 0.00021 -0.01756 0.00867 -0.01473 -0.00460 0.04774 -0.03329 -0.01492 0.01398 -0.01579 -0.01564 0.05846 -0.00690 0.03726 -0.02660 0.00429 0.02755 -0.00218 -0.01268 -0.01243
-0.02013 -0.01895 0.00652 0.00197 0.03685 -0.06744 0.02079 0.02689 -0.00502 0.03202 0.04255 -0.03549 0.01293 -0.00882 -0.00751 0.05541 -0.01267 0.02750 0.01324 0.34364 0.00338 -0.00968 -0.00299 0.02482 -0.04388 -0.02741 -0.04564 -0.02963 -0.02319 -0.00071 -0.01814 0.00973 0.07736 0.00071 0.03356 -0.02110 0.02261 -0.05310 0.00595 -0.06398 0.02388 -0.02106 0.03029 0.02202 -0.01099 0.01715 0.01296 -0.02147 -0.03379 0.07033
0.03895 0.05380 0.03363 -0.00253 -0.03056 0.03370 0.03539 0.02519 0.00310 -0.03891 -0.02824 0.05214 -0.00147 -0.01104 0.04841 -0.01007 0.06942 -0.07585 0.00473 -0.00338 0.88632 0.00991 0.02440 -0.05896 -0.00407 0.00730 -0.02498 0.00672 -0.02949 -0.01343 0.00836 0.00462 -0.01286 -0.02971 0.04197 0.04744 0.02054 0.01097 0.02667 -0.02445 -0.00413 -0.02925 0.03547 0.00724 -0.03671 -0.03639 0.01424 -0.03056 -0.01482 -0.07794
-0.00599 -0.03928 0.01043 0.00759 -0.02600 0.04176 0.03235 -0.00641 0.02390 -0.04080 -0.04844 0.01934 -0.02265 -0.04733 0.05000 0.00294 -0.00278 -0.00429 -0.01820 0.00968 -0.00991 0.59897 -0.04795 -0.01958 0.01148 -0.00377 0.02673 0.04331 -0.04275 -0.00187 0.04605 -0.00429 -0.01433 0.01987 -0.01003 0.06313 0.01581 0.03243 0.00413 0.00628 0.00933 -0.06010 -0.04417 0.02234 -0.01994 -0.02121 0.03554 0.00168 -0.05775 -0.08531
0.00200 -0.00142 0.00542 -0.02020 0.01445 0.04498 0.05086 -0.02002 0.02481 0.02824 -0.01344 -0.01185 0.03808 -0.00262 0.00846 -0.00071 -0.01416 0.01838 -0.01499 0.00299 -0.02440 0.04795 0.56259 0.01161 0.02094 -0.00207 -0.00210 0.03727 0.00698 0.01666 0.02485 0.00802 -0.00421 0.01075 -0.05543 -0.02537 0.02922 -0.00161 -0.02799 -0.00151 -0.04142 0.01912 -0.01758 0.02085 0.01922 0.02368 -0.02566 -0.03514 0.01091 0.03755
0.02357 0.00141 -0.00138 0.09437 -0.00400 -0.01062 -0.03197 0.01024 0.00935 -0.06024 0.02845 0.02984 -0.03179 0.00449 0.01569 0.02158 -0.00102 -0.00744 0.01276 -0.02482 0.05896 0.01958 -0.01161 0.35093 0.00586 0.03716 0.04602 0.00638 0.03523 0.01186 0.00631 -0.04648 -0.03747 -0.00257 0.07243 0.03085 -0.00856 0.00248 0.00659 0.03181 -0.00507 0.01221 -0.00478 -0.04586 -0.05176 -0.03938 -0.03101 0.02708 0.05501 -0.03010
-0.01482 0.00008 -0.02190 -0.00324 0.03674 -0.08235 -0.00552 -0.02850 -0.02263 0.00719 0.03449 -0.02745 -0.02565 -0.02739 -0.03875 0.04202 -0.01460 0.02374 0.00004 0.04388 0.00407 -0.01148 -0.02094 -0.00586 0.85978 -0.00630 0.03560 0.04083 0.02006 -0.01059 0.04301 0.03175 -0.04267 0.01846 -0.00940 -0.02801 -0.03896 -0.03529 0.00353 0.00399 -0.05623 -0.05715 0.01884 -0.04440 -0.01512 0.02734 -0.03421 -0.00193 0.02139 0.01244
0.03060 0.06500 0.04591 -0.00368 -0.02771 0.04771 0.01065 0.01962 -0.00251 -0.03069 -0.03507 0.03141 -0.01503 -0.05734 0.02401 -0.01609 0.05644 -0.08595 -0.00092 0.02741 -0.00730 0.00377 0.00207 -0.03716 0.00630 0.79358 -0.02247 0.00131 -0.02676 -0.00496 0.05428 0.00968 -0.02684 -0.02757 0.04273 0.04030 0.00404 0.04889 0.05331 -0.02115 -0.03199 -0.02504 0.03565 0.00756 -0.04061 -0.02217 0.02246 -0.03055 -0.00026 -0.07130
0.00449 0.03023 0.02182 0.01002 0.01948 -0.03546 0.01516 -0.00882 -0.01440 0.01384 0.02917 -0.02255 0.02743 -0.00365 0.00625 0.03235 0.05528 0.04412 0.03207 0.04564 0.02498 -0.02673 0.00210 -0.04602 -0.03560 0.02247 0.47995 -0.08596 -0.02472 -0.01496 0.00687 0.01600 0.00075 0.01868 0.03902 -0.03289 -0.02448 -0.00640 -0.01537 -0.08123 0.05407 -0.00391 -0.00150 -0.05331 -0.03251 -0.00151 0.08396 0.02439 -0.07455 0.01344
-0.04700 -0.02190 -0.01637 0.02986 0.02067 -0.04189 0.02710 -0.02816 -0.00476 0.01528 0.03639 -0.04314 -0.03611 0.00908 -0.01170 0.03388 -0.01109 0.05316 0.00176 0.02963 -0.00672 -0.04331 -0.03727 -0.00638 -0.04083 -0.00131 0.08596 0.67550 0.02078 -0.00869 -0.01572 0.00629 -0.00695 0.02569 0.04836 -0.01907 -0.02140 0.01248 -0.01504 0.02544 0.07461 -0.06410 -0.03825 -0.05528 0.03077 0.03577 0.05720 0.02982 -0.02623 0.00134
0.00454 0.04917 0.00687 0.08091 0.01531 -0.04430 0.03520 0.06286 -0.02073 -0.05508 -0.00723 -0.02578 0.00542 0.01981 -0.00444 0.03723 0.03123 -0.00427 0.01603 0.02319 0.02949 0.04275 -0.00698 -0.03523 -0.02006 0.02676 0.02472 -0.02078 0.50015 -0.00202 -0.00166 -0.02633 -0.03660 -0.00122 0.02788 -0.00421 -0.03452 -0.03266 0.00687 -0.01154 0.00403 0.01937 0.00144 -0.02626 -0.04806 0.02762 0.02838 0.01523 -0.04513 -0.06046
0.02189 0.00247 0.02726 -0.01351 0.00976 -0.08938 -0.03527 -0.01323 0.00489 -0.00717 0.03571 -0.02306 -0.03104 -0.00501 0.04060 0.04444 -0.01095 0.04163 0.03413 0.00071 0.01343 0.00187 -0.01666 -0.01186 0.01059 0.00496 0.01496 0.00869 0.00202 1.02454 -0.00409 -0.00605 -0.02616 0.03078 0.00684 -0.01041 -0.02180 -0.04346 -0.07516 -0.01317 -0.01255 0.03795 -0.00819 -0.03073 0.01243 0.02167 0.00184 0.04822 -0.03183 0.00915
-0.03206 -0.00476 -0.04356 -0.08506 0.07017 -0.07369 0.01340 -0.00640 -0.02331 0.01995 0.04288 -0.05610 -0.01004 -0.01832 -0.05971 0.02211 -0.04174 0.04244 -0.00021 0.01814 -0.00836 -0.04605 -0.02485 -0.00631 -0.04301 -0.05428 -0.00687 0.01572 0.00166 0.00409 0.83554 -0.00880 -0.04134 -0.01766 0.00992 -0.03032 -0.04028 0.02063 -0.00072 0.02118 -0.02098 -0.05300 -0.06116 -0.00978 0.03236 0.03963 -0.01639 0.05418 -0.01147 0.04190
-0.00628 -0.02497 -0.01342 0.04958 0.01004 -0.05868 -0.00309 0.00732 0.00151 0.02446 0.00725 0.00604 -0.03859 0.02301 0.01995 0.00085 0.01142 -0.00500 0.01756 -0.00973 -0.00462 0.00429 -0.00802 0.04648 -0.03175 -0.00968 -0.01600 -0.00629 0.02633 0.00605 0.00880 0.50768 0.05939 -0.00966 0.07924 -0.00162 0.04050 -0.02591 0.01795 0.00015 0.00897 -0.02066 0.02678 0.00060 0.02216 0.02552 -0.04188 -0.02592 0.02758 -0.02374
-0.03365 -0.00481 -0.01925 -0.04724 0.00752 0.03418 -0.03097 0.02350 0.01783 -0.01924 0.00840 0.02556 0.02119 -0.04287 -0.00496 -0.06621 -0.00805 -0.01750 -0.00867 -0.07736 0.01286 0.01433 0.00421 0.03747 0.04267 0.02684 -0.00075 0.00695 0.03660 0.02616 0.04134 -0.05939 0.67049 0.02515 -0.07595 -0.01211 -0.04259 -0.02064 -0.03462 0.01384 -0.05596 0.07045 -0.02055 0.00348 -0.00618 -0.00530 -0.00407 0.01155 0.01342 0.02328
-0.00042 0.00363 0.01037 -0.00296 0.02465 -0.10857 0.00016 0.00005 0.00035 -0.02482 0.00786 -0.02221 -0.00728 0.01007 -0.01752 0.01516 -0.00491 0.02239 0.01473 -0.00071 0.02971 -0.01987 -0.01075 0.00257 -0.01846 0.02757 -0.01868 -0.02569 0.00122 -0.03078 0.01766 0.00966 -0.02515 0.47187 -0.01699 -0.02521 -0.02752 -0.01265 0.00423 -0.01475 0.01041 -0.00491 0.00622 -0.01153 -0.00136 0.00900 0.00629 0.03847 -0.02158 0.01612
0.01715 0.06539 -0.00446 -0.09058 -0.00716 0.02203 -0.01064 0.03817 -0.01992 -0.03194 -0.01420 -0.00149 0.02554 -0.06417 0.04554 -0.03566 0.05065 -0.01394 0.00460 -0.03356 -0.04197 0.01003 0.05543 -0.07243 0.00940 -0.04273 -0.03902 -0.04836 -0.02788 -0.00684 -0.00992 -0.07924 0.07595 0.01699 0.56123 0.04388 -0.00464 0.01659 0.03428 -0.02787 -0.00945 0.02902 0.03106 0.00643 -0.05600 0.01609 0.05338 0.02787 -0.03922 -0.00598
-0.11399 -0.01609 -0.00476 -0.00408 0.05405 0.02237 -0.01518 -0.02844 0.02937 -0.03610 0.01582 -0.01199 -0.03002 -0.04595 -0.06170 0.02622 0.00701 -0.00309 -0.04774 0.02110 -0.04744 -0.06313 0.02537 -0.03085 0.02801 -0.04030 0.03289 0.01907 0.00421 0.01041 0.03032 0.00162 0.01211 0.02521 -0.04388 0.16491 0.03659 -0.03236 -0.01859 0.01522 -0.01470 -0.04858 -0.03655 -0.01566 -0.01167 0.08923 -0.00860 0.00785 0.07067 -0.00152
0.00851 -0.00029 -0.00315 -0.03569 0.04979 -0.07611 -0.01074 -0.03964 0.00463 0.02793 0.04484 0.01961 0.00377 -0.00229 -0.02511 -0.01200 0.00066 0.03534 0.03329 -0.02261 -0.02054 -0.01581 -0.02922 0.00856 0.03896 -0.00404 0.02448 0.02140 0.03452 0.02180 0.04028 -0.04050 0.04259 0.02752 0.00464 -0.03659 0.89184 -0.00479 -0.03931 0.01096 0.01553 0.00749 -0.02194 -0.01729 0.03977 0.00111 0.01239 0.00066 0.00057 -0.01061
0.00439 0.01694 -0.02038 -0.05903 0.01242 0.06427 -0.00496 -0.03313 0.00400 0.01821 0.01760 -0.01195 0.00377 0.03318 0.03396 0.00896 -0.00118 0.02709 0.01492 0.05310 -0.01097 -0.03243 0.00161 -0.00248 0.03529 -0.04889 0.00640 -0.01248 0.03266 0.04346 -0.02063 0.02591 0.02064 0.01265 -0.01659 0.03236 0.00479 0.02403 -0.00127 -0.00986 0.02641 0.01696 -0.01469 -0.01250 0.00838 0.01746 0.01446 -0.00332 0.01140 0.05049
-0.01977 -0.00462 -0.00593 -0.02151 0.01410 0.09585 0.03919 0.02148 0.05421 0.01637 0.03250 -0.02146 0.02173 -0.00510 -0.00107 -0.00355 -0.01519 0.02093 -0.01398 -0.00595 -0.02667 -0.00413 0.02799 -0.00659 -0.00353 -0.05331 0.01537 0.01504 -0.00687 0.07516 0.00072 -0.01795 0.03462 -0.00423 -0.03428 0.01859 0.03931 0.00127 0.30095 0.02635 -0.01558 -0.00190 -0.01364 0.00913 0.01487 0.03601 -0.02521 -0.04874 0.03748 0.02542
-0.01031 0.04518 0.01369 0.03094 0.01481 -0.00067 0.03446 -0.02248 0.02324 -0.01029 0.02537 0.00583 0.03096 0.02388 -0.03824 0.03328 -0.01067 0.04617 0.01579 0.06398 0.02445 -0.00628 0.00151 -0.03181 -0.00399 0.02115 0.08123 -0.02544 0.01154 0.01317 -0.02118 -0.00015 -0.01384 0.01475 0.02787 -0.01522 -0.01096 0.00986 -0.02635 0.45344 0.05550 -0.01846 -0.02652 -0.06274 -0.00079 0.02328 0.04043 -0.00263 -0.00561 -0.00141
0.02147 0.02746 0.01374 -0.08049 -0.00604 0.03990 -0.05238 0.01624 0.00144 -0.02773 -0.00218 0.00397 0.07270 -0.07000 0.02364 -0.03752 0.03909 -0.04473 0.01564 -0.02388 0.00413 -0.00933 0.04142 0.00507 0.05623 0.03199 -0.05407 -0.07461 -0.00403 0.01255 0.02098 -0.00897 0.05596 -0.01041 0.00945 0.01470 -0.01553 -0.02641 0.01558 -0.05550 0.64685 0.04332 0.04033 0.01031 -0.03486 -0.03516 0.00420 0.01824 -0.00882 0.01976
0.03628 0.01437 0.04122 -0.00393 -0.04959 0.06656 -0.06394 -0.02142 0.03190 -0.05557 -0.07649 0.03981 -0.02561 -0.03473 0.02257 -0.00315 0.00280 -0.04172 -0.05846 0.02106 0.02925 0.06010 -0.01912 -0.01221 0.05715 0.02504 0.00391 0.06410 -0.01937 -0.03795 0.05300 0.02066 -0.07045 0.00491 -0.02902 0.04858 -0.00749 -0.01696 0.00190 0.01846 -0.04332 0.50273 -0.02103 -0.01247 -0.06547 -0.00589 -0.02358 0.02948 -0.00716 -0.07459
-0.00297 0.01480 -0.03968 0.03618 -0.05095 -0.04955 -0.01968 0.03296 0.05970 -0.02804 -0.04762 0.02841 -0.02226 0.01802 0.02552 -0.05743 0.00780 -0.00532 0.00690 -0.03029 -0.03547 0.04417 0.01758 0.00478 -0.01884 -0.03565 0.00150 0.03825 -0.00144 0.00819 0.06116 -0.02678 0.02055 -0.00622 -0.03106 0.03655 0.02194 0.01469 0.01364 0.02652 -0.04033 0.02103 0.48959 0.03830 -0.04347 -0.01459 -0.03166 -0.02075 0.01633 -0.03027
0.01276 -0.01204 -0.04308 -0.01799 -0.01533 0.07035 -0.06376 -0.04386 0.05802 0.01274 0.02351 0.00293 -0.02864 0.01142 -0.00784 -0.01907 -0.03396 0.01511 -0.03726 -0.02202 -0.00724 -0.02234 -0.02085 0.04586 0.04440 -0.00756 0.05331 0.05528 0.02626 0.03073 0.00978 -0.00060 -0.00348 0.01153 -0.00643 0.01566 0.01729 0.01250 -0.00913 0.06274 -0.01031 0.01247 -0.03830 0.15962 0.05917 -0.01470 -0.04925 0.02726 0.03508 0.01340
0.01183 0.00266 0.02408 0.06325 0.00005 -0.02924 -0.02486 -0.00822 -0.01276 -0.00350 0.02816 0.02506 -0.00283 0.00278 0.01220 0.00920 0.01172 -0.00098 0.02660 0.01099 0.03671 0.01994 -0.01922 0.05176 0.01512 0.04061 0.03251 -0.03077 0.04806 -0.01243 -0.03236 -0.02216 0.00618 0.00136 0.05600 0.01167 -0.03977 -0.00838 -0.01487 0.00079 0.03486 0.06547 0.04347 -0.05917 0.52781 -0.01230 0.01833 -0.00894 0.00337 -0.00738
-0.02670 -0.01821 0.01297 -0.01178 0.04178 -0.01372 0.02966 -0.00086 -0.00803 0.02262 0.04104 -0.03104 0.03341 0.02107 -0.01738 0.02003 -0.02299 0.05098 -0.00429 -0.01715 0.03639 0.02121 -0.02368 0.03938 -0.02734 0.02217 0.00151 -0.03577 -0.02762 -0.02167 -0.03963 -0.02552 0.00530 -0.00900 -0.01609 -0.08923 -0.00111 -0.01746 -0.03601 -0.02328 0.03516 0.00589 0.01459 0.01470 0.01230 0.46313 0.03268 0.02375 -0.09168 0.05574
-0.01310 -0.04054 0.00546 -0.06540 0.00723 0.08435 -0.04990 -0.01577 0.00074 0.01481 -0.02830 -0.02237 0.00285 -0.06006 0.00232 0.01374 0.03586 -0.04066 -0.02755 -0.01296 -0.01424 -0.03554 0.02566 0.03101 0.03421 -0.02246 -0.08396 -0.05720 -0.02838 -0.00184 0.01639 0.04188 0.00407 -0.00629 -0.05338 0.00860 -0.01239 -0.01446 0.02521 -0.04043 -0.00420 0.02358 0.03166 0.04925 -0.01833 -0.03268 0.69882 0.05915 -0.02785 0.00625
0.02325 0.04078 -0.01156 -0.03263 -0.02331 -0.06208 0.00319 -0.02265 -0.00259 0.00101 0.01796 -0.04288 0.02959 0.04934 -0.03269 0.01670 -0.01282 -0.02862 0.00218 0.02147 0.03056 -0.00168 0.03514 -0.02708 0.00193 0.03055 -0.02439 -0.02982 -0.01523 -0.04822 -0.05418 0.02592 -0.01155 -0.03847 -0.02787 -0.00785 -0.00066 0.00332 0.04874 0.00263 -0.01824 -0.02948 0.02075 -0.02726 0.00894 -0.02375 -0.05915 0.72672 0.03157 0.04723
-0.06646 0.08915 0.02775 0.07850 0.06623 -0.00557 0.07033 0.02651 -0.01198 -0.00219 0.03359 0.00835 0.03142 0.03706 0.00010 0.04572 0.01568 0.03608 0.01268 0.03379 0.01482 0.05775 -0.01091 -0.05501 -0.02139 0.00026 0.07455 0.02623 0.04513 0.03183 0.01147 -0.02758 -0.01342 0.02158 0.03922 -0.07067 -0.00057 -0.01140 -0.03748 0.00561 0.00882 0.00716 -0.01633 -0.03508 -0.00337 0.09168 0.02785 -0.03157 0.56491 -0.02744
0.06817 -0.01369 0.04819 0.08988 -0.03132 0.04286 -0.00747 -0.00337 0.02235 0.00382 -0.03907 0.07838 0.00532 0.06417 0.03575 0.01884 0.01349 -0.01727 0.01243 -0.07033 0.07794 0.08531 -0.03755 0.03010 -0.01244 0.07130 -0.01344 -0.00134 0.06046 -0.00915 -0.04190 0.02374 -0.02328 -0.01612 0.00598 0.00152 0.01061 -0.05049 -0.02542 0.00141 -0.01976 0.07459 0.03027 -0.01340 0.00738 -0.05574 -0.00625 -0.04723 0.02744 0.00000
