0.44470 0.00521 -0.00156 0.01502 -0.07186 -0.00408 -0.00589 0.01219 -0.00693 -0.01572 -0.07652 0.02347 -0.04499 -0.04093 0.00330 -0.01862 0.03550 -0.03203 -0.01769 0.02016 -0.03883 0.00589 -0.00205 -0.02364 0.01476 -0.03040 -0.00443 0.04694 -0.00457 -0.02188 0.03194 0.00641 0.03360 0.00030 -0.01721 0.11379 -0.00864 -0.00422 0.01970 0.01033 -0.02136 -0.03642 0.00280 -0.01292 -0.01182 0.02662 0.01306 -0.02316 0.06649 -0.06810
-0.00521 0.55988 0.00463 -0.02953 -0.02313 0.01712 0.03160 0.02820 0.00188 0.00016 -0.03577 0.04112 -0.00360 0.01307 0.03699 -0.01053 0.01364 0.01649 -0.01528 0.01901 -0.05363 0.03928 0.00139 -0.00159 -0.00008 -0.06489 -0.03011 0.02182 -0.04924 -0.00259 0.00458 0.02507 0.00462 -0.00360 -0.06530 0.01599 0.00031 -0.01703 0.00426 -0.04527 -0.02740 -0.01421 -0.01496 0.01184 -0.00259 0.01833 0.04054 -0.04058 -0.08925 0.01384
0.00156 -0.00463 0.46461 -0.03815 -0.02775 -0.04301 -0.01632 -0.02572 0.02210 0.01325 -0.04420 0.01201 -0.02750 -0.03358 0.00304 -0.02029 0.04409 -0.05098 -0.00388 -0.00632 -0.03350 -0.01056 -0.00541 0.00071 0.02183 -0.04557 -0.02175 0.01638 -0.00722 -0.02717 0.04341 0.01393 0.01915 -0.01046 0.00413 0.00480 0.00259 0.02039 0.00554 -0.01369 -0.01371 -0.04108 0.03948 0.04278 -0.02420 -0.01290 -0.00564 0.01195 -0.02791 -0.04815
-0.01502 0.02953 0.03815 0.73736 0.01695 0.04386 0.07268 0.03996 -0.01271 -0.06803 -0.04767 0.01680 0.03127 -0.05800 0.03707 -0.02955 0.06208 -0.01962 0.01903 -0.00193 0.00249 -0.00771 0.02008 -0.09418 0.00336 0.00337 -0.00984 -0.02976 -0.08073 0.01342 0.08514 -0.04965 0.04705 0.00310 0.09051 0.00387 0.03606 0.05903 0.02150 -0.03081 0.08044 0.00361 -0.03633 0.01788 -0.06311 0.01187 0.06533 0.03263 -0.07834 -0.08984
0.07186 0.02313 0.02775 -0.01695 0.01044 -0.02678 0.00941 0.03297 -0.03259 -0.00081 0.00150 -0.01344 0.02746 0.02325 0.03892 0.00208 0.01013 -0.00923 0.03521 -0.03685 0.03049 0.02605 -0.01443 0.00408 -0.03666 0.02744 -0.01938 -0.02055 -0.01529 -0.00990 -0.07009 -0.01020 -0.00769 -0.02433 0.00721 -0.05393 -0.04946 -0.01281 -0.01445 -0.01476 0.00585 0.04981 0.05091 0.01534 0.00012 -0.04144 -0.00727 0.02342 -0.06631 0.03134
0.00408 -0.01712 0.04301 -0.04386 0.02678 1.02866 -0.06235 -0.03883 0.00243 0.04051 0.05182 0.04075 -0.04942 -0.05926 -0.01613 0.08257 -0.00344 0.03868 -0.01628 0.06730 -0.03362 -0.04167 -0.04495 0.01067 0.08217 -0.04762 0.03534 0.04172 0.04437 0.08922 0.07365 0.05846 -0.03398 0.10852 -0.02166 -0.02242 0.07609 -0.06428 -0.09565 0.00054 -0.03981 -0.06652 0.04967 -0.07029 0.02928 0.01363 -0.08418 0.06186 0.00553 -0.04286
0.00589 -0.03160 0.01632 -0.07268 -0.00941 0.06235 0.46889 0.02159 -0.00957 0.03310 -0.01043 0.00155 0.02884 -0.01731 0.04744 -0.03422 -0.00140 0.00677 0.01341 -0.02078 -0.03520 -0.03229 -0.05093 0.03221 0.00566 -0.01086 -0.01498 -0.02712 -0.03496 0.03499 -0.01346 0.00285 0.03065 0.00017 0.01091 0.01505 0.01129 0.00464 -0.03955 -0.03453 0.05229 0.06404 0.01963 0.06365 0.02512 -0.02946 0.04997 -0.00319 -0.07037 0.00761
-0.01219 -0.02820 0.02572 -0.03996 -0.03297 0.03883 -0.02159 1.02771 0.04327 -0.02327 -0.02377 0.01948 -0.03930 -0.04217 0.02294 -0.00130 -0.02906 -0.02481 -0.03501 -0.02702 -0.02527 0.00637 0.01998 -0.01013 0.02842 -0.01962 0.00881 0.02813 -0.06274 0.01320 0.00647 -0.00742 -0.02330 -0.00015 -0.03811 0.02828 0.03960 0.03339 -0.02119 0.02254 -0.01613 0.02121 -0.03296 0.04385 0.00829 0.00071 0.01578 0.02243 -0.02641 0.00341
0.00693 -0.00188 -0.02210 0.01271 0.03259 -0.00243 0.00957 -0.04327 0.95379 -0.00501 0.06950 -0.04174 -0.01030 0.01101 -0.02249 0.05812 -0.00195 0.03277 -0.01690 0.00489 -0.00319 -0.02385 -0.02466 -0.00952 0.02262 0.00257 0.01423 0.00476 0.02049 -0.00469 0.02340 -0.00151 -0.01762 -0.00044 0.01985 -0.02920 -0.00471 -0.00376 -0.05405 -0.02326 -0.00141 -0.03186 -0.05947 -0.05784 0.01262 0.00783 -0.00071 0.00249 0.01186 -0.02254
0.01572 -0.00016 -0.01325 0.06803 0.00081 -0.04051 -0.03310 0.02327 0.00501 0.75309 -0.02533 0.00810 -0.00127 0.03189 0.03760 -0.02220 0.00318 0.00765 0.03035 -0.03215 0.03877 0.04084 -0.02819 0.06034 -0.00715 0.03052 -0.01386 -0.01520 0.05511 0.00717 -0.01984 -0.02466 0.01933 0.02489 0.03197 0.03616 -0.02775 -0.01816 -0.01624 0.01035 0.02767 0.05558 0.02806 -0.01256 0.00355 -0.02262 -0.01479 -0.00110 0.00219 -0.00380
0.07652 0.03577 0.04420 0.04767 -0.00150 -0.05182 0.01043 0.02377 -0.06950 0.02533 0.15128 0.03863 0.03009 0.06820 0.01376 -0.01377 0.04694 0.00477 0.05031 -0.04251 0.02795 0.04827 0.01344 -0.02838 -0.03442 0.03485 -0.02909 -0.03612 0.00718 -0.03548 -0.04266 -0.00719 -0.00837 -0.00777 0.01383 -0.01577 -0.04495 -0.01757 -0.03241 -0.02508 0.00197 0.07613 0.04749 -0.02345 -0.02813 -0.04095 0.02804 -0.01787 -0.03341 0.03896
-0.02347 -0.04112 -0.01201 -0.01680 0.01344 -0.04075 -0.00155 -0.01948 0.04174 -0.00810 -0.03863 0.00000 0.01603 -0.04478 -0.01295 -0.04968 0.04988 -0.02404 0.01591 0.03538 -0.05184 -0.01917 0.01188 -0.02975 0.02731 -0.03130 0.02253 0.04296 0.02591 0.02291 0.05598 -0.00631 -0.02547 0.02220 0.00180 0.01187 -0.01932 0.01186 0.02153 -0.00596 -0.00383 -0.03971 -0.02824 -0.00296 -0.02504 0.03097 0.02259 0.04254 -0.00845 -0.07826
0.04499 0.00360 0.02750 -0.03127 -0.02746 0.04942 -0.02884 0.03930 0.01030 0.00127 -0.03009 -0.01603 0.39416 0.01029 0.01435 -0.02564 0.00057 -0.02751 -0.00832 -0.01292 0.00177 0.02278 -0.03815 0.03191 0.02585 0.01484 -0.02715 0.03592 -0.00526 0.03060 0.00991 0.03833 -0.02166 0.00773 -0.02507 0.02994 -0.00303 -0.00413 -0.02241 -0.03125 -0.07272 0.02592 0.02225 0.02846 0.00315 -0.03318 -0.00269 -0.02950 -0.03164 -0.00507
0.04093 -0.01307 0.03358 0.05800 -0.02325 0.05926 0.01731 0.04217 -0.01101 -0.03189 -0.06820 0.04478 -0.01029 0.66877 0.06493 0.01950 0.04370 -0.02370 0.01286 0.00887 0.01099 0.04729 0.00252 -0.00422 0.02756 0.05703 0.00384 -0.00897 -0.01960 0.00488 0.01840 -0.02313 0.04263 -0.00979 0.06421 0.04581 0.00270 -0.03338 0.00490 -0.02379 0.06989 0.03467 -0.01819 -0.01150 -0.00260 -0.02085 0.06000 -0.04925 -0.03696 -0.06408
-0.00330 -0.03699 -0.00304 -0.03707 -0.03892 0.01613 -0.04744 -0.02294 0.02249 -0.03760 -0.01376 0.01295 -0.01435 -0.06493 0.32281 -0.02453 -0.01240 -0.00938 -0.06989 0.00759 -0.04832 -0.05020 -0.00845 -0.01625 0.03855 -0.02341 -0.00631 0.01157 0.00403 -0.04022 0.05951 -0.01917 0.00513 0.01700 -0.04594 0.06151 0.02399 -0.03335 0.00112 0.03829 -0.02333 -0.02326 -0.02573 0.00745 -0.01252 0.01705 -0.00248 0.03285 -0.00007 -0.03567
0.01862 0.01053 0.02029 0.02955 -0.00208 -0.08257 0.03422 0.00130 -0.05812 0.02220 0.01377 0.04968 0.02564 -0.01950 0.02453 0.18200 0.02371 -0.01395 0.04473 -0.05530 0.00973 -0.00324 0.00066 -0.02156 -0.04201 0.01603 -0.03232 -0.03361 -0.03728 -0.04406 -0.02186 -0.00044 0.06643 -0.01533 0.03505 -0.02627 0.01137 -0.00862 0.00395 -0.03293 0.03739 0.00227 0.05727 0.01912 -0.00927 -0.02011 -0.01417 -0.01660 -0.04542 -0.01907
-0.03550 -0.01364 -0.04409 -0.06208 -0.01013 0.00344 0.00140 0.02906 0.00195 -0.00318 -0.04694 -0.04988 -0.00057 -0.04370 0.01240 -0.02371 0.23199 -0.04738 -0.02461 0.01269 -0.06913 0.00285 0.01408 0.00098 0.01461 -0.05634 -0.05506 0.01084 -0.03113 0.01060 0.04154 -0.01147 0.00784 0.00501 -0.05027 -0.00720 -0.00035 0.00106 0.01482 0.01032 -0.03895 -0.00251 -0.00786 0.03374 -0.01152 0.02312 -0.03571 0.01287 -0.01586 -0.01323
0.03203 -0.01649 0.05098 0.01962 0.00923 -0.03868 -0.00677 0.02481 -0.03277 -0.00765 -0.00477 0.02404 0.02751 0.02370 0.00938 0.01395 0.04738 0.27744 0.02557 -0.02742 0.07554 0.00410 -0.01838 0.00738 -0.02366 0.08578 -0.04405 -0.05292 0.00415 -0.04141 -0.04225 0.00517 0.01750 -0.02234 0.01362 0.00316 -0.03559 -0.02703 -0.02097 -0.04595 0.04459 0.04153 0.00517 -0.01509 0.00096 -0.05088 0.04041 0.02884 -0.03599 0.01723
0.01769 0.01528 0.00388 -0.01903 -0.03521 0.01628 -0.01341 0.03501 0.01690 -0.03035 -0.05031 -0.01591 0.00832 -0.01286 0.06989 -0.04473 0.02461 -0.02557 1.03327 -0.01317 -0.00489 0.01811 0.01489 -0.01257 0.00002 0.00070 -0.03200 -0.00162 -0.01580 -0.03420 0.00034 -0.01766 0.00874 -0.01456 -0.00463 0.04768 -0.03329 -0.01509 0.01410 -0.01568 -0.01574 0.05827 -0.00690 0.03734 -0.02646 0.00442 0.02743 -0.00218 -0.01253 -0.01244
-0.02016 -0.01901 0.00632 0.00193 0.03685 -0.06730 0.02078 0.02702 -0.00489 0.03215 0.04251 -0.03538 0.01292 -0.00887 -0.00759 0.05530 -0.01269 0.02742 0.01317 0.34331 0.00311 -0.00978 -0.00303 0.02480 -0.04386 -0.02744 -0.04569 -0.02954 -0.02319 -0.00064 -0.01800 0.00992 0.07755 0.00057 0.03339 -0.02111 0.02229 -0.05291 0.00619 -0.06388 0.02390 -0.02123 0.03029 0.02209 -0.01105 0.01703 0.01286 -0.02147 -0.03370 0.07027
0.03883 0.05363 0.03350 -0.00249 -0.03049 0.03362 0.03520 0.02527 0.00319 -0.03877 -0.02795 0.05184 -0.00177 -0.01099 0.04832 -0.00973 0.06913 -0.07554 0.00489 -0.00311 0.88582 0.00973 0.02423 -0.05891 -0.00390 0.00717 -0.02471 0.00688 -0.02939 -0.01360 0.00836 0.00484 -0.01317 -0.02953 0.04181 0.04729 0.02062 0.01081 0.02627 -0.02433 -0.00423 -0.02937 0.03517 0.00697 -0.03654 -0.03614 0.01407 -0.03023 -0.01472 -0.07781
-0.00589 -0.03928 0.01056 0.00771 -0.02605 0.04167 0.03229 -0.00637 0.02385 -0.04084 -0.04827 0.01917 -0.02278 -0.04729 0.05020 0.00324 -0.00285 -0.00410 -0.01811 0.00978 -0.00973 0.59867 -0.04797 -0.01970 0.01149 -0.00364 0.02682 0.04327 -0.04282 -0.00197 0.04591 -0.00414 -0.01454 0.01993 -0.00998 0.06309 0.01584 0.03230 0.00379 0.00621 0.00933 -0.05988 -0.04425 0.02219 -0.01990 -0.02108 0.03554 0.00187 -0.05784 -0.08524
0.00205 -0.00139 0.00541 -0.02008 0.01443 0.04495 0.05093 -0.01998 0.02466 0.02819 -0.01344 -0.01188 0.03815 -0.00252 0.00845 -0.00066 -0.01408 0.01838 -0.01489 0.00303 -0.02423 0.04797 0.56228 0.01155 0.02089 -0.00192 -0.00211 0.03715 0.00695 0.01665 0.02471 0.00809 -0.00426 0.01068 -0.05540 -0.02539 0.02920 -0.00161 -0.02804 -0.00159 -0.04136 0.01914 -0.01759 0.02079 0.01917 0.02365 -0.02559 -0.03516 0.01089 0.03752
0.02364 0.00159 -0.00071 0.09418 -0.00408 -0.01067 -0.03221 0.01013 0.00952 -0.06034 0.02838 0.02975 -0.03191 0.00422 0.01625 0.02156 -0.00098 -0.00738 0.01257 -0.02480 0.05891 0.01970 -0.01155 0.35067 0.00603 0.03691 0.04608 0.00647 0.03526 0.01163 0.00641 -0.04669 -0.03764 -0.00221 0.07270 0.03110 -0.00804 0.00212 0.00626 0.03168 -0.00527 0.01277 -0.00465 -0.04577 -0.05156 -0.03912 -0.03095 0.02716 0.05482 -0.03011
-0.01476 0.00008 -0.02183 -0.00336 0.03666 -0.08217 -0.00566 -0.02842 -0.02262 0.00715 0.03442 -0.02731 -0.02585 -0.02756 -0.03855 0.04201 -0.01461 0.02366 -0.00002 0.04386 0.00390 -0.01149 -0.02089 -0.00603 0.85930 -0.00629 0.03552 0.04098 0.01989 -0.01055 0.04326 0.03183 -0.04251 0.01846 -0.00951 -0.02791 -0.03917 -0.03523 0.00352 0.00401 -0.05632 -0.05711 0.01891 -0.04432 -0.01520 0.02731 -0.03428 -0.00189 0.02132 0.01241
0.03040 0.06489 0.04557 -0.00337 -0.02744 0.04762 0.01086 0.01962 -0.00257 -0.03052 -0.03485 0.03130 -0.01484 -0.05703 0.02341 -0.01603 0.05634 -0.08578 -0.00070 0.02744 -0.00717 0.00364 0.00192 -0.03691 0.00629 0.79311 -0.02231 0.00126 -0.02652 -0.00502 0.05423 0.00965 -0.02692 -0.02769 0.04270 0.04000 0.00418 0.04900 0.05348 -0.02102 -0.03186 -0.02550 0.03548 0.00736 -0.04049 -0.02222 0.02240 -0.03065 -0.00004 -0.07122
0.00443 0.03011 0.02175 0.00984 0.01938 -0.03534 0.01498 -0.00881 -0.01423 0.01386 0.02909 -0.02253 0.02715 -0.00384 0.00631 0.03232 0.05506 0.04405 0.03200 0.04569 0.02471 -0.02682 0.00211 -0.04608 -0.03552 0.02231 0.47948 -0.08567 -0.02482 -0.01479 0.00707 0.01610 0.00081 0.01874 0.03877 -0.03279 -0.02466 -0.00638 -0.01532 -0.08100 0.05390 -0.00401 -0.00157 -0.05322 -0.03257 -0.00145 0.08374 0.02449 -0.07447 0.01337
-0.04694 -0.02182 -0.01638 0.02976 0.02055 -0.04172 0.02712 -0.02813 -0.00476 0.01520 0.03612 -0.04296 -0.03592 0.00897 -0.01157 0.03361 -0.01084 0.05292 0.00162 0.02954 -0.00688 -0.04327 -0.03715 -0.00647 -0.04098 -0.00126 0.08567 0.67493 0.02066 -0.00846 -0.01564 0.00624 -0.00662 0.02549 0.04830 -0.01891 -0.02168 0.01258 -0.01459 0.02542 0.07461 -0.06407 -0.03809 -0.05502 0.03058 0.03563 0.05730 0.02968 -0.02626 0.00120
0.00457 0.04924 0.00722 0.08073 0.01529 -0.04437 0.03496 0.06274 -0.02049 -0.05511 -0.00718 -0.02591 0.00526 0.01960 -0.00403 0.03728 0.03113 -0.00415 0.01580 0.02319 0.02939 0.04282 -0.00695 -0.03526 -0.01989 0.02652 0.02482 -0.02066 0.49976 -0.00222 -0.00156 -0.02649 -0.03674 -0.00086 0.02804 -0.00408 -0.03424 -0.03303 0.00646 -0.01161 0.00386 0.01965 0.00146 -0.02621 -0.04792 0.02785 0.02840 0.01537 -0.04543 -0.06037
0.02188 0.00259 0.02717 -0.01342 0.00990 -0.08922 -0.03499 -0.01320 0.00469 -0.00717 0.03548 -0.02291 -0.03060 -0.00488 0.04022 0.04406 -0.01060 0.04141 0.03420 0.00064 0.01360 0.00197 -0.01665 -0.01163 0.01055 0.00502 0.01479 0.00846 0.00222 1.02474 -0.00417 -0.00619 -0.02603 0.03060 0.00702 -0.01047 -0.02145 -0.04332 -0.07452 -0.01326 -0.01238 0.03783 -0.00799 -0.03066 0.01235 0.02140 0.00205 0.04788 -0.03177 0.00905
-0.03194 -0.00458 -0.04341 -0.08514 0.07009 -0.07365 0.01346 -0.00647 -0.02340 0.01984 0.04266 -0.05598 -0.00991 -0.01840 -0.05951 0.02186 -0.04154 0.04225 -0.00034 0.01800 -0.00836 -0.04591 -0.02471 -0.00641 -0.04326 -0.05423 -0.00707 0.01564 0.00156 0.00417 0.83517 -0.00898 -0.04112 -0.01776 0.01008 -0.03018 -0.04036 0.02065 -0.00048 0.02107 -0.02097 -0.05281 -0.06097 -0.00959 0.03224 0.03953 -0.01617 0.05395 -0.01160 0.04186
-0.00641 -0.02507 -0.01393 0.04965 0.01020 -0.05846 -0.00285 0.00742 0.00151 0.02466 0.00719 0.00631 -0.03833 0.02313 0.01917 0.00044 0.01147 -0.00517 0.01766 -0.00992 -0.00484 0.00414 -0.00809 0.04669 -0.03183 -0.00965 -0.01610 -0.00624 0.02649 0.00619 0.00898 0.50770 0.05993 -0.00998 0.07894 -0.00178 0.04011 -0.02545 0.01860 0.00034 0.00909 -0.02140 0.02682 0.00074 0.02207 0.02523 -0.04199 -0.02613 0.02790 -0.02391
-0.03360 -0.00462 -0.01915 -0.04705 0.00769 0.03398 -0.03065 0.02330 0.01762 -0.01933 0.00837 0.02547 0.02166 -0.04263 -0.00513 -0.06643 -0.00784 -0.01750 -0.00874 -0.07755 0.01317 0.01454 0.00426 0.03764 0.04251 0.02692 -0.00081 0.00662 0.03674 0.02603 0.04112 -0.05993 0.67024 0.02509 -0.07545 -0.01222 -0.04214 -0.02067 -0.03455 0.01362 -0.05572 0.07066 -0.02050 0.00348 -0.00614 -0.00537 -0.00367 0.01125 0.01329 0.02340
-0.00030 0.00360 0.01046 -0.00310 0.02433 -0.10852 -0.00017 0.00015 0.00044 -0.02489 0.00777 -0.02220 -0.00773 0.00979 -0.01700 0.01533 -0.00501 0.02234 0.01456 -0.00057 0.02953 -0.01993 -0.01068 0.00221 -0.01846 0.02769 -0.01874 -0.02549 0.00086 -0.03060 0.01776 0.00998 -0.02509 0.47177 -0.01720 -0.02498 -0.02803 -0.01268 0.00379 -0.01472 0.01028 -0.00471 0.00620 -0.01148 -0.00153 0.00908 0.00611 0.03886 -0.02170 0.01606
0.01721 0.06530 -0.00413 -0.09051 -0.00721 0.02166 -0.01091 0.03811 -0.01985 -0.03197 -0.01383 -0.00180 0.02507 -0.06421 0.04594 -0.03505 0.05027 -0.01362 0.00463 -0.03339 -0.04181 0.00998 0.05540 -0.07270 0.00951 -0.04270 -0.03877 -0.04830 -0.02804 -0.00702 -0.01008 -0.07894 0.07545 0.01720 0.56135 0.04379 -0.00447 0.01638 0.03361 -0.02791 -0.00954 0.02935 0.03081 0.00610 -0.05585 0.01643 0.05325 0.02821 -0.03940 -0.00569
-0.11379 -0.01599 -0.00480 -0.00387 0.05393 0.02242 -0.01505 -0.02828 0.02920 -0.03616 0.01577 -0.01187 -0.02994 -0.04581 -0.06151 0.02627 0.00720 -0.00316 -0.04768 0.02111 -0.04729 -0.06309 0.02539 -0.03110 0.02791 -0.04000 0.03279 0.01891 0.00408 0.01047 0.03018 0.00178 0.01222 0.02498 -0.04379 0.16487 0.03627 -0.03219 -0.01852 0.01507 -0.01450 -0.04852 -0.03649 -0.01572 -0.01184 0.08905 -0.00850 0.00784 0.07058 -0.00147
0.00864 -0.00031 -0.00259 -0.03606 0.04946 -0.07609 -0.01129 -0.03960 0.00471 0.02775 0.04495 0.01932 0.00303 -0.00270 -0.02399 -0.01137 0.00035 0.03559 0.03329 -0.02229 -0.02062 -0.01584 -0.02920 0.00804 0.03917 -0.00418 0.02466 0.02168 0.03424 0.02145 0.04036 -0.04011 0.04214 0.02803 0.00447 -0.03627 0.89250 -0.00532 -0.04033 0.01088 0.01510 0.00822 -0.02209 -0.01739 0.03989 0.00163 0.01219 0.00118 0.00030 -0.01055
0.00422 0.01703 -0.02039 -0.05903 0.01281 0.06428 -0.00464 -0.03339 0.00376 0.01816 0.01757 -0.01186 0.00413 0.03338 0.03335 0.00862 -0.00106 0.02703 0.01509 0.05291 -0.01081 -0.03230 0.00161 -0.00212 0.03523 -0.04900 0.00638 -0.01258 0.03303 0.04332 -0.02065 0.02545 0.02067 0.01268 -0.01638 0.03219 0.00532 0.02463 -0.00086 -0.00988 0.02644 0.01679 -0.01459 -0.01239 0.00847 0.01734 0.01469 -0.00378 0.01151 0.05054
-0.01970 -0.00426 -0.00554 -0.02150 0.01445 0.09565 0.03955 0.02119 0.05405 0.01624 0.03241 -0.02153 0.02241 -0.00490 -0.00112 -0.00395 -0.01482 0.02097 -0.01410 -0.00619 -0.02627 -0.00379 0.02804 -0.00626 -0.00352 -0.05348 0.01532 0.01459 -0.00646 0.07452 0.00048 -0.01860 0.03455 -0.00379 -0.03361 0.01852 0.04033 0.00086 0.30072 0.02599 -0.01542 -0.00146 -0.01334 0.00922 0.01508 0.03605 -0.02461 -0.04925 0.03728 0.02554
-0.01033 0.04527 0.01369 0.03081 0.01476 -0.00054 0.03453 -0.02254 0.02326 -0.01035 0.02508 0.00596 0.03125 0.02379 -0.03829 0.03293 -0.01032 0.04595 0.01568 0.06388 0.02433 -0.00621 0.00159 -0.03168 -0.00401 0.02102 0.08100 -0.02542 0.01161 0.01326 -0.02107 -0.00034 -0.01362 0.01472 0.02791 -0.01507 -0.01088 0.00988 -0.02599 0.45320 0.05544 -0.01846 -0.02632 -0.06247 -0.00087 0.02317 0.04057 -0.00285 -0.00556 -0.00155
0.02136 0.02740 0.01371 -0.08044 -0.00585 0.03981 -0.05229 0.01613 0.00141 -0.02767 -0.00197 0.00383 0.07272 -0.06989 0.02333 -0.03739 0.03895 -0.04459 0.01574 -0.02390 0.00423 -0.00933 0.04136 0.00527 0.05632 0.03186 -0.05390 -0.07461 -0.00386 0.01238 0.02097 -0.00909 0.05572 -0.01028 0.00954 0.01450 -0.01510 -0.02644 0.01542 -0.05544 0.64665 0.04323 0.04021 0.01016 -0.03470 -0.03507 0.00419 0.01821 -0.00875 0.01988
0.03642 0.01421 0.04108 -0.00361 -0.04981 0.06652 -0.06404 -0.02121 0.03186 -0.05558 -0.07613 0.03971 -0.02592 -0.03467 0.02326 -0.00227 0.00251 -0.04153 -0.05827 0.02123 0.02937 0.05988 -0.01914 -0.01277 0.05711 0.02550 0.00401 0.06407 -0.01965 -0.03783 0.05281 0.02140 -0.07066 0.00471 -0.02935 0.04852 -0.00822 -0.01679 0.00146 0.01846 -0.04323 0.50284 -0.02130 -0.01284 -0.06560 -0.00588 -0.02378 0.02989 -0.00724 -0.07445
-0.00280 0.01496 -0.03948 0.03633 -0.05091 -0.04967 -0.01963 0.03296 0.05947 -0.02806 -0.04749 0.02824 -0.02225 0.01819 0.02573 -0.05727 0.00786 -0.00517 0.00690 -0.03029 -0.03517 0.04425 0.01759 0.00465 -0.01891 -0.03548 0.00157 0.03809 -0.00146 0.00799 0.06097 -0.02682 0.02050 -0.00620 -0.03081 0.03649 0.02209 0.01459 0.01334 0.02632 -0.04021 0.02130 0.48927 0.03816 -0.04342 -0.01454 -0.03152 -0.02074 0.01617 -0.03016
0.01292 -0.01184 -0.04278 -0.01788 -0.01534 0.07029 -0.06365 -0.04385 0.05784 0.01256 0.02345 0.00296 -0.02846 0.01150 -0.00745 -0.01912 -0.03374 0.01509 -0.03734 -0.02209 -0.00697 -0.02219 -0.02079 0.04577 0.04432 -0.00736 0.05322 0.05502 0.02621 0.03066 0.00959 -0.00074 -0.00348 0.01148 -0.00610 0.01572 0.01739 0.01239 -0.00922 0.06247 -0.01016 0.01284 -0.03816 0.15949 0.05911 -0.01475 -0.04896 0.02719 0.03484 0.01350
0.01182 0.00259 0.02420 0.06311 -0.00012 -0.02928 -0.02512 -0.00829 -0.01262 -0.00355 0.02813 0.02504 -0.00315 0.00260 0.01252 0.00927 0.01152 -0.00096 0.02646 0.01105 0.03654 0.01990 -0.01917 0.05156 0.01520 0.04049 0.03257 -0.03058 0.04792 -0.01235 -0.03224 -0.02207 0.00614 0.00153 0.05585 0.01184 -0.03989 -0.00847 -0.01508 0.00087 0.03470 0.06560 0.04342 -0.05911 0.52759 -0.01214 0.01819 -0.00879 0.00333 -0.00741
-0.02662 -0.01833 0.01290 -0.01187 0.04144 -0.01363 0.02946 -0.00071 -0.00783 0.02262 0.04095 -0.03097 0.03318 0.02085 -0.01705 0.02011 -0.02312 0.05088 -0.00442 -0.01703 0.03614 0.02108 -0.02365 0.03912 -0.02731 0.02222 0.00145 -0.03563 -0.02785 -0.02140 -0.03953 -0.02523 0.00537 -0.00908 -0.01643 -0.08905 -0.00163 -0.01734 -0.03605 -0.02317 0.03507 0.00588 0.01454 0.01475 0.01214 0.46287 0.03250 0.02404 -0.09168 0.05564
-0.01306 -0.04054 0.00564 -0.06533 0.00727 0.08418 -0.04997 -0.01578 0.00071 0.01479 -0.02804 -0.02259 0.00269 -0.06000 0.00248 0.01417 0.03571 -0.04041 -0.02743 -0.01286 -0.01407 -0.03554 0.02559 0.03095 0.03428 -0.02240 -0.08374 -0.05730 -0.02840 -0.00205 0.01617 0.04199 0.00367 -0.00611 -0.05325 0.00850 -0.01219 -0.01469 0.02461 -0.04057 -0.00419 0.02378 0.03152 0.04896 -0.01819 -0.03250 0.69835 0.05932 -0.02800 0.00639
0.02316 0.04058 -0.01195 -0.03263 -0.02342 -0.06186 0.00319 -0.02243 -0.00249 0.00110 0.01787 -0.04254 0.02950 0.04925 -0.03285 0.01660 -0.01287 -0.02884 0.00218 0.02147 0.03023 -0.00187 0.03516 -0.02716 0.00189 0.03065 -0.02449 -0.02968 -0.01537 -0.04788 -0.05395 0.02613 -0.01125 -0.03886 -0.02821 -0.00784 -0.00118 0.00378 0.04925 0.00285 -0.01821 -0.02989 0.02074 -0.02719 0.00879 -0.02404 -0.05932 0.72622 0.03176 0.04712
-0.06649 0.08925 0.02791 0.07834 0.06631 -0.00553 0.07037 0.02641 -0.01186 -0.00219 0.03341 0.00845 0.03164 0.03696 0.00007 0.04542 0.01586 0.03599 0.01253 0.03370 0.01472 0.05784 -0.01089 -0.05482 -0.02132 0.00004 0.07447 0.02626 0.04543 0.03177 0.01160 -0.02790 -0.01329 0.02170 0.03940 -0.07058 -0.00030 -0.01151 -0.03728 0.00556 0.00875 0.00724 -0.01617 -0.03484 -0.00333 0.09168 0.02800 -0.03176 0.56462 -0.02749
0.06810 -0.01384 0.04815 0.08984 -0.03134 0.04286 -0.00761 -0.00341 0.02254 0.00380 -0.03896 0.07826 0.00507 0.06408 0.03567 0.01907 0.01323 -0.01723 0.01244 -0.07027 0.07781 0.08524 -0.03752 0.03011 -0.01241 0.07122 -0.01337 -0.00120 0.06037 -0.00905 -0.04186 0.02391 -0.02340 -0.01606 0.00569 0.00147 0.01055 -0.05054 -0.02554 0.00155 -0.01988 0.07445 0.03016 -0.01350 0.00741 -0.05564 -0.00639 -0.04712 0.02749 0.00000
