0.26539 0.01920 -0.00137 0.07133 0.04322 -0.03749 -0.00674 -0.02325 0.00986 -0.00679 -0.03710 -0.04661 -0.00865 -0.00116 0.00211 -0.00114 0.02615 -0.00468 0.04330 -0.04677 0.02255 0.00853 0.00049 -0.03936 0.01740 0.01071 -0.01648 -0.04967 0.06656 0.05274 0.00420 -0.03129 0.01423 -0.03233 -0.06352 0.03301 -0.04185 0.00940 -0.01100 0.03158 -0.07089 -0.04910 -0.06085 -0.08576 -0.07040 0.01725 0.03133 -0.01548 0.01203 0.01627
-0.01920 0.64875 -0.05609 0.04316 0.03716 0.00589 0.03581 -0.00721 0.00927 -0.01461 0.08526 0.01779 0.05164 0.00110 0.04828 0.03903 0.00948 0.00445 -0.02683 -0.04731 -0.06797 0.01611 0.05162 -0.02011 0.01224 -0.01800 0.00498 -0.02505 0.00967 0.02130 0.00359 -0.01122 0.04824 -0.02852 -0.00560 0.00088 -0.02336 -0.03452 -0.03927 0.01465 0.04979 -0.03543 0.01067 -0.02754 0.00594 -0.02490 0.03917 -0.03980 -0.01294 -0.03353
0.00137 0.05609 0.16162 0.02087 0.02225 -0.05181 0.04372 0.00250 0.07311 0.00997 -0.06954 -0.03006 0.04892 0.02868 0.06569 0.07607 0.06082 -0.00682 0.05837 -0.03813 -0.02544 -0.00688 0.05011 0.00405 -0.06858 0.01977 -0.00876 -0.01545 0.07581 0.03417 0.01039 -0.03091 0.00427 -0.02744 -0.01019 0.06793 -0.05479 -0.01884 -0.03158 0.04959 -0.07182 -0.04725 -0.03173 -0.02781 -0.02802 -0.04178 0.03811 -0.02408 -0.04473 0.04574
-0.07133 -0.04316 -0.02087 0.68023 0.05728 -0.00580 -0.00329 -0.02252 0.02112 0.04960 0.05648 0.02597 -0.01407 0.02785 -0.02975 0.01011 -0.01184 -0.01617 -0.06208 0.04344 0.00297 0.04052 -0.02749 -0.06632 0.02547 -0.02002 -0.02026 -0.00450 -0.04240 -0.00350 -0.01187 -0.00383 -0.03380 0.02405 0.05909 0.04726 0.02513 -0.02946 -0.02922 -0.01940 0.04080 0.04400 0.04153 -0.07018 -0.01730 -0.00365 -0.04719 -0.02258 0.00204 -0.00710
-0.04322 -0.03716 -0.02225 -0.05728 0.43298 -0.02173 -0.01699 -0.03529 -0.01393 0.00890 0.06068 -0.01250 -0.01384 0.00222 -0.06461 -0.03032 0.00847 0.01412 -0.06584 0.05686 0.05766 -0.05508 -0.01259 0.02985 -0.02244 -0.02393 0.03248 0.00017 -0.01898 0.03903 0.04238 0.00602 0.00185 0.06166 0.00049 -0.02162 0.00663 0.03114 0.10714 -0.05176 0.04350 0.05069 0.03198 0.04534 -0.00010 -0.00447 -0.05619 0.02361 -0.04678 -0.02288
0.03749 -0.00589 0.05181 0.00580 0.02173 0.65647 -0.06553 0.03644 0.01266 0.04630 -0.04049 -0.04492 -0.04003 -0.01878 0.02236 -0.00956 -0.00036 -0.03002 0.02368 -0.00484 -0.00473 -0.09963 -0.02697 0.00256 -0.01879 0.03021 -0.02075 -0.04050 0.00860 0.01184 0.00560 0.05770 0.07980 -0.00347 -0.04058 0.01782 -0.01205 0.05267 0.03597 0.00615 -0.02975 0.02114 -0.01888 -0.00412 -0.03737 -0.00396 -0.01824 -0.00676 -0.09244 0.04327
0.00674 -0.03581 -0.04372 0.00329 0.01699 0.06553 0.47231 -0.03277 -0.08473 -0.06733 0.03573 0.00856 0.03119 -0.05226 -0.05917 -0.02225 -0.01122 0.04667 0.00154 -0.03305 0.04405 -0.02944 -0.01655 0.02102 -0.06910 -0.02613 0.05247 0.02644 -0.01065 0.03704 0.00333 0.00392 0.00701 0.00411 -0.01788 -0.06513 0.00106 -0.02225 0.04444 0.00112 0.02780 0.00792 0.03779 0.01444 0.02689 -0.04246 -0.00127 -0.00291 -0.05850 -0.04930
0.02325 0.00721 -0.00250 0.02252 0.03529 -0.03644 0.03277 0.62075 0.03019 0.01607 -0.04590 -0.03507 -0.00109 -0.01374 0.01570 0.04321 0.04965 -0.01032 0.04037 -0.03040 0.00566 -0.00306 0.05838 -0.01583 -0.01032 0.00546 -0.02083 -0.04672 0.04633 0.08302 0.00113 -0.03195 0.03113 -0.00652 -0.06024 0.04539 -0.05248 -0.02666 0.00093 0.07883 -0.05580 -0.05644 -0.05315 -0.03451 -0.01608 0.00692 0.04468 -0.04389 0.02395 0.03097
-0.00986 -0.00927 -0.07311 -0.02112 0.01393 -0.01266 0.08473 -0.03019 0.81425 -0.07565 0.02525 -0.02172 0.06563 0.01524 -0.02909 -0.00157 0.01940 -0.04055 -0.00508 0.00647 0.00448 0.02075 -0.00913 0.01973 -0.04170 -0.04028 0.02826 0.01263 -0.00563 0.00407 -0.00552 -0.03519 -0.00354 0.05378 0.01554 -0.00700 0.00951 -0.06653 0.02942 -0.04612 0.02610 0.04490 -0.01587 0.00545 0.03051 -0.05250 0.00364 -0.02578 -0.03153 -0.00848
0.00679 0.01461 -0.00997 -0.04960 -0.00890 -0.04630 0.06733 -0.01607 0.07565 0.30752 -0.03294 -0.04821 0.04989 0.00519 0.01476 0.03990 0.02447 0.03663 0.04101 -0.03990 0.03001 -0.10692 0.04722 0.03239 -0.05411 0.02486 0.01816 0.02423 0.04470 0.00013 -0.00346 -0.02783 0.00111 0.05668 -0.04732 0.00506 0.00221 0.05448 0.02591 0.00433 -0.03031 -0.06243 -0.02531 -0.01021 -0.01224 -0.04360 0.02745 0.01525 -0.08067 0.02639
0.03710 -0.08526 0.06954 -0.05648 -0.06068 0.04049 -0.03573 0.04590 -0.02525 0.03294 0.97765 -0.03073 -0.02150 -0.02893 -0.00426 -0.02897 -0.01128 0.04214 -0.02249 0.01994 0.09305 -0.04275 -0.06177 0.04327 0.03429 0.02118 0.05461 0.04770 -0.00738 -0.03585 0.02501 0.03079 -0.02509 0.04479 0.03452 -0.00014 -0.01081 0.04006 0.05879 0.05861 -0.06208 0.00725 0.04275 0.03351 0.01031 0.01595 -0.03135 0.01644 0.00180 -0.02556
0.04661 -0.01779 0.03006 -0.02597 0.01250 0.04492 -0.00856 0.03507 0.02172 0.04821 0.03073 0.29022 -0.01869 -0.03373 0.02921 -0.04018 -0.02459 0.05022 0.02972 -0.01097 -0.02083 -0.04379 -0.02564 0.01502 -0.00075 0.02666 0.00264 0.02118 0.00344 0.01109 -0.00091 0.04252 -0.02387 -0.01908 -0.03887 0.08184 0.02304 0.03197 0.01424 0.02699 0.00390 -0.00335 0.05386 -0.00222 0.02800 0.00590 0.05593 0.00552 -0.04620 0.00749
0.00865 -0.05164 -0.04892 0.01407 0.01384 0.04003 -0.03119 0.00109 -0.06563 -0.04989 0.02150 0.01869 0.60075 -0.05390 -0.00190 -0.02341 -0.03048 -0.00964 -0.02337 0.04392 0.00410 0.02046 -0.06101 0.00431 0.01030 -0.05695 -0.00270 0.01606 -0.02510 -0.01411 -0.02652 0.02141 0.00917 0.00978 0.02263 -0.00593 0.02999 -0.06001 0.00767 -0.02318 0.04657 0.07106 -0.00680 -0.00135 0.00879 -0.01624 -0.04086 -0.00713 0.00890 0.02494
0.00116 -0.00110 -0.02868 -0.02785 -0.00222 0.01878 0.05226 0.01374 -0.01524 -0.00519 0.02893 0.03373 0.05390 0.19391 -0.01043 0.02750 -0.01644 0.01671 -0.01396 0.03652 -0.03289 0.00868 0.03526 0.02210 -0.03807 -0.03968 0.06154 0.00257 -0.00440 0.00863 0.00055 -0.00248 -0.01637 -0.00100 0.04917 -0.01436 -0.01970 -0.03666 0.00309 0.00297 0.02882 0.04881 0.03514 0.03653 0.06059 -0.05078 -0.02638 0.04096 0.02242 -0.02116
-0.00211 -0.04828 -0.06569 0.02975 0.06461 -0.02236 0.05917 -0.01570 0.02909 -0.01476 0.00426 -0.02921 0.00190 0.01043 0.70222 0.02865 0.03724 -0.02786 -0.02302 0.02955 -0.04595 -0.01802 -0.00417 0.00354 -0.05216 -0.03462 0.00705 -0.05061 0.01765 0.08272 -0.01537 -0.03219 0.04073 -0.03402 0.01200 0.10410 -0.00905 -0.05662 0.02480 0.00707 0.03384 -0.00234 0.02245 -0.04513 -0.00272 -0.06303 -0.00223 -0.06892 -0.06604 -0.00902
0.00114 -0.03903 -0.07607 -0.01011 0.03032 0.00956 0.02225 -0.04321 0.00157 -0.03990 0.02897 0.04018 0.02341 -0.02750 -0.02865 0.37279 -0.00053 0.01228 -0.03153 -0.01182 0.00957 0.02383 -0.08045 -0.00245 -0.02862 -0.02906 0.03951 0.02843 -0.01330 0.04606 -0.00808 0.00805 -0.00232 -0.02884 0.01652 0.00050 0.01533 -0.05473 0.00190 -0.02377 0.03629 -0.01050 -0.00718 0.01354 0.04168 -0.05298 0.02116 0.00877 -0.00833 -0.01273
-0.02615 -0.00948 -0.06082 0.01184 -0.00847 0.00036 0.01122 -0.04965 -0.01940 -0.02447 0.01128 0.02459 0.03048 0.01644 -0.03724 0.00053 1.03073 -0.00775 -0.00552 0.03308 -0.01252 -0.00365 -0.00852 -0.00180 0.00280 -0.01239 -0.01632 -0.04486 -0.00950 0.02513 -0.01480 -0.03068 -0.02619 0.02131 0.03589 -0.00993 -0.01543 -0.01306 0.02691 -0.01194 0.02205 0.01388 -0.02332 -0.02185 -0.03212 -0.03281 -0.01667 -0.00458 0.01506 -0.01130
0.00468 -0.00445 0.00682 0.01617 -0.01412 0.03002 -0.04667 0.01032 0.04055 -0.03663 -0.04214 -0.05022 0.00964 -0.01671 0.02786 -0.01228 0.00775 0.72988 0.00830 -0.02238 -0.01445 -0.03995 -0.00373 0.00267 -0.02653 0.03019 0.01260 0.00010 0.02481 -0.00924 0.01029 0.03779 0.05933 0.04640 -0.03242 -0.01310 0.01145 0.10996 0.00305 0.01125 -0.01151 -0.00346 0.01467 0.00539 -0.00883 0.02626 0.01608 0.01421 -0.09557 -0.00068
-0.04330 0.02683 -0.05837 0.06208 0.06584 -0.02368 -0.00154 -0.04037 0.00508 -0.04101 0.02249 -0.02972 0.02337 0.01396 0.02302 0.03153 0.00552 -0.00830 1.03089 -0.04488 -0.03997 0.07127 0.03310 -0.03946 -0.03257 -0.04378 -0.02445 -0.04273 -0.01116 -0.00258 -0.06716 -0.06714 0.03067 -0.04040 -0.03019 0.01618 0.02771 -0.02999 -0.04519 -0.01338 0.03568 -0.01025 -0.00248 -0.04799 -0.03391 -0.02414 0.04106 -0.04876 -0.01179 0.01436
0.04677 0.04731 0.03813 -0.04344 -0.05686 0.00484 0.03305 0.03040 -0.00647 0.03990 -0.01994 0.01097 -0.04392 -0.03652 -0.02955 0.01182 -0.03308 0.02238 0.04488 0.53074 -0.00212 -0.00263 0.07549 0.04937 0.00485 0.00433 0.02590 -0.02056 -0.03493 0.01709 -0.05011 0.00713 -0.00093 -0.06684 -0.04741 0.03714 0.01549 -0.00234 0.03488 0.00941 -0.03466 -0.03216 -0.00586 0.00366 0.02316 -0.02480 0.02215 0.01530 0.03526 -0.03324
-0.02255 0.06797 0.02544 -0.00297 -0.05766 0.00473 -0.04405 -0.00566 -0.00448 -0.03001 -0.09305 0.02083 -0.00410 0.03289 0.04595 -0.00957 0.01252 0.01445 0.03997 0.00212 0.67840 0.04672 -0.02068 0.00430 -0.00738 0.01958 -0.03232 0.03297 -0.02129 -0.06598 0.02395 -0.00301 -0.05320 0.05030 0.01828 -0.03814 0.00780 0.01823 -0.01733 0.02866 -0.04174 0.00141 -0.01581 0.03674 0.02017 0.06080 0.00416 0.03809 0.04712 0.02728
-0.00853 -0.01611 0.00688 -0.04052 0.05508 0.09963 0.02944 0.00306 -0.02075 0.10692 0.04275 0.04379 -0.02046 -0.00868 0.01802 -0.02383 0.00365 0.03995 -0.07127 0.00263 -0.04672 0.24145 -0.02480 0.00922 0.05103 -0.03162 0.03617 0.04532 -0.04359 0.03589 0.03250 0.04908 -0.05622 -0.01285 0.04971 0.00900 0.04012 -0.01179 -0.01083 -0.03493 0.04928 0.01970 0.03336 -0.00213 0.04636 0.01144 -0.01555 -0.00432 0.01689 -0.00226
-0.00049 -0.05162 -0.05011 0.02749 0.01259 0.02697 0.01655 -0.05838 0.00913 -0.04722 0.06177 0.02564 0.06101 -0.03526 0.00417 0.08045 0.00852 0.00373 -0.03310 -0.07549 0.02068 0.02480 0.50792 -0.02702 -0.03266 -0.03429 -0.01220 0.01649 0.00807 0.05320 -0.00470 0.00566 0.00589 -0.02662 0.01253 -0.05516 -0.05705 -0.01621 -0.01599 0.01221 0.01072 -0.07210 0.03174 0.03343 0.00350 -0.03447 0.03383 0.01234 0.00159 0.01474
0.03936 0.02011 -0.00405 0.06632 -0.02985 -0.00256 -0.02102 0.01583 -0.01973 -0.03239 -0.04327 -0.01502 -0.00431 -0.02210 -0.00354 0.00245 0.00180 -0.00267 0.03946 -0.04937 -0.00430 -0.00922 0.02702 0.13848 -0.01201 0.01498 0.00986 -0.04989 -0.00449 0.02941 -0.00305 -0.00286 0.06694 -0.00240 -0.06731 -0.00829 -0.02034 -0.00834 -0.01095 0.01646 -0.04209 -0.02627 -0.00437 -0.02557 -0.04787 0.02419 0.04066 0.00369 0.04316 -0.00548
-0.01740 -0.01224 0.06858 -0.02547 0.02244 0.01879 0.06910 0.01032 0.04170 0.05411 -0.03429 0.00075 -0.01030 0.03807 0.05216 0.02862 -0.00280 0.02653 0.03257 -0.00485 0.00738 -0.05103 0.03266 0.01201 0.16679 0.01031 -0.01121 0.01089 -0.00450 0.01985 -0.02095 0.04050 -0.04066 0.04203 0.00485 0.00055 0.00881 0.02215 -0.03453 0.02215 -0.00563 -0.02888 -0.02344 -0.00867 -0.03789 0.04640 0.02266 0.00759 -0.05979 0.05511
-0.01071 0.01800 -0.01977 0.02002 0.02393 -0.03021 0.02613 -0.00546 0.04028 -0.02486 -0.02118 -0.02666 0.05695 0.03968 0.03462 0.02906 0.01239 -0.03019 0.04378 -0.00433 -0.01958 0.03162 0.03429 -0.01498 -0.01031 0.17509 -0.03026 -0.01152 0.02291 0.00926 -0.00667 -0.00183 -0.00150 -0.02269 -0.02309 0.04371 -0.04810 -0.03967 -0.03103 0.04951 -0.04861 -0.03022 -0.01970 -0.00589 -0.00687 -0.01028 0.03713 -0.01191 -0.00815 0.03701
0.01648 -0.00498 0.00876 0.02026 -0.03248 0.02075 -0.05247 0.02083 -0.02826 -0.01816 -0.05461 -0.00264 0.00270 -0.06154 -0.00705 -0.03951 0.01632 -0.01260 0.02445 -0.02590 0.03232 -0.03617 0.01220 -0.00986 0.01121 0.03026 0.66103 0.03217 -0.01792 -0.00746 0.00830 0.00957 0.07184 0.03298 -0.03842 -0.05771 0.00402 0.05880 0.00137 0.00830 0.00483 -0.02580 -0.00298 0.04179 -0.01319 0.04628 0.02025 0.03907 -0.04638 0.06358
0.04967 0.02505 0.01545 0.00450 -0.00017 0.04050 -0.02644 0.04672 -0.01263 -0.02423 -0.04770 -0.02118 -0.01606 -0.00257 0.05061 -0.02843 0.04486 -0.00010 0.04273 0.02056 -0.03297 -0.04532 -0.01649 0.04989 -0.01089 0.01152 -0.03217 0.62081 0.02825 -0.03748 0.02983 0.00592 0.05097 0.01377 -0.04928 0.01025 0.00747 0.03268 0.02778 0.02200 -0.06417 0.02859 -0.00442 0.01386 0.00243 -0.00453 -0.03178 -0.01962 -0.05423 0.04895
-0.06656 -0.00967 -0.07581 0.04240 0.01898 -0.00860 0.01065 -0.04633 0.00563 -0.04470 0.00738 -0.00344 0.02510 0.00440 -0.01765 0.01330 0.00950 -0.02481 0.01116 0.03493 0.02129 0.04359 -0.00807 0.00449 0.00450 -0.02291 0.01792 -0.02825 1.04991 0.01617 -0.03491 -0.03017 -0.03319 0.02550 0.04506 -0.00804 -0.00206 -0.01890 0.01420 0.00050 0.04092 -0.00846 -0.03569 -0.03715 -0.04468 -0.03169 -0.02892 -0.01890 0.01809 -0.01938
-0.05274 -0.02130 -0.03417 0.00350 -0.03903 -0.01184 -0.03704 -0.08302 -0.00407 -0.00013 0.03585 -0.01109 0.01411 -0.00863 -0.08272 -0.04606 -0.02513 0.00924 0.00258 -0.01709 0.06598 -0.03589 -0.05320 -0.02941 -0.01985 -0.00926 0.00746 0.03748 -0.01617 0.55004 -0.04291 0.01867 -0.02236 0.02976 0.01550 -0.05622 0.00402 0.02711 0.02089 -0.05173 0.02255 -0.00863 0.01076 -0.01332 -0.01637 0.00961 -0.02648 0.03983 -0.06177 0.02190
-0.00420 -0.00359 -0.01039 0.01187 -0.04238 -0.00560 -0.00333 -0.00113 0.00552 0.00346 -0.02501 0.00091 0.02652 -0.00055 0.01537 0.00808 0.01480 -0.01029 0.06716 0.05011 -0.02395 -0.03250 0.00470 0.00305 0.02095 0.00667 -0.00830 -0.02983 0.03491 0.04291 1.01997 -0.00495 -0.00307 0.00250 0.02836 0.04114 -0.05412 -0.02104 -0.02238 0.05394 -0.06161 0.00647 -0.03075 0.01591 -0.03993 -0.00751 0.01310 -0.01937 -0.00684 0.02621
0.03129 0.01122 0.03091 0.00383 -0.00602 -0.05770 -0.00392 0.03195 0.03519 0.02783 -0.03079 -0.04252 -0.02141 0.00248 0.03219 -0.00805 0.03068 -0.03779 0.06714 -0.00713 0.00301 -0.04908 -0.00566 0.00286 -0.04050 0.00183 -0.00957 -0.00592 0.03017 -0.01867 0.00495 0.34051 0.00848 -0.01564 -0.02867 0.05271 -0.01122 0.01058 0.00942 0.01845 -0.03602 -0.00817 -0.01605 -0.01424 -0.04156 -0.01920 0.01071 -0.01229 -0.04054 0.01356
-0.01423 -0.04824 -0.00427 0.03380 -0.00185 -0.07980 -0.00701 -0.03113 0.00354 -0.00111 0.02509 0.02387 -0.00917 0.01637 -0.04073 0.00232 0.02619 -0.05933 -0.03067 0.00093 0.05320 0.05622 -0.00589 -0.06694 0.04066 0.00150 -0.07184 -0.05097 0.03319 0.02236 0.00307 -0.00848 0.61900 -0.06906 0.05114 0.01076 -0.01352 -0.01416 -0.08553 0.03443 0.06081 -0.01157 -0.00559 -0.02708 -0.01441 0.00521 -0.01883 -0.00035 0.07421 -0.00271
0.03233 0.02852 0.02744 -0.02405 -0.06166 0.00347 -0.00411 0.00652 -0.05378 -0.05668 -0.04479 0.01908 -0.00978 0.00100 0.03402 0.02884 -0.02131 -0.04640 0.04040 0.06684 -0.05030 0.01285 0.02662 0.00240 -0.04203 0.02269 -0.03298 -0.01377 -0.02550 -0.02976 -0.00250 0.01564 0.06906 0.36868 -0.01364 -0.04227 0.03656 -0.03547 0.03841 0.03363 -0.03892 0.06757 0.01504 0.04539 0.04575 0.02107 -0.08002 0.00293 0.04485 0.01194
0.06352 0.00560 0.01019 -0.05909 -0.00049 0.04058 0.01788 0.06024 -0.01554 0.04732 -0.03452 0.03887 -0.02263 -0.04917 -0.01200 -0.01652 -0.03589 0.03242 0.03019 0.04741 -0.01828 -0.04971 -0.01253 0.06731 -0.00485 0.02309 0.03842 0.04928 -0.04506 -0.01550 -0.02836 0.02867 -0.05114 0.01364 0.85965 0.00525 0.03500 -0.01000 0.05255 -0.03551 -0.04847 0.03036 0.00065 0.03992 0.02347 -0.02828 -0.03754 0.04479 -0.01007 0.01615
-0.03301 -0.00088 -0.06793 -0.04726 0.02162 -0.01782 0.06513 -0.04539 0.00700 -0.00506 0.00014 -0.08184 0.00593 0.01436 -0.10410 -0.00050 0.00993 0.01310 -0.01618 -0.03714 0.03814 -0.00900 0.05516 0.00829 -0.00055 -0.04371 0.05771 -0.01025 0.00804 0.05622 -0.04114 -0.05271 -0.01076 0.04227 -0.00525 0.44494 -0.02737 0.00141 0.03545 0.01788 0.03746 -0.04786 -0.01640 -0.04106 -0.03428 -0.04999 0.03175 -0.03113 -0.06045 -0.00935
0.04185 0.02336 0.05479 -0.02513 -0.00663 0.01205 -0.00106 0.05248 -0.00951 -0.00221 0.01081 -0.02304 -0.02999 0.01970 0.00905 -0.01533 0.01543 -0.01145 -0.02771 -0.01549 -0.00780 -0.04012 0.05705 0.02034 -0.00881 0.04810 -0.00402 -0.00747 0.00206 -0.00402 0.05412 0.01122 0.01352 -0.03656 -0.03500 0.02737 0.97156 0.01522 -0.02307 -0.07403 -0.00094 0.00145 -0.01883 0.00437 0.03820 0.04218 0.00789 0.05678 -0.00040 0.02461
-0.00940 0.03452 0.01884 0.02946 -0.03114 -0.05267 0.02225 0.02666 0.06653 -0.05448 -0.04006 -0.03197 0.06001 0.03666 0.05662 0.05473 0.01306 -0.10996 0.02999 0.00234 -0.01823 0.01179 0.01621 0.00834 -0.02215 0.03967 -0.05880 -0.03268 0.01890 -0.02711 0.02104 -0.01058 0.01416 0.03547 0.01000 -0.00141 -0.01522 0.46835 -0.02712 0.01569 -0.01605 0.00753 -0.04385 0.01085 -0.02360 0.02014 -0.00919 -0.01819 -0.00994 0.04370
0.01100 0.03927 0.03158 0.02922 -0.10714 -0.03597 -0.04444 -0.00093 -0.02942 -0.02591 -0.05879 -0.01424 -0.00767 -0.00309 -0.02480 -0.00190 -0.02691 -0.00305 0.04519 -0.03488 0.01733 0.01083 0.01599 0.01095 0.03453 0.03103 -0.00137 -0.02778 -0.01420 -0.02089 0.02238 -0.00942 0.08553 -0.03841 -0.05255 -0.03545 0.02307 0.02712 0.27608 0.00193 -0.04825 -0.01845 -0.02031 0.02165 -0.00362 0.02755 0.01621 0.02464 0.09021 0.04622
-0.03158 -0.01465 -0.04959 0.01940 0.05176 -0.00615 -0.00112 -0.07883 0.04612 -0.00433 -0.05861 -0.02699 0.02318 -0.00297 -0.00707 0.02377 0.01194 -0.01125 0.01338 -0.00941 -0.02866 0.03493 -0.01221 -0.01646 -0.02215 -0.04951 -0.00830 -0.02200 -0.00050 0.05173 -0.05394 -0.01845 -0.03443 -0.03363 0.03551 -0.01788 0.07403 -0.01569 -0.00193 0.93517 -0.00611 -0.00211 -0.03948 -0.00105 -0.00815 -0.06625 0.02230 -0.06283 0.02597 0.01132
0.07089 -0.04979 0.07182 -0.04080 -0.04350 0.02975 -0.02780 0.05580 -0.02610 0.03031 0.06208 -0.00390 -0.04657 -0.02882 -0.03384 -0.03629 -0.02205 0.01151 -0.03568 0.03466 0.04174 -0.04928 -0.01072 0.04209 0.00563 0.04861 -0.00483 0.06417 -0.04092 -0.02255 0.06161 0.03602 -0.06081 0.03892 0.04847 -0.03746 0.00094 0.01605 0.04825 0.00611 1.00944 0.03323 0.04969 0.04305 0.01586 0.04265 -0.03272 0.06299 -0.02063 -0.04107
0.04910 0.03543 0.04725 -0.04400 -0.05069 -0.02114 -0.00792 0.05644 -0.04490 0.06243 -0.00725 0.00335 -0.07106 -0.04881 0.00234 0.01050 -0.01388 0.00346 0.01025 0.03216 -0.00141 -0.01970 0.07210 0.02627 0.02888 0.03022 0.02580 -0.02859 0.00846 0.00863 -0.00647 0.00817 0.01157 -0.06757 -0.03036 0.04786 -0.00145 -0.00753 0.01845 0.00211 -0.03323 0.73342 0.01116 0.00786 -0.00470 -0.01840 -0.01381 0.01354 0.05811 -0.01954
0.06085 -0.01067 0.03173 -0.04153 -0.03198 0.01888 -0.03779 0.05315 0.01587 0.02531 -0.04275 -0.05386 0.00680 -0.03514 -0.02245 0.00718 0.02332 -0.01467 0.00248 0.00586 0.01581 -0.03336 -0.03174 0.00437 0.02344 0.01970 0.00298 0.00442 0.03569 -0.01076 0.03075 0.01605 0.00559 -0.01504 -0.00065 0.01640 0.01883 0.04385 0.02031 0.03948 -0.04969 -0.01116 0.89652 0.03342 0.05288 -0.00064 0.02217 -0.04865 0.02681 -0.07545
0.08576 0.02754 0.02781 0.07018 -0.04534 0.00412 -0.01444 0.03451 -0.00545 0.01021 -0.03351 0.00222 0.00135 -0.03653 0.04513 -0.01354 0.02185 -0.00539 0.04799 -0.00366 -0.03674 0.00213 -0.03343 0.02557 0.00867 0.00589 -0.04179 -0.01386 0.03715 0.01332 -0.01591 0.01424 0.02708 -0.04539 -0.03992 0.04106 -0.00437 -0.01085 -0.02165 0.00105 -0.04305 -0.00786 -0.03342 0.29017 0.01314 0.00037 0.03955 -0.00999 -0.00161 0.00068
0.07040 -0.00594 0.02802 0.01730 0.00010 0.03737 -0.02689 0.01608 -0.03051 0.01224 -0.01031 -0.02800 -0.00879 -0.06059 0.00272 -0.04168 0.03212 0.00883 0.03391 -0.02316 -0.02017 -0.04636 -0.00350 0.04787 0.03789 0.00687 0.01319 -0.00243 0.04468 0.01637 0.03993 0.04156 0.01441 -0.04575 -0.02347 0.03428 -0.03820 0.02360 0.00362 0.00815 -0.01586 0.00470 -0.05288 -0.01314 0.54169 0.01280 0.04293 -0.04343 0.03725 -0.03303
-0.01725 0.02490 0.04178 0.00365 0.00447 0.00396 0.04246 -0.00692 0.05250 0.04360 -0.01595 -0.00590 0.01624 0.05078 0.06303 0.05298 0.03281 -0.02626 0.02414 0.02480 -0.06080 -0.01144 0.03447 -0.02419 -0.04640 0.01028 -0.04628 0.00453 0.03169 -0.00961 0.00751 0.01920 -0.00521 -0.02107 0.02828 0.04999 -0.04218 -0.02014 -0.02755 0.06625 -0.04265 0.01840 0.00064 -0.00037 -0.01280 0.30337 -0.00456 -0.03278 -0.01094 0.02555
-0.03133 -0.03917 -0.03811 0.04719 0.05619 0.01824 0.00127 -0.04468 -0.00364 -0.02745 0.03135 -0.05593 0.04086 0.02638 0.00223 -0.02116 0.01667 -0.01608 -0.04106 -0.02215 -0.00416 0.01555 -0.03383 -0.04066 -0.02266 -0.03713 -0.02025 0.03178 0.02892 0.02648 -0.01310 -0.01071 0.01883 0.08002 0.03754 -0.03175 -0.00789 0.00919 -0.01621 -0.02230 0.03272 0.01381 -0.02217 -0.03955 -0.04293 0.00456 0.76994 -0.02580 -0.08077 0.01566
0.01548 0.03980 0.02408 0.02258 -0.02361 0.00676 0.00291 0.04389 0.02578 -0.01525 -0.01644 -0.00552 0.00713 -0.04096 0.06892 -0.00877 0.00458 -0.01421 0.04876 -0.01530 -0.03809 0.00432 -0.01234 -0.00369 -0.00759 0.01191 -0.03907 0.01962 0.01890 -0.03983 0.01937 0.01229 0.00035 -0.00293 -0.04479 0.03113 -0.05678 0.01819 -0.02464 0.06283 -0.06299 -0.01354 0.04865 0.00999 0.04343 0.03278 0.02580 0.85476 -0.01403 -0.01651
-0.01203 0.01294 0.04473 -0.00204 0.04678 0.09244 0.05850 -0.02395 0.03153 0.08067 -0.00180 0.04620 -0.00890 -0.02242 0.06604 0.00833 -0.01506 0.09557 0.01179 -0.03526 -0.04712 -0.01689 -0.00159 -0.04316 0.05979 0.00815 0.04638 0.05423 -0.01809 0.06177 0.00684 0.04054 -0.07421 -0.04485 0.01007 0.06045 0.00040 0.00994 -0.09021 -0.02597 0.02063 -0.05811 -0.02681 0.00161 -0.03725 0.01094 0.08077 0.01403 0.14085 0.12991
-0.01627 0.03353 -0.04574 0.00710 0.02288 -0.04327 0.04930 -0.03097 0.00848 -0.02639 0.02556 -0.00749 -0.02494 0.02116 0.00902 0.01273 0.01130 0.00068 -0.01436 0.03324 -0.02728 0.00226 -0.01474 0.00548 -0.05511 -0.03701 -0.06358 -0.04895 0.01938 -0.02190 -0.02621 -0.01356 0.00271 -0.01194 -0.01615 0.00935 -0.02461 -0.04370 -0.04622 -0.01132 0.04107 0.01954 0.07545 -0.00068 0.03303 -0.02555 -0.01566 0.01651 -0.12991 0.87915
