0.44609 0.00560 -0.00071 0.01421 -0.07209 -0.00381 -0.00617 0.01196 -0.00647 -0.01600 -0.07723 0.02356 -0.04489 -0.04175 0.00386 -0.01927 0.03577 -0.03246 -0.01811 0.02007 -0.03930 0.00627 -0.00188 -0.02336 0.01505 -0.03119 -0.00463 0.04718 -0.00446 -0.02196 0.03240 0.00594 0.03368 0.00075 -0.01705 0.11455 -0.00797 -0.00491 0.01997 0.01022 -0.02182 -0.03588 0.00340 -0.01235 -0.01189 0.02694 0.01323 -0.02350 0.06635 -0.06833
-0.00560 0.56105 0.00425 -0.03001 -0.02305 0.01781 0.03174 0.02818 0.00220 0.00020 -0.03661 0.04195 -0.00302 0.01263 0.03639 -0.01182 0.01417 0.01584 -0.01546 0.01875 -0.05435 0.03930 0.00148 -0.00086 -0.00002 -0.06535 -0.03051 0.02221 -0.04896 -0.00222 0.00536 0.02464 0.00532 -0.00371 -0.06568 0.01633 0.00033 -0.01680 0.00566 -0.04492 -0.02767 -0.01480 -0.01435 0.01265 -0.00283 0.01786 0.04058 -0.04139 -0.08885 0.01330
0.00071 -0.00425 0.46402 -0.03917 -0.02675 -0.04290 -0.01571 -0.02634 0.02281 0.01318 -0.04476 0.01196 -0.02592 -0.03381 0.00114 -0.02189 0.04481 -0.05122 -0.00420 -0.00697 -0.03381 -0.01000 -0.00559 0.00366 0.02268 -0.04729 -0.02183 0.01650 -0.00571 -0.02789 0.04391 0.01197 0.01868 -0.00990 0.00537 0.00472 0.00588 0.01989 0.00661 -0.01390 -0.01407 -0.04103 0.03984 0.04390 -0.02373 -0.01266 -0.00470 0.01060 -0.02743 -0.04797
-0.01421 0.03001 0.03917 0.73755 0.01614 0.04401 0.07246 0.04013 -0.01298 -0.06846 -0.04828 0.01724 0.03104 -0.05840 0.03887 -0.02969 0.06255 -0.02010 0.01848 -0.00204 0.00266 -0.00716 0.02055 -0.09500 0.00276 0.00463 -0.01048 -0.03020 -0.08144 0.01375 0.08485 -0.04941 0.04786 0.00281 0.09092 0.00470 0.03456 0.05882 0.02131 -0.03135 0.08058 0.00504 -0.03563 0.01821 -0.06359 0.01165 0.06558 0.03277 -0.07904 -0.08991
0.07209 0.02305 0.02675 -0.01614 0.01090 -0.02621 0.01004 0.03390 -0.03306 -0.00042 0.00121 -0.01240 0.02787 0.02385 0.03789 0.00170 0.01069 -0.00985 0.03575 -0.03683 0.03055 0.02568 -0.01455 0.00369 -0.03712 0.02857 -0.01976 -0.02091 -0.01544 -0.00928 -0.07027 -0.00950 -0.00673 -0.02558 0.00690 -0.05447 -0.05135 -0.01124 -0.01307 -0.01478 0.00660 0.04878 0.05101 0.01533 -0.00048 -0.04275 -0.00730 0.02309 -0.06593 0.03128
0.00381 -0.01781 0.04290 -0.04401 0.02621 1.02783 -0.06328 -0.03887 0.00293 0.04056 0.05212 0.04061 -0.05080 -0.05976 -0.01578 0.08336 -0.00463 0.03895 -0.01663 0.06794 -0.03397 -0.04209 -0.04507 0.01034 0.08292 -0.04796 0.03588 0.04237 0.04402 0.08982 0.07376 0.05950 -0.03480 0.10886 -0.02312 -0.02221 0.07601 -0.06424 -0.09671 0.00107 -0.04020 -0.06666 0.04910 -0.07064 0.02928 0.01409 -0.08500 0.06293 0.00565 -0.04282
0.00617 -0.03174 0.01571 -0.07246 -0.01004 0.06328 0.47039 0.02223 -0.00937 0.03328 -0.01104 0.00275 0.02853 -0.01748 0.04769 -0.03459 -0.00108 0.00601 0.01315 -0.02084 -0.03624 -0.03254 -0.05064 0.03098 0.00457 -0.00977 -0.01559 -0.02695 -0.03599 0.03611 -0.01298 0.00382 0.03244 -0.00107 0.00992 0.01544 0.00850 0.00585 -0.03815 -0.03415 0.05270 0.06357 0.02001 0.06401 0.02427 -0.03030 0.04947 -0.00308 -0.07023 0.00706
-0.01196 -0.02818 0.02634 -0.04013 -0.03390 0.03887 -0.02223 1.02737 0.04310 -0.02386 -0.02407 0.01904 -0.03988 -0.04255 0.02401 -0.00093 -0.02909 -0.02476 -0.03510 -0.02655 -0.02488 0.00654 0.02018 -0.01049 0.02882 -0.01968 0.00878 0.02816 -0.06324 0.01342 0.00610 -0.00702 -0.02413 0.00028 -0.03830 0.02892 0.03984 0.03253 -0.02235 0.02227 -0.01649 0.02201 -0.03297 0.04388 0.00800 0.00127 0.01576 0.02326 -0.02683 0.00326
0.00647 -0.00220 -0.02281 0.01298 0.03306 -0.00293 0.00937 -0.04310 0.95672 -0.00468 0.07024 -0.04337 -0.01046 0.01166 -0.02301 0.05872 -0.00250 0.03383 -0.01620 0.00554 -0.00290 -0.02417 -0.02531 -0.00884 0.02288 0.00221 0.01492 0.00484 0.02143 -0.00550 0.02307 -0.00133 -0.01863 -0.00002 0.01996 -0.02981 -0.00433 -0.00472 -0.05484 -0.02313 -0.00163 -0.03207 -0.06049 -0.05861 0.01317 0.00874 -0.00094 0.00302 0.01239 -0.02181
0.01600 -0.00020 -0.01318 0.06846 0.00042 -0.04056 -0.03328 0.02386 0.00468 0.75460 -0.02493 0.00772 -0.00167 0.03210 0.03826 -0.02117 0.00311 0.00813 0.03104 -0.03148 0.03929 0.04062 -0.02840 0.05977 -0.00725 0.03112 -0.01373 -0.01551 0.05489 0.00703 -0.02030 -0.02369 0.01893 0.02488 0.03192 0.03604 -0.02855 -0.01857 -0.01723 0.01009 0.02781 0.05584 0.02794 -0.01343 0.00347 -0.02236 -0.01503 -0.00052 0.00204 -0.00379
0.07723 0.03661 0.04476 0.04828 -0.00121 -0.05212 0.01104 0.02407 -0.07024 0.02493 0.15267 0.03856 0.03086 0.06873 0.01493 -0.01383 0.04811 0.00527 0.05057 -0.04262 0.02911 0.04888 0.01340 -0.02855 -0.03451 0.03553 -0.02942 -0.03716 0.00747 -0.03640 -0.04356 -0.00742 -0.00864 -0.00801 0.01521 -0.01578 -0.04430 -0.01773 -0.03291 -0.02622 0.00269 0.07770 0.04783 -0.02363 -0.02836 -0.04109 0.02912 -0.01820 -0.03408 0.03949
-0.02356 -0.04195 -0.01196 -0.01724 0.01240 -0.04061 -0.00275 -0.01904 0.04337 -0.00772 -0.03856 0.00000 0.01480 -0.04590 -0.01223 -0.04885 0.04923 -0.02396 0.01566 0.03599 -0.05314 -0.01984 0.01176 -0.03047 0.02771 -0.03164 0.02269 0.04367 0.02528 0.02339 0.05657 -0.00502 -0.02575 0.02252 0.00066 0.01239 -0.02072 0.01190 0.02072 -0.00551 -0.00446 -0.03996 -0.02881 -0.00314 -0.02495 0.03138 0.02146 0.04435 -0.00822 -0.07881
0.04489 0.00302 0.02592 -0.03104 -0.02787 0.05080 -0.02853 0.03988 0.01046 0.00167 -0.03086 -0.01480 0.39599 0.01033 0.01349 -0.02655 0.00086 -0.02856 -0.00826 -0.01305 0.00017 0.02228 -0.03790 0.03117 0.02446 0.01595 -0.02815 0.03689 -0.00597 0.03231 0.01075 0.03930 -0.01910 0.00591 -0.02688 0.03011 -0.00677 -0.00272 -0.01953 -0.02990 -0.07252 0.02456 0.02245 0.02916 0.00212 -0.03425 -0.00352 -0.02982 -0.03074 -0.00612
0.04175 -0.01263 0.03381 0.05840 -0.02385 0.05976 0.01748 0.04255 -0.01166 -0.03210 -0.06873 0.04590 -0.01033 0.66913 0.06574 0.01929 0.04416 -0.02437 0.01268 0.00872 0.01097 0.04743 0.00291 -0.00546 0.02662 0.05839 0.00318 -0.00932 -0.02045 0.00538 0.01829 -0.02264 0.04381 -0.01075 0.06409 0.04628 0.00068 -0.03272 0.00555 -0.02406 0.07033 0.03492 -0.01738 -0.01126 -0.00323 -0.02170 0.06008 -0.04942 -0.03738 -0.06439
-0.00386 -0.03639 -0.00114 -0.03887 -0.03789 0.01578 -0.04769 -0.02401 0.02301 -0.03826 -0.01493 0.01223 -0.01349 -0.06574 0.32352 -0.02720 -0.01177 -0.00937 -0.07075 0.00725 -0.04831 -0.04933 -0.00846 -0.01354 0.03979 -0.02598 -0.00612 0.01206 0.00576 -0.04173 0.06009 -0.02232 0.00346 0.01881 -0.04457 0.06241 0.02952 -0.03566 0.00113 0.03793 -0.02459 -0.02031 -0.02516 0.00919 -0.01162 0.01838 -0.00130 0.03200 -0.00015 -0.03592
0.01927 0.01182 0.02189 0.02969 -0.00170 -0.08336 0.03459 0.00093 -0.05872 0.02117 0.01383 0.04885 0.02655 -0.01929 0.02720 0.18288 0.02460 -0.01328 0.04370 -0.05563 0.01136 -0.00207 0.00080 -0.02131 -0.04157 0.01589 -0.03240 -0.03473 -0.03685 -0.04571 -0.02306 -0.00206 0.06453 -0.01451 0.03744 -0.02599 0.01488 -0.01008 0.00207 -0.03438 0.03779 0.00606 0.05765 0.01891 -0.00910 -0.01948 -0.01226 -0.01701 -0.04658 -0.01788
-0.03577 -0.01417 -0.04481 -0.06255 -0.01069 0.00463 0.00108 0.02909 0.00250 -0.00311 -0.04811 -0.04923 -0.00086 -0.04416 0.01177 -0.02460 0.23395 -0.04849 -0.02486 0.01259 -0.07041 0.00257 0.01436 0.00092 0.01435 -0.05656 -0.05579 0.01192 -0.03161 0.01190 0.04242 -0.01127 0.00885 0.00456 -0.05178 -0.00664 -0.00200 0.00153 0.01630 0.01182 -0.03945 -0.00383 -0.00757 0.03453 -0.01216 0.02251 -0.03645 0.01270 -0.01515 -0.01426
0.03246 -0.01584 0.05122 0.02010 0.00985 -0.03895 -0.00601 0.02476 -0.03383 -0.00813 -0.00527 0.02396 0.02856 0.02437 0.00937 0.01328 0.04849 0.27897 0.02599 -0.02776 0.07683 0.00480 -0.01840 0.00780 -0.02373 0.08620 -0.04443 -0.05383 0.00474 -0.04223 -0.04308 0.00445 0.01728 -0.02258 0.01478 0.00303 -0.03427 -0.02722 -0.02067 -0.04680 0.04510 0.04238 0.00555 -0.01501 0.00082 -0.05114 0.04156 0.02785 -0.03631 0.01749
0.01811 0.01546 0.00420 -0.01848 -0.03575 0.01663 -0.01315 0.03510 0.01620 -0.03104 -0.05057 -0.01566 0.00826 -0.01268 0.07075 -0.04370 0.02486 -0.02599 1.03206 -0.01345 -0.00428 0.01842 0.01525 -0.01331 -0.00026 0.00157 -0.03234 -0.00220 -0.01666 -0.03382 -0.00023 -0.01726 0.00858 -0.01527 -0.00445 0.04784 -0.03356 -0.01432 0.01369 -0.01608 -0.01527 0.05881 -0.00689 0.03697 -0.02706 0.00390 0.02786 -0.00220 -0.01308 -0.01233
-0.02007 -0.01875 0.00697 0.00204 0.03683 -0.06794 0.02084 0.02655 -0.00554 0.03148 0.04262 -0.03599 0.01305 -0.00872 -0.00725 0.05563 -0.01259 0.02776 0.01345 0.34470 0.00438 -0.00936 -0.00291 0.02511 -0.04365 -0.02760 -0.04554 -0.02995 -0.02307 -0.00100 -0.01870 0.00902 0.07648 0.00119 0.03410 -0.02103 0.02417 -0.05364 0.00520 -0.06432 0.02382 -0.02046 0.03017 0.02188 -0.01088 0.01761 0.01342 -0.02156 -0.03407 0.07058
0.03930 0.05435 0.03381 -0.00266 -0.03055 0.03397 0.03624 0.02488 0.00290 -0.03929 -0.02911 0.05314 -0.00017 -0.01097 0.04831 -0.01136 0.07041 -0.07683 0.00428 -0.00438 0.88755 0.01053 0.02489 -0.05887 -0.00463 0.00758 -0.02580 0.00624 -0.02964 -0.01293 0.00841 0.00365 -0.01188 -0.03043 0.04251 0.04775 0.02057 0.01152 0.02829 -0.02478 -0.00371 -0.02903 0.03642 0.00819 -0.03726 -0.03729 0.01497 -0.03190 -0.01506 -0.07829
-0.00627 -0.03930 0.01000 0.00716 -0.02568 0.04209 0.03254 -0.00654 0.02417 -0.04062 -0.04888 0.01984 -0.02228 -0.04743 0.04933 0.00207 -0.00257 -0.00480 -0.01842 0.00936 -0.01053 0.59983 -0.04792 -0.01922 0.01142 -0.00412 0.02654 0.04354 -0.04252 -0.00164 0.04655 -0.00478 -0.01373 0.01967 -0.01021 0.06315 0.01575 0.03274 0.00517 0.00655 0.00927 -0.06080 -0.04394 0.02282 -0.02003 -0.02161 0.03559 0.00109 -0.05747 -0.08551
0.00188 -0.00148 0.00559 -0.02055 0.01455 0.04507 0.05064 -0.02018 0.02531 0.02840 -0.01340 -0.01176 0.03790 -0.00291 0.00846 -0.00080 -0.01436 0.01840 -0.01525 0.00291 -0.02489 0.04792 0.56349 0.01171 0.02108 -0.00248 -0.00198 0.03765 0.00706 0.01665 0.02532 0.00782 -0.00412 0.01100 -0.05549 -0.02535 0.02935 -0.00169 -0.02789 -0.00131 -0.04162 0.01908 -0.01748 0.02098 0.01942 0.02377 -0.02589 -0.03507 0.01093 0.03763
0.02336 0.00086 -0.00366 0.09500 -0.00369 -0.01034 -0.03098 0.01049 0.00884 -0.05977 0.02855 0.03047 -0.03117 0.00546 0.01354 0.02131 -0.00092 -0.00780 0.01331 -0.02511 0.05887 0.01922 -0.01171 0.35158 0.00502 0.03808 0.04575 0.00614 0.03507 0.01274 0.00615 -0.04609 -0.03630 -0.00386 0.07160 0.03003 -0.01088 0.00385 0.00809 0.03238 -0.00429 0.01012 -0.00507 -0.04594 -0.05237 -0.04046 -0.03117 0.02662 0.05570 -0.03027
-0.01505 0.00002 -0.02268 -0.00276 0.03712 -0.08292 -0.00457 -0.02882 -0.02288 0.00725 0.03451 -0.02771 -0.02446 -0.02662 -0.03979 0.04157 -0.01435 0.02373 0.00026 0.04365 0.00463 -0.01142 -0.02108 -0.00502 0.86089 -0.00628 0.03556 0.04024 0.02069 -0.01045 0.04211 0.03127 -0.04290 0.01764 -0.00917 -0.02842 -0.03840 -0.03492 0.00468 0.00399 -0.05570 -0.05764 0.01855 -0.04439 -0.01517 0.02712 -0.03366 -0.00266 0.02184 0.01247
0.03119 0.06535 0.04729 -0.00463 -0.02857 0.04796 0.00977 0.01968 -0.00221 -0.03112 -0.03553 0.03164 -0.01595 -0.05839 0.02598 -0.01589 0.05656 -0.08620 -0.00157 0.02760 -0.00758 0.00412 0.00248 -0.03808 0.00628 0.79468 -0.02276 0.00147 -0.02750 -0.00490 0.05445 0.00999 -0.02671 -0.02676 0.04288 0.04117 0.00365 0.04826 0.05226 -0.02158 -0.03252 -0.02351 0.03621 0.00788 -0.04084 -0.02181 0.02242 -0.02983 -0.00100 -0.07146
0.00463 0.03051 0.02183 0.01048 0.01976 -0.03588 0.01559 -0.00878 -0.01492 0.01373 0.02942 -0.02269 0.02815 -0.00318 0.00612 0.03240 0.05579 0.04443 0.03234 0.04554 0.02580 -0.02654 0.00198 -0.04575 -0.03556 0.02276 0.48123 -0.08674 -0.02435 -0.01549 0.00623 0.01577 0.00037 0.01856 0.03966 -0.03312 -0.02378 -0.00642 -0.01561 -0.08187 0.05448 -0.00362 -0.00147 -0.05354 -0.03245 -0.00155 0.08462 0.02410 -0.07471 0.01370
-0.04718 -0.02221 -0.01650 0.03020 0.02091 -0.04237 0.02695 -0.02816 -0.00484 0.01551 0.03716 -0.04367 -0.03689 0.00932 -0.01206 0.03473 -0.01192 0.05383 0.00220 0.02995 -0.00624 -0.04354 -0.03765 -0.00614 -0.04024 -0.00147 0.08674 0.67704 0.02107 -0.00926 -0.01601 0.00663 -0.00796 0.02621 0.04832 -0.01949 -0.02071 0.01232 -0.01636 0.02556 0.07459 -0.06427 -0.03883 -0.05605 0.03127 0.03619 0.05675 0.03033 -0.02605 0.00166
0.00446 0.04896 0.00571 0.08144 0.01544 -0.04402 0.03599 0.06324 -0.02143 -0.05489 -0.00747 -0.02528 0.00597 0.02045 -0.00576 0.03685 0.03161 -0.00474 0.01666 0.02307 0.02964 0.04252 -0.00706 -0.03507 -0.02069 0.02750 0.02435 -0.02107 0.50112 -0.00142 -0.00187 -0.02601 -0.03587 -0.00240 0.02743 -0.00460 -0.03564 -0.03144 0.00839 -0.01126 0.00459 0.01847 0.00138 -0.02621 -0.04850 0.02681 0.02836 0.01463 -0.04417 -0.06079
0.02196 0.00222 0.02789 -0.01375 0.00928 -0.08982 -0.03611 -0.01342 0.00550 -0.00703 0.03640 -0.02339 -0.03231 -0.00538 0.04173 0.04571 -0.01190 0.04223 0.03382 0.00100 0.01293 0.00164 -0.01665 -0.01274 0.01045 0.00490 0.01549 0.00926 0.00142 1.02394 -0.00379 -0.00560 -0.02631 0.03153 0.00646 -0.01022 -0.02290 -0.04403 -0.07726 -0.01298 -0.01305 0.03836 -0.00852 -0.03110 0.01285 0.02241 0.00105 0.04933 -0.03208 0.00935
-0.03240 -0.00536 -0.04391 -0.08485 0.07027 -0.07376 0.01298 -0.00610 -0.02307 0.02030 0.04356 -0.05657 -0.01075 -0.01829 -0.06009 0.02306 -0.04242 0.04308 0.00023 0.01870 -0.00841 -0.04655 -0.02532 -0.00615 -0.04211 -0.05445 -0.00623 0.01601 0.00187 0.00379 0.83654 -0.00803 -0.04204 -0.01718 0.00937 -0.03068 -0.04021 0.02050 -0.00184 0.02153 -0.02114 -0.05348 -0.06185 -0.01047 0.03279 0.04006 -0.01729 0.05521 -0.01112 0.04203
-0.00594 -0.02464 -0.01197 0.04941 0.00950 -0.05950 -0.00382 0.00702 0.00133 0.02369 0.00742 0.00502 -0.03930 0.02264 0.02232 0.00206 0.01127 -0.00445 0.01726 -0.00902 -0.00365 0.00478 -0.00782 0.04609 -0.03127 -0.00999 -0.01577 -0.00663 0.02601 0.00560 0.00803 0.50779 0.05737 -0.00860 0.08025 -0.00107 0.04233 -0.02725 0.01593 -0.00055 0.00861 -0.01832 0.02663 0.00007 0.02236 0.02648 -0.04150 -0.02530 0.02659 -0.02316
-0.03368 -0.00532 -0.01868 -0.04786 0.00673 0.03480 -0.03244 0.02413 0.01863 -0.01893 0.00864 0.02575 0.01910 -0.04381 -0.00346 -0.06453 -0.00885 -0.01728 -0.00858 -0.07648 0.01188 0.01373 0.00412 0.03630 0.04290 0.02671 -0.00037 0.00796 0.03587 0.02631 0.04204 -0.05737 0.67067 0.02598 -0.07719 -0.01160 -0.04434 -0.02116 -0.03609 0.01434 -0.05694 0.07038 -0.02053 0.00299 -0.00601 -0.00478 -0.00566 0.01314 0.01340 0.02293
-0.00075 0.00371 0.00990 -0.00281 0.02558 -0.10886 0.00107 -0.00028 0.00002 -0.02488 0.00801 -0.02252 -0.00591 0.01075 -0.01881 0.01451 -0.00456 0.02258 0.01527 -0.00119 0.03043 -0.01967 -0.01100 0.00386 -0.01764 0.02676 -0.01856 -0.02621 0.00240 -0.03153 0.01718 0.00860 -0.02598 0.47227 -0.01639 -0.02576 -0.02515 -0.01268 0.00536 -0.01494 0.01070 -0.00526 0.00605 -0.01149 -0.00106 0.00898 0.00719 0.03716 -0.02124 0.01636
0.01705 0.06568 -0.00537 -0.09092 -0.00690 0.02312 -0.00992 0.03830 -0.01996 -0.03192 -0.01521 -0.00066 0.02688 -0.06409 0.04457 -0.03744 0.05178 -0.01478 0.00445 -0.03410 -0.04251 0.01021 0.05549 -0.07160 0.00917 -0.04288 -0.03966 -0.04832 -0.02743 -0.00646 -0.00937 -0.08025 0.07719 0.01639 0.56108 0.04414 -0.00491 0.01699 0.03614 -0.02778 -0.00928 0.02831 0.03170 0.00747 -0.05643 0.01522 0.05394 0.02688 -0.03877 -0.00666
-0.11455 -0.01633 -0.00472 -0.00470 0.05447 0.02221 -0.01544 -0.02892 0.02981 -0.03604 0.01578 -0.01239 -0.03011 -0.04628 -0.06241 0.02599 0.00664 -0.00303 -0.04784 0.02103 -0.04775 -0.06315 0.02535 -0.03003 0.02842 -0.04117 0.03312 0.01949 0.00460 0.01022 0.03068 0.00107 0.01160 0.02576 -0.04414 0.16495 0.03784 -0.03280 -0.01863 0.01559 -0.01525 -0.04877 -0.03673 -0.01542 -0.01128 0.08967 -0.00874 0.00776 0.07094 -0.00176
0.00797 -0.00033 -0.00588 -0.03456 0.05135 -0.07601 -0.00850 -0.03984 0.00433 0.02855 0.04430 0.02072 0.00677 -0.00068 -0.02952 -0.01488 0.00200 0.03427 0.03356 -0.02417 -0.02057 -0.01575 -0.02935 0.01088 0.03840 -0.00365 0.02378 0.02071 0.03564 0.02290 0.04021 -0.04233 0.04434 0.02515 0.00491 -0.03784 0.88814 -0.00259 -0.03481 0.01148 0.01710 0.00459 -0.02170 -0.01646 0.03921 -0.00096 0.01354 -0.00171 0.00180 -0.01085
0.00491 0.01680 -0.01989 -0.05882 0.01124 0.06424 -0.00585 -0.03253 0.00472 0.01857 0.01773 -0.01190 0.00272 0.03272 0.03566 0.01008 -0.00153 0.02722 0.01432 0.05364 -0.01152 -0.03274 0.00169 -0.00385 0.03492 -0.04826 0.00642 -0.01232 0.03144 0.04403 -0.02050 0.02725 0.02116 0.01268 -0.01699 0.03280 0.00259 0.02254 -0.00249 -0.00981 0.02643 0.01743 -0.01466 -0.01301 0.00827 0.01760 0.01351 -0.00183 0.01095 0.05024
-0.01997 -0.00566 -0.00661 -0.02131 0.01307 0.09671 0.03815 0.02235 0.05484 0.01723 0.03291 -0.02072 0.01953 -0.00555 -0.00113 -0.00207 -0.01630 0.02067 -0.01369 -0.00520 -0.02829 -0.00517 0.02789 -0.00809 -0.00468 -0.05226 0.01561 0.01636 -0.00839 0.07726 0.00184 -0.01593 0.03609 -0.00536 -0.03614 0.01863 0.03481 0.00249 0.30182 0.02754 -0.01590 -0.00349 -0.01409 0.00861 0.01465 0.03556 -0.02763 -0.04692 0.03804 0.02485
-0.01022 0.04492 0.01390 0.03135 0.01478 -0.00107 0.03415 -0.02227 0.02313 -0.01009 0.02622 0.00551 0.02990 0.02406 -0.03793 0.03438 -0.01182 0.04680 0.01608 0.06432 0.02478 -0.00655 0.00131 -0.03238 -0.00399 0.02158 0.08187 -0.02556 0.01126 0.01298 -0.02153 0.00055 -0.01434 0.01494 0.02778 -0.01559 -0.01148 0.00981 -0.02754 0.45398 0.05564 -0.01842 -0.02700 -0.06358 -0.00050 0.02362 0.03981 -0.00180 -0.00582 -0.00107
0.02182 0.02767 0.01407 -0.08058 -0.00660 0.04020 -0.05270 0.01649 0.00163 -0.02781 -0.00269 0.00446 0.07252 -0.07033 0.02459 -0.03779 0.03945 -0.04510 0.01527 -0.02382 0.00371 -0.00927 0.04162 0.00429 0.05570 0.03252 -0.05448 -0.07459 -0.00459 0.01305 0.02114 -0.00861 0.05694 -0.01070 0.00928 0.01525 -0.01710 -0.02643 0.01590 -0.05564 0.64743 0.04363 0.04080 0.01066 -0.03523 -0.03541 0.00408 0.01843 -0.00913 0.01944
0.03588 0.01480 0.04103 -0.00504 -0.04878 0.06666 -0.06357 -0.02201 0.03207 -0.05584 -0.07770 0.03996 -0.02456 -0.03492 0.02031 -0.00606 0.00383 -0.04238 -0.05881 0.02046 0.02903 0.06080 -0.01908 -0.01012 0.05764 0.02351 0.00362 0.06427 -0.01847 -0.03836 0.05348 0.01832 -0.07038 0.00526 -0.02831 0.04877 -0.00459 -0.01743 0.00349 0.01842 -0.04363 0.50235 -0.02047 -0.01117 -0.06536 -0.00594 -0.02258 0.02800 -0.00688 -0.07493
-0.00340 0.01435 -0.03984 0.03563 -0.05101 -0.04910 -0.02001 0.03297 0.06049 -0.02794 -0.04783 0.02881 -0.02245 0.01738 0.02516 -0.05765 0.00757 -0.00555 0.00689 -0.03017 -0.03642 0.04394 0.01748 0.00507 -0.01855 -0.03621 0.00147 0.03883 -0.00138 0.00852 0.06185 -0.02663 0.02053 -0.00605 -0.03170 0.03673 0.02170 0.01466 0.01409 0.02700 -0.04080 0.02047 0.49061 0.03860 -0.04343 -0.01452 -0.03214 -0.02052 0.01668 -0.03049
0.01235 -0.01265 -0.04390 -0.01821 -0.01533 0.07064 -0.06401 -0.04388 0.05861 0.01343 0.02363 0.00314 -0.02916 0.01126 -0.00919 -0.01891 -0.03453 0.01501 -0.03697 -0.02188 -0.00819 -0.02282 -0.02098 0.04594 0.04439 -0.00788 0.05354 0.05605 0.02621 0.03110 0.01047 -0.00007 -0.00299 0.01149 -0.00747 0.01542 0.01646 0.01301 -0.00861 0.06358 -0.01066 0.01117 -0.03860 0.16011 0.05936 -0.01477 -0.05025 0.02750 0.03582 0.01287
0.01189 0.00283 0.02373 0.06359 0.00048 -0.02928 -0.02427 -0.00800 -0.01317 -0.00347 0.02836 0.02495 -0.00212 0.00323 0.01162 0.00910 0.01216 -0.00082 0.02706 0.01088 0.03726 0.02003 -0.01942 0.05237 0.01517 0.04084 0.03245 -0.03127 0.04850 -0.01285 -0.03279 -0.02236 0.00601 0.00106 0.05643 0.01128 -0.03921 -0.00827 -0.01465 0.00050 0.03523 0.06536 0.04343 -0.05936 0.52857 -0.01249 0.01875 -0.00928 0.00342 -0.00718
-0.02694 -0.01786 0.01266 -0.01165 0.04275 -0.01409 0.03030 -0.00127 -0.00874 0.02236 0.04109 -0.03138 0.03425 0.02170 -0.01838 0.01948 -0.02251 0.05114 -0.00390 -0.01761 0.03729 0.02161 -0.02377 0.04046 -0.02712 0.02181 0.00155 -0.03619 -0.02681 -0.02241 -0.04006 -0.02648 0.00478 -0.00898 -0.01522 -0.08967 0.00096 -0.01760 -0.03556 -0.02362 0.03541 0.00594 0.01452 0.01477 0.01249 0.46371 0.03354 0.02257 -0.09159 0.05604
-0.01323 -0.04058 0.00470 -0.06558 0.00730 0.08500 -0.04947 -0.01576 0.00094 0.01503 -0.02912 -0.02146 0.00352 -0.06008 0.00130 0.01226 0.03645 -0.04156 -0.02786 -0.01342 -0.01497 -0.03559 0.02589 0.03117 0.03366 -0.02242 -0.08462 -0.05675 -0.02836 -0.00105 0.01729 0.04150 0.00566 -0.00719 -0.05394 0.00874 -0.01354 -0.01351 0.02763 -0.03981 -0.00408 0.02258 0.03214 0.05025 -0.01875 -0.03354 0.70002 0.05848 -0.02715 0.00576
0.02350 0.04139 -0.01060 -0.03277 -0.02309 -0.06293 0.00308 -0.02326 -0.00302 0.00052 0.01820 -0.04435 0.02982 0.04942 -0.03200 0.01701 -0.01270 -0.02785 0.00220 0.02156 0.03190 -0.00109 0.03507 -0.02662 0.00266 0.02983 -0.02410 -0.03033 -0.01463 -0.04933 -0.05521 0.02530 -0.01314 -0.03716 -0.02688 -0.00776 0.00171 0.00183 0.04692 0.00180 -0.01843 -0.02800 0.02052 -0.02750 0.00928 -0.02257 -0.05848 0.72823 0.03100 0.04767
-0.06635 0.08885 0.02743 0.07904 0.06593 -0.00565 0.07023 0.02683 -0.01239 -0.00204 0.03408 0.00822 0.03074 0.03738 0.00015 0.04658 0.01515 0.03631 0.01308 0.03407 0.01506 0.05747 -0.01093 -0.05570 -0.02184 0.00100 0.07471 0.02605 0.04417 0.03208 0.01112 -0.02659 -0.01340 0.02124 0.03877 -0.07094 -0.00180 -0.01095 -0.03804 0.00582 0.00913 0.00688 -0.01668 -0.03582 -0.00342 0.09159 0.02715 -0.03100 0.56584 -0.02738
0.06833 -0.01330 0.04797 0.08991 -0.03128 0.04282 -0.00706 -0.00326 0.02181 0.00379 -0.03949 0.07881 0.00612 0.06439 0.03592 0.01788 0.01426 -0.01749 0.01233 -0.07058 0.07829 0.08551 -0.03763 0.03027 -0.01247 0.07146 -0.01370 -0.00166 0.06079 -0.00935 -0.04203 0.02316 -0.02293 -0.01636 0.00666 0.00176 0.01085 -0.05024 -0.02485 0.00107 -0.01944 0.07493 0.03049 -0.01287 0.00718 -0.05604 -0.00576 -0.04767 0.02738 0.00000
