0.23218 0.03873 -0.00427 0.07529 0.03845 -0.03911 -0.00818 -0.02772 -0.00302 -0.00035 -0.01417 -0.03433 -0.00325 0.01613 -0.01063 0.00660 0.01783 -0.01418 0.04554 -0.05437 0.02179 0.02338 0.00498 -0.05120 0.01933 0.02207 -0.01579 -0.05044 0.07552 0.04726 0.00981 -0.04466 0.00681 -0.01077 -0.06271 0.02052 -0.02409 0.00722 0.01066 0.03617 -0.07604 -0.04811 -0.06479 -0.09140 -0.08027 0.03056 0.03119 -0.01644 0.02685 0.02249
-0.03873 0.63674 -0.05089 0.03482 0.05663 0.03802 0.04047 0.00115 -0.02047 -0.03309 0.10716 -0.03052 0.07085 -0.02298 0.07086 0.08466 0.01354 0.01077 -0.02889 -0.05611 -0.07716 0.01849 0.01208 0.00986 -0.02484 -0.01613 -0.02701 -0.04315 0.01436 0.02777 0.00369 -0.00634 0.02691 -0.04692 -0.00049 0.05983 0.00273 -0.03361 -0.02043 0.05750 0.04873 -0.07006 -0.02251 -0.04276 0.02550 -0.03551 -0.00141 0.01141 -0.00126 -0.00957
0.00427 0.05089 0.14389 0.00466 0.02297 -0.05803 0.06289 -0.01020 0.07469 0.04146 -0.07054 -0.00421 0.05331 0.03935 0.05706 0.07611 0.05334 0.00581 0.05693 -0.03521 -0.03671 -0.02261 0.04130 -0.01959 -0.06679 0.00621 -0.00875 0.00469 0.08275 0.04787 0.01228 -0.01309 0.01612 -0.02915 -0.00240 0.06229 -0.05790 -0.03689 -0.05794 0.04258 -0.07233 -0.03421 -0.02191 -0.00877 -0.01332 -0.05048 0.04435 -0.03770 -0.06067 0.05351
-0.07529 -0.03482 -0.00466 0.66628 0.04085 -0.00172 -0.01267 -0.01389 0.01679 0.06089 0.07043 0.03981 -0.01817 0.04461 -0.02920 0.01487 -0.00024 -0.02111 -0.05443 0.03790 0.00755 0.07131 -0.01194 -0.08364 0.04837 -0.00698 -0.01612 0.00953 -0.03628 -0.01352 -0.01685 -0.01442 -0.04007 0.03475 0.06754 0.03201 0.03449 -0.03224 -0.02434 -0.01726 0.04331 0.04602 0.05308 -0.07003 -0.02968 0.02137 -0.04746 -0.01516 0.03295 0.00075
-0.03845 -0.05663 -0.02297 -0.04085 0.41947 -0.02054 -0.04589 -0.03249 0.01422 -0.01723 0.05260 -0.03516 -0.03739 0.00854 -0.05712 -0.04914 0.01286 -0.00487 -0.05772 0.03619 0.07394 -0.04143 0.01913 0.05121 -0.01780 -0.00877 0.05667 -0.01151 -0.02370 0.04312 0.04288 -0.00468 -0.01105 0.06912 -0.01316 -0.03197 -0.00970 0.03681 0.14961 -0.07867 0.03899 0.05564 0.05124 0.02402 -0.00522 0.02086 -0.05529 0.00932 -0.00567 -0.02480
0.03911 -0.03802 0.05803 0.00172 0.02054 0.64308 -0.07141 0.03414 0.02912 0.05642 -0.04165 -0.02489 -0.04754 0.01211 0.01526 -0.00969 -0.00363 -0.03938 0.02831 -0.02584 -0.00907 -0.08133 -0.00397 -0.02165 -0.00232 0.03939 -0.00574 -0.02794 0.01329 0.02534 0.00749 0.06059 0.08251 0.01552 -0.03541 0.00152 -0.02087 0.03248 0.04721 -0.01803 -0.03269 0.03688 0.00291 0.00086 -0.03193 0.02241 -0.00950 -0.02187 -0.05005 0.05833
0.00818 -0.04047 -0.06289 0.01267 0.04589 0.07141 0.43908 -0.03062 -0.07720 -0.09518 0.03732 -0.02104 0.03548 -0.06950 -0.05493 -0.00759 -0.01634 0.02960 0.00172 -0.04716 0.04351 -0.02749 -0.01766 0.04485 -0.11402 -0.02350 0.05112 0.01365 -0.01457 0.05000 0.00901 -0.00593 -0.00456 0.00818 -0.03574 -0.04406 0.00253 -0.01134 0.08163 0.00325 0.02059 -0.00948 0.02681 -0.00778 0.02276 -0.06133 -0.00775 0.00114 -0.06465 -0.05458
0.02772 -0.00115 0.01020 0.01389 0.03249 -0.03414 0.03062 0.59967 0.02817 0.03254 -0.03251 -0.01016 -0.00170 0.00108 0.00442 0.05057 0.04874 -0.01067 0.04626 -0.04027 -0.00207 0.00800 0.05846 -0.03898 -0.00010 0.01818 -0.02343 -0.02968 0.05856 0.09259 0.00305 -0.02790 0.02771 0.01071 -0.05242 0.02884 -0.04502 -0.04130 0.01381 0.07261 -0.05687 -0.04629 -0.03982 -0.02617 -0.00664 0.03302 0.04473 -0.04237 0.05866 0.04688
0.00302 0.02047 -0.07469 -0.01679 -0.01422 -0.02912 0.07720 -0.02817 0.80319 -0.06267 0.02415 -0.00878 0.05172 0.02210 -0.03848 -0.03885 0.02041 -0.04304 -0.00395 0.01370 0.01548 0.01173 0.01277 0.01170 -0.02343 -0.03901 0.05563 0.01700 -0.00947 -0.01646 -0.00364 -0.04424 0.00482 0.06562 0.00203 -0.02779 0.00274 -0.05959 0.02633 -0.05446 0.02429 0.06124 -0.01085 0.01469 0.01609 -0.04466 0.02353 -0.06271 -0.05855 -0.02169
0.00035 0.03309 -0.04146 -0.06089 0.01723 -0.05642 0.09518 -0.03254 0.06267 0.27804 -0.02894 -0.06692 0.08271 -0.02620 0.00511 0.04581 0.01032 0.05228 0.02978 -0.02805 0.01835 -0.14998 -0.00271 0.04651 -0.09141 -0.00473 0.00412 0.01091 0.03960 0.01443 0.00467 0.00065 0.01434 0.03898 -0.06046 0.03318 0.01510 0.05101 0.01423 0.03187 -0.03704 -0.07205 -0.06555 -0.00607 0.00610 -0.09083 0.02311 0.01980 -0.13421 0.02840
0.01417 -0.10716 0.07054 -0.07043 -0.05260 0.04165 -0.03732 0.03251 -0.02415 0.02894 0.96742 -0.04255 -0.02287 -0.01824 -0.00087 -0.02861 -0.00999 0.04715 -0.01974 0.01338 0.09081 -0.04084 -0.08247 0.04034 0.04116 0.00058 0.06904 0.04250 -0.00356 -0.01418 0.02302 0.04459 -0.02044 0.02451 0.03937 0.01578 -0.01301 0.02083 0.04577 0.05737 -0.06591 0.01486 0.04955 0.04016 0.04098 0.02203 -0.04591 0.01956 0.01430 0.00152
0.03433 0.03052 0.00421 -0.03981 0.03516 0.02489 0.02104 0.01016 0.00878 0.06692 0.04255 0.26301 0.00406 -0.05814 0.00704 -0.05814 -0.04156 0.05643 0.02105 0.00830 -0.03748 -0.07290 -0.08140 0.01288 -0.02422 -0.01385 0.00619 0.01868 0.00152 0.02948 0.01322 0.06301 0.00184 -0.03813 -0.06968 0.10778 0.04131 0.01631 -0.00762 0.06102 -0.01357 0.00414 0.01798 0.02278 0.05464 -0.03512 0.06390 -0.00446 -0.11477 0.02799
0.00325 -0.07085 -0.05331 0.01817 0.03739 0.04754 -0.03548 0.00170 -0.05172 -0.08271 0.02287 -0.00406 0.57398 -0.06242 0.00333 -0.00505 -0.03565 -0.02144 -0.01878 0.03093 -0.00328 0.02489 -0.06905 0.02046 -0.00994 -0.05118 -0.01665 0.00721 -0.02550 0.00840 -0.02317 0.02554 -0.00107 0.00560 0.01932 0.00802 0.03051 -0.06646 0.03671 -0.02436 0.04050 0.06240 -0.00962 -0.01713 0.02233 -0.01254 -0.05040 0.00350 0.03710 0.03777
-0.01613 0.02298 -0.03935 -0.04461 -0.00854 -0.01211 0.06950 -0.00108 -0.02210 0.02620 0.01824 0.05814 0.06242 0.16796 -0.02586 -0.00279 -0.01941 0.04752 -0.01738 0.05389 -0.03570 -0.01699 0.00369 -0.01298 -0.01656 -0.07911 0.07885 0.01641 -0.00634 0.01366 0.00139 0.01723 0.02430 -0.02179 0.04122 -0.01992 -0.02725 -0.05912 -0.05349 0.01082 0.02678 0.07320 0.03034 0.07588 0.08478 -0.06840 -0.01163 0.01615 -0.05177 -0.00546
0.01063 -0.07086 -0.05706 0.02920 0.05712 -0.01526 0.05493 -0.00442 0.03848 -0.00511 0.00087 -0.00704 -0.00333 0.02586 0.68953 0.04167 0.03988 -0.03119 -0.01934 0.01844 -0.04873 -0.00673 0.02526 -0.01305 -0.03502 -0.01158 0.01471 -0.03946 0.01901 0.08395 -0.01799 -0.03327 0.03806 -0.00131 0.02238 0.08021 -0.01589 -0.05670 0.04676 -0.00845 0.03727 0.00115 0.03603 -0.04404 -0.01091 -0.04274 0.00569 -0.07372 -0.02680 -0.01211
-0.00660 -0.08466 -0.07611 -0.01487 0.04914 0.00969 0.00759 -0.05057 0.03885 -0.04581 0.02861 0.05814 0.00505 0.00279 -0.04167 0.31828 -0.00642 -0.00799 -0.02185 -0.04952 -0.00070 0.05043 -0.05803 -0.02912 0.00349 -0.02575 0.06536 0.04484 -0.00804 0.08783 0.00054 0.01521 -0.00581 -0.00181 0.01802 -0.03078 0.00440 -0.08972 0.03093 -0.06762 0.02157 0.02037 0.03403 0.01100 0.06504 0.01120 0.02858 -0.00343 0.06704 0.02588
-0.01783 -0.01354 -0.05334 0.00024 -0.01286 0.00363 0.01634 -0.04874 -0.02041 -0.01032 0.00999 0.04156 0.03565 0.01941 -0.03988 0.00642 1.02636 -0.00138 -0.00457 0.03455 -0.02235 -0.01021 -0.01094 -0.01049 0.00503 -0.00996 -0.02335 -0.03362 0.00065 0.03029 -0.01819 -0.02307 -0.02444 0.02233 0.04140 -0.01290 -0.01430 -0.01602 0.02111 -0.01532 0.02690 0.01815 -0.01660 -0.01151 -0.02607 -0.03173 -0.01488 -0.00267 0.02015 -0.00900
0.01418 -0.01077 -0.00581 0.02111 0.00487 0.03938 -0.02960 0.01067 0.04304 -0.05228 -0.04715 -0.05643 0.02144 -0.04752 0.03119 0.00799 0.00138 0.72437 0.00235 -0.01437 -0.02228 -0.05424 -0.01687 0.02112 -0.05936 0.02899 -0.01625 -0.00269 0.02107 -0.00390 0.01130 0.04386 0.05572 0.04350 -0.02970 0.00046 0.01519 0.12476 0.00353 0.01635 -0.00914 -0.02002 -0.00205 -0.00422 -0.01620 -0.00677 0.01289 0.02661 -0.12871 -0.02205
-0.04554 0.02889 -0.05693 0.05443 0.05772 -0.02831 -0.00172 -0.04626 0.00395 -0.02978 0.01974 -0.02105 0.01878 0.01738 0.01934 0.02185 0.00457 -0.00235 1.02633 -0.04024 -0.03998 0.06364 0.02956 -0.04557 -0.02407 -0.05219 -0.01577 -0.03695 -0.00860 -0.00223 -0.06822 -0.06082 0.03729 -0.04205 -0.02896 0.01182 0.02487 -0.03375 -0.05649 -0.01874 0.03650 -0.00118 0.00350 -0.03637 -0.02713 -0.02208 0.04404 -0.06118 -0.01792 0.01901
0.05437 0.05611 0.03521 -0.03790 -0.03619 0.02584 0.04716 0.04027 -0.01370 0.02805 -0.01338 -0.00830 -0.03093 -0.05389 -0.01844 0.04952 -0.03455 0.01437 0.04024 0.53299 -0.01052 0.00631 0.07829 0.07416 -0.03137 0.01621 0.00030 -0.02685 -0.03391 0.01226 -0.04892 -0.00324 -0.02439 -0.05983 -0.04361 0.05925 0.02923 0.01306 0.05610 0.02648 -0.03276 -0.06909 -0.02308 -0.02084 0.00138 -0.04726 0.01195 0.03946 0.02753 -0.05580
-0.02179 0.07716 0.03671 -0.00755 -0.07394 0.00907 -0.04351 0.00207 -0.01548 -0.01835 -0.09081 0.03748 0.00328 0.03570 0.04873 0.00070 0.02235 0.02228 0.03998 0.01052 0.66042 0.05786 -0.01870 -0.00719 0.00331 0.02734 -0.04921 0.04082 -0.01738 -0.08120 0.01618 -0.00419 -0.05497 0.05150 0.03312 -0.04567 0.01442 0.02060 -0.03754 0.03836 -0.03042 -0.00208 -0.01698 0.04291 0.01442 0.06476 0.00221 0.05130 0.05922 0.02194
-0.02338 -0.01849 0.02261 -0.07131 0.04143 0.08133 0.02749 -0.00800 -0.01173 0.14998 0.04084 0.07290 -0.02489 0.01699 0.00673 -0.05043 0.01021 0.05424 -0.06364 -0.00631 -0.05786 0.23231 -0.03389 -0.03635 0.08965 -0.05697 0.06105 0.06989 -0.03673 0.05144 0.03274 0.07357 -0.02952 -0.02325 0.04884 -0.00829 0.03481 -0.05119 -0.03587 -0.04032 0.04321 0.04669 0.05389 0.04002 0.08248 0.04062 -0.00227 -0.02702 0.03202 0.04498
-0.00498 -0.01208 -0.04130 0.01194 -0.01913 0.00397 0.01766 -0.05846 -0.01277 0.00271 0.08247 0.08140 0.06905 -0.00369 -0.02526 0.05803 0.01094 0.01687 -0.02956 -0.07829 0.01870 0.03389 0.45971 -0.08355 0.03431 -0.04042 0.00624 0.04391 0.01602 0.03510 -0.00287 0.00456 0.03969 -0.00714 0.01304 -0.09554 -0.03856 -0.04121 -0.03691 0.02268 0.00655 -0.04307 0.03624 0.06730 0.00683 -0.00477 0.05699 -0.00171 0.01172 0.04313
0.05120 -0.00986 0.01959 0.08364 -0.05121 0.02165 -0.04485 0.03898 -0.01170 -0.04651 -0.04034 -0.01288 -0.02046 0.01298 0.01305 0.02912 0.01049 -0.02112 0.04557 -0.07416 0.00719 0.03635 0.08355 0.07779 0.00036 0.06507 0.00928 -0.05234 0.00134 0.01409 -0.00981 -0.02946 0.03309 0.03733 -0.04626 -0.03044 -0.02895 0.00362 0.05483 -0.01093 -0.03285 -0.03480 0.02755 -0.05439 -0.08885 0.06592 0.03746 0.00848 0.12599 -0.02106
-0.01933 0.02484 0.06679 -0.04837 0.01780 0.00232 0.11402 0.00010 0.02343 0.09141 -0.04116 0.02422 0.00994 0.01656 0.03502 -0.00349 -0.00503 0.05936 0.02407 0.03137 -0.00331 -0.08965 -0.03431 -0.00036 0.12770 -0.02452 -0.02651 0.02866 -0.00615 0.02153 -0.02126 0.06973 -0.00904 0.00516 0.00528 0.01312 0.01438 0.01066 -0.08722 0.05161 -0.00303 -0.01525 -0.04514 0.02495 -0.02208 -0.01922 0.02739 0.00597 -0.15144 0.05835
-0.02207 0.01613 -0.00621 0.00698 0.00877 -0.03939 0.02350 -0.01818 0.03901 0.00473 -0.00058 0.01385 0.05118 0.07911 0.01158 0.02575 0.00996 -0.02899 0.05219 -0.01621 -0.02734 0.05697 0.04042 -0.06507 0.02452 0.13667 -0.01487 0.01060 0.03575 0.02059 -0.00414 0.00337 0.00365 -0.00033 -0.00823 0.00784 -0.04018 -0.07913 -0.03876 0.03663 -0.05196 -0.00560 0.00262 0.01172 0.00397 0.03133 0.04424 -0.02762 0.03467 0.06400
0.01579 0.02701 0.00875 0.01612 -0.05667 0.00574 -0.05112 0.02343 -0.05563 -0.00412 -0.06904 -0.00619 0.01665 -0.07885 -0.01471 -0.06536 0.02335 0.01625 0.01577 -0.00030 0.04921 -0.06105 -0.00624 -0.00928 0.02651 0.01487 0.62122 0.03146 -0.02291 -0.03250 0.00110 0.00717 0.09387 0.00926 -0.04662 -0.05414 0.00024 0.06801 -0.03254 0.03203 0.01944 -0.02188 -0.02555 0.05811 -0.02075 0.02276 0.02080 0.03761 -0.11360 0.04406
0.05044 0.04315 -0.00469 -0.00953 0.01151 0.02794 -0.01365 0.02968 -0.01700 -0.01091 -0.04250 -0.01868 -0.00721 -0.01641 0.03946 -0.04484 0.03362 0.00269 0.03695 0.02685 -0.04082 -0.06989 -0.04391 0.05234 -0.02866 -0.01060 -0.03146 0.60887 0.02601 -0.02857 0.03810 0.01814 0.06077 0.00734 -0.06407 0.01653 0.01626 0.02673 0.02139 0.03001 -0.07246 0.03444 -0.02490 0.02407 0.01756 -0.03022 -0.02805 -0.02878 -0.09630 0.05439
-0.07552 -0.01436 -0.08275 0.03628 0.02370 -0.01329 0.01457 -0.05856 0.00947 -0.03960 0.00356 -0.00152 0.02550 0.00634 -0.01901 0.00804 -0.00065 -0.02107 0.00860 0.03391 0.01738 0.03673 -0.01602 -0.00134 0.00615 -0.03575 0.02291 -0.02601 1.03650 0.02690 -0.03156 -0.02240 -0.02632 0.01977 0.04399 -0.00513 -0.00568 -0.02743 0.00485 -0.00123 0.03594 -0.00268 -0.03151 -0.02910 -0.03234 -0.03572 -0.02523 -0.03065 0.00999 -0.00866
-0.04726 -0.02777 -0.04787 0.01352 -0.04312 -0.02534 -0.05000 -0.09259 0.01646 -0.01443 0.01418 -0.02948 -0.00840 -0.01366 -0.08395 -0.08783 -0.03029 0.00390 0.00223 -0.01226 0.08120 -0.05144 -0.03510 -0.01409 -0.02153 -0.02059 0.03250 0.02857 -0.02690 0.53222 -0.04022 0.01560 -0.01385 0.02300 -0.00299 -0.06150 -0.02726 0.03662 0.02143 -0.07876 0.01784 0.00315 0.02099 -0.01558 -0.02037 0.00187 -0.01696 0.00491 -0.08526 0.00526
-0.00981 -0.00369 -0.01228 0.01685 -0.04288 -0.00749 -0.00901 -0.00305 0.00364 -0.00467 -0.02302 -0.01322 0.02317 -0.00139 0.01799 -0.00054 0.01819 -0.01130 0.06822 0.04892 -0.01618 -0.03274 0.00287 0.00981 0.02126 0.00414 -0.00110 -0.03810 0.03156 0.04022 1.02018 -0.00908 -0.00508 -0.00216 0.02244 0.04429 -0.05578 -0.02003 -0.01947 0.05600 -0.06309 0.00572 -0.03324 0.01119 -0.03908 -0.00564 0.00797 -0.01913 -0.00767 0.02660
0.04466 0.00634 0.01309 0.01442 0.00468 -0.06059 0.00593 0.02790 0.04424 -0.00065 -0.04459 -0.06301 -0.02554 -0.01723 0.03327 -0.01521 0.02307 -0.04386 0.06082 0.00324 0.00419 -0.07357 -0.00456 0.02946 -0.06973 -0.00337 -0.00717 -0.01814 0.02240 -0.01560 0.00908 0.31028 0.00865 -0.01899 -0.04040 0.06366 -0.02364 0.02621 0.01077 0.00927 -0.03724 -0.01401 -0.02263 -0.02859 -0.05409 -0.04689 0.01199 -0.02407 -0.07264 -0.01013
-0.00681 -0.02691 -0.01612 0.04007 0.01105 -0.08251 0.00456 -0.02771 -0.00482 -0.01434 0.02044 -0.00184 0.00107 -0.02430 -0.03806 0.00581 0.02444 -0.05572 -0.03729 0.02439 0.05497 0.02952 -0.03969 -0.03309 0.00904 -0.00365 -0.09387 -0.06077 0.02632 0.01385 0.00508 -0.00865 0.60163 -0.08789 0.03046 0.03240 -0.00965 0.00837 -0.08418 0.05762 0.06257 -0.02891 -0.03112 -0.03528 -0.01930 -0.02813 -0.02827 0.01134 0.02690 -0.02708
0.01077 0.04692 0.02915 -0.03475 -0.06912 -0.01552 -0.00818 -0.01071 -0.06562 -0.03898 -0.02451 0.03813 -0.00560 0.02179 0.00131 0.00181 -0.02233 -0.04350 0.04205 0.05983 -0.05150 0.02325 0.00714 -0.03733 -0.00516 0.00033 -0.00926 -0.00734 -0.01977 -0.02300 0.00216 0.01899 0.08789 0.36783 -0.01706 -0.05992 0.05045 -0.07248 0.02022 0.03994 -0.04763 0.08659 0.01770 0.05923 0.06138 0.03845 -0.07584 -0.00569 0.04754 0.05506
0.06271 0.00049 0.00240 -0.06754 0.01316 0.03541 0.03574 0.05242 -0.00203 0.06046 -0.03937 0.06968 -0.01932 -0.04122 -0.02238 -0.01802 -0.04140 0.02970 0.02896 0.04361 -0.03312 -0.04884 -0.01304 0.04626 -0.00528 0.00823 0.04662 0.06407 -0.04399 0.00299 -0.02244 0.04040 -0.03046 0.01706 0.85970 -0.00166 0.03250 -0.02599 0.03878 -0.04429 -0.05641 0.03929 0.00686 0.05107 0.03023 -0.03779 -0.02063 0.03192 -0.02969 0.02630
-0.02052 -0.05983 -0.06229 -0.03201 0.03197 -0.00152 0.04406 -0.02884 0.02779 -0.03318 -0.01578 -0.10778 -0.00802 0.01992 -0.08021 0.03078 0.01290 -0.00046 -0.01182 -0.05925 0.04567 0.00829 0.09554 0.03044 -0.01312 -0.00784 0.05414 -0.01653 0.00513 0.06150 -0.04429 -0.06366 -0.03240 0.05992 0.00166 0.40945 -0.04621 0.01277 0.09485 -0.01856 0.04416 -0.06030 0.00559 -0.07038 -0.04577 -0.02311 0.02086 -0.02476 0.01950 -0.02416
0.02409 -0.00273 0.05790 -0.03449 0.00970 0.02087 -0.00253 0.04502 -0.00274 -0.01510 0.01301 -0.04131 -0.03051 0.02725 0.01589 -0.00440 0.01430 -0.01519 -0.02487 -0.02923 -0.01442 -0.03481 0.03856 0.02895 -0.01438 0.04018 -0.00024 -0.01626 0.00568 0.02726 0.05578 0.02364 0.00965 -0.05045 -0.03250 0.04621 0.95797 0.00079 -0.01926 -0.07335 -0.00724 0.00004 -0.01280 0.00191 0.06637 0.04898 -0.00665 0.07249 0.02383 0.04971
-0.00722 0.03361 0.03689 0.03224 -0.03681 -0.03248 0.01134 0.04130 0.05959 -0.05101 -0.02083 -0.01631 0.06646 0.05912 0.05670 0.08972 0.01602 -0.12476 0.03375 -0.01306 -0.02060 0.05119 0.04121 -0.00362 -0.01066 0.07913 -0.06801 -0.02673 0.02743 -0.03662 0.02003 -0.02621 -0.00837 0.07248 0.02599 -0.01277 -0.00079 0.40515 0.00595 0.01861 -0.01290 -0.00139 -0.03905 0.00027 -0.03785 0.05247 -0.01423 0.00121 0.04314 0.04706
-0.01066 0.02043 0.05794 0.02434 -0.14961 -0.04721 -0.08163 -0.01381 -0.02633 -0.01423 -0.04577 0.00762 -0.03671 0.05349 -0.04676 -0.03093 -0.02111 -0.00353 0.05649 -0.05610 0.03754 0.03587 0.03691 -0.05483 0.08722 0.03876 0.03254 -0.02139 -0.00485 -0.02143 0.01947 -0.01077 0.08418 -0.02022 -0.03878 -0.09485 0.01926 -0.00595 0.24596 -0.03239 -0.04962 0.01977 0.01870 0.03880 0.01352 0.08192 0.01976 0.00950 0.15117 0.09308
-0.03617 -0.05750 -0.04258 0.01726 0.07867 0.01803 -0.00325 -0.07261 0.05446 -0.03187 -0.05737 -0.06102 0.02436 -0.01082 0.00845 0.06762 0.01532 -0.01635 0.01874 -0.02648 -0.03836 0.04032 -0.02268 0.01093 -0.05161 -0.03663 -0.03203 -0.03001 0.00123 0.07876 -0.05600 -0.00927 -0.05762 -0.03994 0.04429 0.01856 0.07335 -0.01861 0.03239 0.91007 -0.00561 -0.02187 -0.03828 -0.02270 0.01229 -0.06234 0.00155 -0.03979 0.08122 0.02148
0.07604 -0.04873 0.07233 -0.04331 -0.03899 0.03269 -0.02059 0.05687 -0.02429 0.03704 0.06591 0.01357 -0.04050 -0.02678 -0.03727 -0.02157 -0.02690 0.00914 -0.03650 0.03276 0.03042 -0.04321 -0.00655 0.03285 0.00303 0.05196 -0.01944 0.07246 -0.03594 -0.01784 0.06309 0.03724 -0.06257 0.04763 0.05641 -0.04416 0.00724 0.01290 0.04962 0.00561 1.00452 0.03191 0.05217 0.04398 0.01212 0.04201 -0.02637 0.06665 -0.01293 -0.03985
0.04811 0.07006 0.03421 -0.04602 -0.05564 -0.03688 0.00948 0.04629 -0.06124 0.07205 -0.01486 -0.00414 -0.06240 -0.07320 -0.00115 -0.02037 -0.01815 0.02002 0.00118 0.06909 0.00208 -0.04669 0.04307 0.03480 0.01525 0.00560 0.02188 -0.03444 0.00268 -0.00315 -0.00572 0.01401 0.02891 -0.08659 -0.03929 0.06030 -0.00004 0.00139 -0.01977 0.02187 -0.03191 0.69965 -0.01394 0.02274 -0.00816 -0.06266 -0.00810 0.00519 -0.02170 -0.03648
0.06479 0.02251 0.02191 -0.05308 -0.05124 -0.00291 -0.02681 0.03982 0.01085 0.06555 -0.04955 -0.01798 0.00962 -0.03034 -0.03603 -0.03403 0.01660 0.00205 -0.00350 0.02308 0.01698 -0.05389 -0.03624 -0.02755 0.04514 -0.00262 0.02555 0.02490 0.03151 -0.02099 0.03324 0.02263 0.03112 -0.01770 -0.00686 -0.00559 0.01280 0.03905 -0.01870 0.03828 -0.05217 0.01394 0.87259 0.06735 0.05185 -0.01724 0.04465 -0.08073 -0.03023 -0.07795
0.09140 0.04276 0.00877 0.07003 -0.02402 -0.00086 0.00778 0.02617 -0.01469 0.00607 -0.04016 -0.02278 0.01713 -0.07588 0.04404 -0.01100 0.01151 0.00422 0.03637 0.02084 -0.04291 -0.04002 -0.06730 0.05439 -0.02495 -0.01172 -0.05811 -0.02407 0.02910 0.01558 -0.01119 0.02859 0.03528 -0.05923 -0.05107 0.07038 -0.00191 -0.00027 -0.03880 0.02270 -0.04398 -0.02274 -0.06735 0.25582 0.01457 -0.04097 0.03521 -0.00970 -0.05506 -0.01710
0.08027 -0.02550 0.01332 0.02968 0.00522 0.03193 -0.02276 0.00664 -0.01609 -0.00610 -0.04098 -0.05464 -0.02233 -0.08478 0.01091 -0.06504 0.02607 0.01620 0.02713 -0.00138 -0.01442 -0.08248 -0.00683 0.08885 0.02208 -0.00397 0.02075 -0.01756 0.03234 0.02037 0.03908 0.05409 0.01930 -0.06138 -0.03023 0.04577 -0.06637 0.03785 -0.01352 -0.01229 -0.01212 0.00816 -0.05185 -0.01457 0.50808 -0.01183 0.04430 -0.06365 0.00515 -0.06300
-0.03056 0.03551 0.05048 -0.02137 -0.02086 -0.02241 0.06133 -0.03302 0.04466 0.09083 -0.02203 0.03512 0.01254 0.06840 0.04274 -0.01120 0.03173 0.00677 0.02208 0.04726 -0.06476 -0.04062 0.00477 -0.06592 0.01922 -0.03133 -0.02276 0.03022 0.03572 -0.00187 0.00564 0.04689 0.02813 -0.03845 0.03779 0.02311 -0.04898 -0.05247 -0.08192 0.06234 -0.04201 0.06266 0.01724 0.04097 0.01183 0.27977 0.01106 -0.06521 -0.06476 0.04635
-0.03119 0.00141 -0.04435 0.04746 0.05529 0.00950 0.00775 -0.04473 -0.02353 -0.02311 0.04591 -0.06390 0.05040 0.01163 -0.00569 -0.02858 0.01488 -0.01289 -0.04404 -0.01195 -0.00221 0.00227 -0.05699 -0.03746 -0.02739 -0.04424 -0.02080 0.02805 0.02523 0.01696 -0.00797 -0.01199 0.02827 0.07584 0.02063 -0.02086 0.00665 0.01423 -0.01976 -0.00155 0.02637 0.00810 -0.04465 -0.03521 -0.04430 -0.01106 0.76978 -0.02393 -0.12779 0.01510
0.01644 -0.01141 0.03770 0.01516 -0.00932 0.02187 -0.00114 0.04237 0.06271 -0.01980 -0.01956 0.00446 -0.00350 -0.01615 0.07372 0.00343 0.00267 -0.02661 0.06118 -0.03946 -0.05130 0.02702 0.00171 -0.00848 -0.00597 0.02762 -0.03761 0.02878 0.03065 -0.00491 0.01913 0.02407 -0.01134 0.00569 -0.03192 0.02476 -0.07249 -0.00121 -0.00950 0.03979 -0.06665 -0.00519 0.08073 0.00970 0.06365 0.06521 0.02393 0.82446 0.05289 0.00299
-0.02685 0.00126 0.06067 -0.03295 0.00567 0.05005 0.06465 -0.05866 0.05855 0.13421 -0.01430 0.11477 -0.03710 0.05177 0.02680 -0.06704 -0.02015 0.12871 0.01792 -0.02753 -0.05922 -0.03202 -0.01172 -0.12599 0.15144 -0.03467 0.11360 0.09630 -0.00999 0.08526 0.00767 0.07264 -0.02690 -0.04754 0.02969 -0.01950 -0.02383 -0.04314 -0.15117 -0.08122 0.01293 0.02170 0.03023 0.05506 -0.00515 0.06476 0.12779 -0.05289 0.17565 0.17563
-0.02249 0.00957 -0.05351 -0.00075 0.02480 -0.05833 0.05458 -0.04688 0.02169 -0.02840 -0.00152 -0.02799 -0.03777 0.00546 0.01211 -0.02588 0.00900 0.02205 -0.01901 0.05580 -0.02194 -0.04498 -0.04313 0.02106 -0.05835 -0.06400 -0.04406 -0.05439 0.00866 -0.00526 -0.02660 0.01013 0.02708 -0.05506 -0.02630 0.02416 -0.04971 -0.04706 -0.09308 -0.02148 0.03985 0.03648 0.07795 0.01710 0.06300 -0.04635 -0.01510 -0.00299 -0.17563 0.84075
