0.23177 0.03819 -0.00331 0.07487 0.03843 -0.03887 -0.00853 -0.02616 -0.00377 0.00016 -0.01309 -0.03475 -0.00457 0.01613 -0.01079 0.00629 0.01874 -0.01368 0.04693 -0.05399 0.02295 0.02271 0.00479 -0.05072 0.01947 0.02252 -0.01489 -0.04940 0.07675 0.04654 0.00878 -0.04389 0.00634 -0.01038 -0.06194 0.02016 -0.02301 0.00752 0.01049 0.03532 -0.07494 -0.04766 -0.06392 -0.09094 -0.07965 0.03117 0.03039 -0.01589 0.02647 0.02174
-0.03819 0.63663 -0.05134 0.03441 0.05605 0.03811 0.04092 0.00043 -0.02104 -0.03307 0.10622 -0.02959 0.07205 -0.02148 0.07056 0.08513 0.01141 0.01090 -0.02961 -0.05685 -0.07884 0.01786 0.01250 0.00926 -0.02546 -0.01609 -0.02868 -0.04434 0.01497 0.02824 0.00435 -0.00778 0.02726 -0.04666 -0.00090 0.06024 0.00224 -0.03365 -0.01986 0.05753 0.04863 -0.06989 -0.02270 -0.04317 0.02515 -0.03605 -0.00061 0.01120 -0.00043 -0.00911
0.00331 0.05134 0.14475 0.00546 0.02400 -0.05855 0.06330 -0.00967 0.07572 0.04095 -0.07021 -0.00539 0.05253 0.03878 0.05751 0.07651 0.05573 0.00526 0.05721 -0.03548 -0.03615 -0.02141 0.04147 -0.01980 -0.06735 0.00572 -0.00764 0.00520 0.08166 0.04802 0.01218 -0.01243 0.01628 -0.02994 -0.00286 0.06288 -0.05803 -0.03744 -0.05888 0.04290 -0.07254 -0.03473 -0.02219 -0.00932 -0.01354 -0.05090 0.04434 -0.03788 -0.06184 0.05355
-0.07487 -0.03441 -0.00546 0.66649 0.04031 -0.00183 -0.01225 -0.01498 0.01688 0.06033 0.06864 0.04075 -0.01635 0.04557 -0.02920 0.01558 -0.00333 -0.02137 -0.05619 0.03728 0.00582 0.07121 -0.01151 -0.08444 0.04789 -0.00715 -0.01854 0.00567 -0.03663 -0.01277 -0.01534 -0.01625 -0.03955 0.03460 0.06692 0.03254 0.03316 -0.03240 -0.02391 -0.01666 0.04228 0.04579 0.05232 -0.07096 -0.03086 0.02060 -0.04652 -0.01578 0.03351 0.00152
-0.03843 -0.05605 -0.02400 -0.04031 0.41946 -0.02083 -0.04537 -0.03368 0.01519 -0.01781 0.05096 -0.03464 -0.03592 0.00869 -0.05695 -0.04853 0.01162 -0.00537 -0.05929 0.03542 0.07180 -0.04064 0.01936 0.05056 -0.01810 -0.00937 0.05520 -0.01289 -0.02490 0.04405 0.04449 -0.00579 -0.01051 0.06852 -0.01437 -0.03123 -0.01111 0.03648 0.14979 -0.07782 0.03749 0.05506 0.05034 0.02318 -0.00593 0.02001 -0.05394 0.00849 -0.00530 -0.02393
0.03887 -0.03811 0.05855 0.00183 0.02083 0.64383 -0.07166 0.03489 0.02937 0.05662 -0.04077 -0.02541 -0.04863 0.01118 0.01539 -0.01008 -0.00196 -0.03937 0.02903 -0.02539 -0.00813 -0.08116 -0.00423 -0.02113 -0.00199 0.03954 -0.00430 -0.02696 0.01315 0.02498 0.00688 0.06202 0.08219 0.01542 -0.03514 0.00134 -0.02039 0.03258 0.04679 -0.01820 -0.03242 0.03686 0.00318 0.00118 -0.03155 0.02286 -0.01008 -0.02152 -0.05067 0.05789
0.00853 -0.04092 -0.06330 0.01225 0.04537 0.07166 0.43981 -0.03105 -0.07835 -0.09507 0.03698 -0.02036 0.03646 -0.06831 -0.05529 -0.00740 -0.01824 0.02994 0.00163 -0.04739 0.04266 -0.02799 -0.01748 0.04459 -0.11414 -0.02341 0.04978 0.01324 -0.01368 0.05016 0.00903 -0.00681 -0.00457 0.00888 -0.03544 -0.04424 0.00260 -0.01116 0.08225 0.00291 0.02103 -0.00898 0.02702 -0.00784 0.02278 -0.06142 -0.00749 0.00115 -0.06377 -0.05455
0.02616 -0.00043 0.00967 0.01498 0.03368 -0.03489 0.03105 0.60089 0.02995 0.03194 -0.03267 -0.01110 -0.00212 -0.00020 0.00498 0.05079 0.05164 -0.01154 0.04580 -0.04052 -0.00169 0.00959 0.05844 -0.03920 -0.00041 0.01728 -0.02231 -0.02957 0.05630 0.09297 0.00351 -0.02741 0.02800 0.00957 -0.05338 0.02941 -0.04583 -0.04194 0.01263 0.07346 -0.05779 -0.04705 -0.04062 -0.02673 -0.00710 0.03249 0.04505 -0.04308 0.05709 0.04728
0.00377 0.02104 -0.07572 -0.01688 -0.01519 -0.02937 0.07835 -0.02995 0.80227 -0.06295 0.02092 -0.00743 0.05505 0.02405 -0.03850 -0.03761 0.01635 -0.04331 -0.00607 0.01250 0.01244 0.01130 0.01354 0.01046 -0.02435 -0.03939 0.05208 0.01464 -0.00952 -0.01506 -0.00127 -0.04674 0.00561 0.06538 0.00098 -0.02696 0.00054 -0.05987 0.02714 -0.05378 0.02273 0.06097 -0.01182 0.01371 0.01499 -0.04636 0.02570 -0.06390 -0.05722 -0.02046
-0.00016 0.03307 -0.04095 -0.06033 0.01781 -0.05662 0.09507 -0.03194 0.06295 0.27797 -0.02813 -0.06798 0.08137 -0.02679 0.00532 0.04563 0.01206 0.05208 0.03058 -0.02784 0.01943 -0.14962 -0.00279 0.04679 -0.09142 -0.00476 0.00573 0.01258 0.03950 0.01408 0.00404 0.00243 0.01416 0.03875 -0.06025 0.03316 0.01565 0.05094 0.01367 0.03172 -0.03661 -0.07215 -0.06531 -0.00595 0.00638 -0.09054 0.02271 0.01988 -0.13474 0.02805
0.01309 -0.10622 0.07021 -0.06864 -0.05096 0.04077 -0.03698 0.03267 -0.02092 0.02813 0.96948 -0.04401 -0.02364 -0.01994 0.00006 -0.02837 -0.00708 0.04610 -0.02021 0.01331 0.09152 -0.03856 -0.08249 0.04024 0.04104 -0.00019 0.07114 0.04282 -0.00611 -0.01382 0.02384 0.04551 -0.02005 0.02305 0.03846 0.01645 -0.01397 0.02023 0.04434 0.05835 -0.06766 0.01347 0.04876 0.03959 0.04048 0.02164 -0.04575 0.01878 0.01253 0.00175
0.03475 0.02959 0.00539 -0.04075 0.03464 0.02541 0.02036 0.01110 0.00743 0.06798 0.04401 0.26275 0.00264 -0.05802 0.00660 -0.05913 -0.04149 0.05725 0.02260 0.00954 -0.03610 -0.07403 -0.08164 0.01383 -0.02352 -0.01318 0.00728 0.02029 0.00318 0.02845 0.01177 0.06408 0.00117 -0.03710 -0.06794 0.10654 0.04290 0.01694 -0.00744 0.05963 -0.01167 0.00535 0.01927 0.02417 0.05571 -0.03407 0.06269 -0.00375 -0.11473 0.02708
0.00457 -0.07205 -0.05253 0.01635 0.03592 0.04863 -0.03646 0.00212 -0.05505 -0.08137 0.02364 -0.00264 0.57585 -0.06083 0.00237 -0.00582 -0.03851 -0.01972 -0.01755 0.03141 -0.00310 0.02236 -0.06929 0.02091 -0.00933 -0.04984 -0.01783 0.00774 -0.02223 0.00747 -0.02439 0.02502 -0.00168 0.00740 0.02071 0.00682 0.03194 -0.06536 0.03820 -0.02609 0.04257 0.06397 -0.00769 -0.01602 0.02342 -0.01128 -0.05112 0.00435 0.03939 0.03685
-0.01613 0.02148 -0.03878 -0.04557 -0.00869 -0.01118 0.06831 0.00020 -0.02405 0.02679 0.01994 0.05802 0.06083 0.16703 -0.02646 -0.00358 -0.01908 0.04856 -0.01570 0.05472 -0.03387 -0.01766 0.00315 -0.01190 -0.01577 -0.07852 0.08015 0.01812 -0.00436 0.01249 -0.00038 0.01812 0.02332 -0.02052 0.04274 -0.02113 -0.02490 -0.05843 -0.05291 0.00944 0.02881 0.07416 0.03171 0.07691 0.08624 -0.06698 -0.01299 0.01748 -0.05103 -0.00681
0.01079 -0.07056 -0.05751 0.02920 0.05695 -0.01539 0.05529 -0.00498 0.03850 -0.00532 -0.00006 -0.00660 -0.00237 0.02646 0.68986 0.04223 0.03892 -0.03135 -0.01998 0.01786 -0.05008 -0.00661 0.02553 -0.01354 -0.03552 -0.01173 0.01301 -0.04017 0.01901 0.08430 -0.01748 -0.03415 0.03835 -0.00150 0.02164 0.08076 -0.01646 -0.05687 0.04728 -0.00809 0.03693 0.00104 0.03566 -0.04446 -0.01125 -0.04324 0.00653 -0.07402 -0.02642 -0.01156
-0.00629 -0.08513 -0.07651 -0.01558 0.04853 0.01008 0.00740 -0.05079 0.03761 -0.04563 0.02837 0.05913 0.00582 0.00358 -0.04223 0.31877 -0.00791 -0.00751 -0.02180 -0.04960 -0.00130 0.04991 -0.05810 -0.02926 0.00361 -0.02563 0.06415 0.04452 -0.00709 0.08783 0.00036 0.01442 -0.00595 -0.00075 0.01845 -0.03117 0.00462 -0.08955 0.03167 -0.06812 0.02220 0.02122 0.03441 0.01105 0.06527 0.01124 0.02855 -0.00326 0.06794 0.02581
-0.01874 -0.01141 -0.05573 0.00333 -0.01162 0.00196 0.01824 -0.05164 -0.01635 -0.01206 0.00708 0.04149 0.03851 0.01908 -0.03892 0.00791 1.02638 -0.00376 -0.00942 0.03343 -0.02497 -0.00776 -0.01040 -0.01231 0.00391 -0.01188 -0.02457 -0.03738 -0.00557 0.03298 -0.01440 -0.02443 -0.02305 0.02030 0.03911 -0.01108 -0.01800 -0.01721 0.01978 -0.01267 0.02284 0.01616 -0.01974 -0.01385 -0.02860 -0.03434 -0.01250 -0.00527 0.01859 -0.00749
0.01368 -0.01090 -0.00526 0.02137 0.00537 0.03937 -0.02994 0.01154 0.04331 -0.05208 -0.04610 -0.05725 0.01972 -0.04856 0.03135 0.00751 0.00376 0.72491 0.00343 -0.01388 -0.02091 -0.05388 -0.01725 0.02162 -0.05901 0.02904 -0.01420 -0.00092 0.02103 -0.00448 0.01030 0.04539 0.05538 0.04348 -0.02936 0.00022 0.01612 0.12480 0.00300 0.01605 -0.00850 -0.02000 -0.00160 -0.00381 -0.01558 -0.00615 0.01219 0.02699 -0.12944 -0.02264
-0.04693 0.02961 -0.05721 0.05619 0.05929 -0.02903 -0.00163 -0.04580 0.00607 -0.03058 0.02021 -0.02260 0.01755 0.01570 0.01998 0.02180 0.00942 -0.00343 1.02735 -0.04014 -0.03876 0.06610 0.02942 -0.04538 -0.02403 -0.05295 -0.01376 -0.03612 -0.01193 -0.00220 -0.06811 -0.05975 0.03738 -0.04304 -0.02953 0.01215 0.02453 -0.03426 -0.05768 -0.01795 0.03569 -0.00212 0.00281 -0.03674 -0.02736 -0.02212 0.04387 -0.06169 -0.01952 0.01906
0.05399 0.05685 0.03548 -0.03728 -0.03542 0.02539 0.04739 0.04052 -0.01250 0.02784 -0.01331 -0.00954 -0.03141 -0.05472 -0.01786 0.04960 -0.03343 0.01388 0.04014 0.53371 -0.01016 0.00696 0.07858 0.07423 -0.03150 0.01600 0.00121 -0.02661 -0.03483 0.01236 -0.04847 -0.00247 -0.02404 -0.06074 -0.04436 0.05963 0.02896 0.01279 0.05512 0.02702 -0.03368 -0.06986 -0.02337 -0.02099 0.00108 -0.04732 0.01208 0.03935 0.02605 -0.05561
-0.02295 0.07884 0.03615 -0.00582 -0.07180 0.00813 -0.04266 0.00169 -0.01244 -0.01943 -0.09152 0.03610 0.00310 0.03387 0.05008 0.00130 0.02497 0.02091 0.03876 0.01016 0.66199 0.06030 -0.01859 -0.00751 0.00292 0.02621 -0.04736 0.04045 -0.02012 -0.08046 0.01759 -0.00375 -0.05431 0.04905 0.03130 -0.04412 0.01302 0.01954 -0.03970 0.04009 -0.03283 -0.00359 -0.01832 0.04204 0.01355 0.06395 0.00311 0.05042 0.05766 0.02287
-0.02271 -0.01786 0.02141 -0.07121 0.04064 0.08116 0.02799 -0.00959 -0.01130 0.14962 0.03856 0.07403 -0.02236 0.01766 0.00661 -0.04991 0.00776 0.05388 -0.06610 -0.00696 -0.06030 0.23116 -0.03361 -0.03720 0.08938 -0.05732 0.05857 0.06761 -0.03787 0.05233 0.03483 0.07181 -0.02878 -0.02360 0.04786 -0.00781 0.03304 -0.05135 -0.03521 -0.03953 0.04160 0.04645 0.05291 0.03936 0.08156 0.03956 -0.00090 -0.02798 0.03296 0.04612
-0.00479 -0.01250 -0.04147 0.01151 -0.01936 0.00423 0.01748 -0.05844 -0.01354 0.00279 0.08249 0.08164 0.06929 -0.00315 -0.02553 0.05810 0.01040 0.01725 -0.02942 -0.07858 0.01859 0.03361 0.46002 -0.08357 0.03421 -0.04032 0.00569 0.04388 0.01656 0.03498 -0.00315 0.00408 0.03957 -0.00667 0.01327 -0.09565 -0.03836 -0.04105 -0.03655 0.02242 0.00703 -0.04267 0.03650 0.06730 0.00706 -0.00468 0.05701 -0.00154 0.01217 0.04306
0.05072 -0.00926 0.01980 0.08444 -0.05056 0.02113 -0.04459 0.03920 -0.01046 -0.04679 -0.04024 -0.01383 -0.02091 0.01190 0.01354 0.02926 0.01231 -0.02162 0.04538 -0.07423 0.00751 0.03720 0.08357 0.07846 0.00016 0.06482 0.01041 -0.05216 0.00007 0.01423 -0.00950 -0.02877 0.03334 0.03616 -0.04692 -0.02998 -0.02938 0.00326 0.05362 -0.01033 -0.03366 -0.03538 0.02713 -0.05466 -0.08933 0.06567 0.03756 0.00830 0.12513 -0.02082
-0.01947 0.02546 0.06735 -0.04789 0.01810 0.00199 0.11414 0.00041 0.02435 0.09142 -0.04104 0.02352 0.00933 0.01577 0.03552 -0.00361 -0.00391 0.05901 0.02403 0.03150 -0.00292 -0.08938 -0.03421 -0.00016 0.12840 -0.02446 -0.02536 0.02895 -0.00688 0.02148 -0.02105 0.07048 -0.00891 0.00432 0.00485 0.01345 0.01417 0.01058 -0.08778 0.05204 -0.00357 -0.01589 -0.04541 0.02504 -0.02223 -0.01918 0.02740 0.00584 -0.15217 0.05842
-0.02252 0.01609 -0.00572 0.00715 0.00937 -0.03954 0.02341 -0.01728 0.03939 0.00476 0.00019 0.01318 0.04984 0.07852 0.01173 0.02563 0.01188 -0.02904 0.05295 -0.01600 -0.02621 0.05732 0.04032 -0.06482 0.02446 0.13697 -0.01358 0.01136 0.03557 0.02024 -0.00473 0.00428 0.00344 -0.00054 -0.00809 0.00784 -0.03981 -0.07923 -0.03935 0.03655 -0.05167 -0.00569 0.00282 0.01179 0.00412 0.03152 0.04377 -0.02739 0.03379 0.06369
0.01489 0.02868 0.00764 0.01854 -0.05520 0.00430 -0.04978 0.02231 -0.05208 -0.00573 -0.07114 -0.00728 0.01783 -0.08015 -0.01301 -0.06415 0.02457 0.01420 0.01376 -0.00121 0.04736 -0.05857 -0.00569 -0.01041 0.02536 0.01358 0.62215 0.02949 -0.02577 -0.03109 0.00345 0.00671 0.09509 0.00644 -0.04914 -0.05190 -0.00220 0.06682 -0.03389 0.03439 0.01616 -0.02404 -0.02782 0.05648 -0.02242 0.02090 0.02244 0.03638 -0.11527 0.04570
0.04940 0.04434 -0.00520 -0.00567 0.01289 0.02696 -0.01324 0.02957 -0.01464 -0.01258 -0.04282 -0.02029 -0.00774 -0.01812 0.04017 -0.04452 0.03738 0.00092 0.03612 0.02661 -0.04045 -0.06761 -0.04388 0.05216 -0.02895 -0.01136 -0.02949 0.61068 0.02268 -0.02812 0.03901 0.01904 0.06117 0.00582 -0.06531 0.01725 0.01502 0.02604 0.02018 0.03136 -0.07427 0.03314 -0.02628 0.02316 0.01667 -0.03075 -0.02760 -0.02951 -0.09762 0.05489
-0.07675 -0.01497 -0.08166 0.03663 0.02490 -0.01315 0.01368 -0.05630 0.00952 -0.03950 0.00611 -0.00318 0.02223 0.00436 -0.01901 0.00709 0.00557 -0.02103 0.01193 0.03483 0.02012 0.03787 -0.01656 -0.00007 0.00688 -0.03557 0.02577 -0.02268 1.03507 0.02548 -0.03363 -0.02027 -0.02715 0.01998 0.04486 -0.00594 -0.00343 -0.02732 0.00419 -0.00185 0.03715 -0.00251 -0.03040 -0.02823 -0.03121 -0.03426 -0.02673 -0.02965 0.00899 -0.00961
-0.04654 -0.02824 -0.04802 0.01277 -0.04405 -0.02498 -0.05016 -0.09297 0.01506 -0.01408 0.01382 -0.02845 -0.00747 -0.01249 -0.08430 -0.08783 -0.03298 0.00448 0.00220 -0.01236 0.08046 -0.05233 -0.03498 -0.01423 -0.02148 -0.02024 0.03109 0.02812 -0.02548 0.53309 -0.04026 0.01477 -0.01391 0.02403 -0.00257 -0.06179 -0.02702 0.03703 0.02265 -0.07926 0.01856 0.00369 0.02133 -0.01540 -0.02022 0.00192 -0.01679 0.00508 -0.08413 0.00523
-0.00878 -0.00435 -0.01218 0.01534 -0.04449 -0.00688 -0.00903 -0.00351 0.00127 -0.00404 -0.02384 -0.01177 0.02439 0.00038 0.01748 -0.00036 0.01440 -0.01030 0.06811 0.04847 -0.01759 -0.03483 0.00315 0.00950 0.02105 0.00473 -0.00345 -0.03901 0.03363 0.04026 1.02162 -0.01045 -0.00500 -0.00114 0.02283 0.04418 -0.05565 -0.01961 -0.01830 0.05527 -0.06160 0.00666 -0.03280 0.01141 -0.03893 -0.00566 0.00848 -0.01892 -0.00607 0.02677
0.04389 0.00778 0.01243 0.01625 0.00579 -0.06202 0.00681 0.02741 0.04674 -0.00243 -0.04551 -0.06408 -0.02502 -0.01812 0.03415 -0.01442 0.02443 -0.04539 0.05975 0.00247 0.00375 -0.07181 -0.00408 0.02877 -0.07048 -0.00428 -0.00671 -0.01904 0.02027 -0.01477 0.01045 0.31156 0.00943 -0.02039 -0.04182 0.06469 -0.02505 0.02532 0.00970 0.01057 -0.03907 -0.01551 -0.02389 -0.02999 -0.05550 -0.04782 0.01293 -0.02497 -0.07372 -0.00928
-0.00634 -0.02726 -0.01628 0.03955 0.01051 -0.08219 0.00457 -0.02800 -0.00561 -0.01416 0.02005 -0.00117 0.00168 -0.02332 -0.03835 0.00595 0.02305 -0.05538 -0.03738 0.02404 0.05431 0.02878 -0.03957 -0.03334 0.00891 -0.00344 -0.09509 -0.06117 0.02715 0.01391 0.00500 -0.00943 0.60219 -0.08718 0.03067 0.03235 -0.00965 0.00857 -0.08337 0.05729 0.06316 -0.02848 -0.03103 -0.03527 -0.01923 -0.02822 -0.02810 0.01133 0.02761 -0.02696
0.01038 0.04666 0.02994 -0.03460 -0.06852 -0.01542 -0.00888 -0.00957 -0.06538 -0.03875 -0.02305 0.03710 -0.00740 0.02052 0.00150 0.00075 -0.02030 -0.04348 0.04304 0.06074 -0.04905 0.02360 0.00667 -0.03616 -0.00432 0.00054 -0.00644 -0.00582 -0.01998 -0.02403 0.00114 0.02039 0.08718 0.36744 -0.01631 -0.06059 0.05142 -0.07226 0.01948 0.03966 -0.04717 0.08660 0.01821 0.05976 0.06193 0.03936 -0.07690 -0.00516 0.04643 0.05430
0.06194 0.00090 0.00286 -0.06692 0.01437 0.03514 0.03544 0.05338 -0.00098 0.06025 -0.03846 0.06794 -0.02071 -0.04274 -0.02164 -0.01845 -0.03911 0.02936 0.02953 0.04436 -0.03130 -0.04786 -0.01327 0.04692 -0.00485 0.00809 0.04914 0.06531 -0.04486 0.00257 -0.02283 0.04182 -0.03067 0.01631 0.86067 -0.00172 0.03285 -0.02619 0.03787 -0.04405 -0.05684 0.03872 0.00692 0.05130 0.03053 -0.03723 -0.02150 0.03224 -0.03100 0.02591
-0.02016 -0.06024 -0.06288 -0.03254 0.03123 -0.00134 0.04424 -0.02941 0.02696 -0.03316 -0.01645 -0.10654 -0.00682 0.02113 -0.08076 0.03117 0.01108 -0.00022 -0.01215 -0.05963 0.04412 0.00781 0.09565 0.02998 -0.01345 -0.00784 0.05190 -0.01725 0.00594 0.06179 -0.04418 -0.06469 -0.03235 0.06059 0.00172 0.41026 -0.04640 0.01281 0.09582 -0.01888 0.04459 -0.05981 0.00561 -0.07062 -0.04585 -0.02352 0.02133 -0.02485 0.02053 -0.02398
0.02301 -0.00224 0.05803 -0.03316 0.01111 0.02039 -0.00260 0.04583 -0.00054 -0.01565 0.01397 -0.04290 -0.03194 0.02490 0.01646 -0.00462 0.01800 -0.01612 -0.02453 -0.02896 -0.01302 -0.03304 0.03836 0.02938 -0.01417 0.03981 0.00220 -0.01502 0.00343 0.02702 0.05565 0.02505 0.00965 -0.05142 -0.03285 0.04640 0.95931 0.00042 -0.02046 -0.07285 -0.00807 -0.00071 -0.01310 0.00182 0.06642 0.04923 -0.00709 0.07240 0.02237 0.04959
-0.00752 0.03365 0.03744 0.03240 -0.03648 -0.03258 0.01116 0.04194 0.05987 -0.05094 -0.02023 -0.01694 0.06536 0.05843 0.05687 0.08955 0.01721 -0.12480 0.03426 -0.01279 -0.01954 0.05135 0.04105 -0.00326 -0.01058 0.07923 -0.06682 -0.02604 0.02732 -0.03703 0.01961 -0.02532 -0.00857 0.07226 0.02619 -0.01281 -0.00042 0.40531 0.00542 0.01849 -0.01261 -0.00146 -0.03889 0.00042 -0.03764 0.05276 -0.01471 0.00137 0.04258 0.04666
-0.01049 0.01986 0.05888 0.02391 -0.14979 -0.04679 -0.08225 -0.01263 -0.02714 -0.01367 -0.04434 0.00744 -0.03820 0.05291 -0.04728 -0.03167 -0.01978 -0.00300 0.05768 -0.05512 0.03970 0.03521 0.03655 -0.05362 0.08778 0.03935 0.03389 -0.02018 -0.00419 -0.02265 0.01830 -0.00970 0.08337 -0.01948 -0.03787 -0.09582 0.02046 -0.00542 0.24573 -0.03317 -0.04850 0.02035 0.01944 0.03972 0.01428 0.08261 0.01845 0.01011 0.15099 0.09211
-0.03532 -0.05753 -0.04290 0.01666 0.07782 0.01820 -0.00291 -0.07346 0.05378 -0.03172 -0.05835 -0.05963 0.02609 -0.00944 0.00809 0.06812 0.01267 -0.01605 0.01795 -0.02702 -0.04009 0.03953 -0.02242 0.01033 -0.05204 -0.03655 -0.03439 -0.03136 0.00185 0.07926 -0.05527 -0.01057 -0.05729 -0.03966 0.04405 0.01888 0.07285 -0.01849 0.03317 0.91065 -0.00573 -0.02154 -0.03853 -0.02298 0.01185 -0.06294 0.00221 -0.04000 0.08243 0.02199
0.07494 -0.04863 0.07254 -0.04228 -0.03749 0.03242 -0.02103 0.05779 -0.02273 0.03661 0.06766 0.01167 -0.04257 -0.02881 -0.03693 -0.02220 -0.02284 0.00850 -0.03569 0.03368 0.03283 -0.04160 -0.00703 0.03366 0.00357 0.05167 -0.01616 0.07427 -0.03715 -0.01856 0.06160 0.03907 -0.06316 0.04717 0.05684 -0.04459 0.00807 0.01261 0.04850 0.00573 1.00487 0.03144 0.05231 0.04421 0.01249 0.04268 -0.02794 0.06696 -0.01471 -0.04052
0.04766 0.06989 0.03473 -0.04579 -0.05506 -0.03686 0.00898 0.04705 -0.06097 0.07215 -0.01347 -0.00535 -0.06397 -0.07416 -0.00104 -0.02122 -0.01616 0.02000 0.00212 0.06986 0.00359 -0.04645 0.04267 0.03538 0.01589 0.00569 0.02404 -0.03314 0.00251 -0.00369 -0.00666 0.01551 0.02848 -0.08660 -0.03872 0.05981 0.00071 0.00146 -0.02035 0.02154 -0.03144 0.69971 -0.01342 0.02328 -0.00760 -0.06187 -0.00911 0.00553 -0.02234 -0.03710
0.06392 0.02270 0.02219 -0.05232 -0.05034 -0.00318 -0.02702 0.04062 0.01182 0.06531 -0.04876 -0.01927 0.00769 -0.03171 -0.03566 -0.03441 0.01974 0.00160 -0.00281 0.02337 0.01832 -0.05291 -0.03650 -0.02713 0.04541 -0.00282 0.02782 0.02628 0.03040 -0.02133 0.03280 0.02389 0.03103 -0.01821 -0.00692 -0.00561 0.01310 0.03889 -0.01944 0.03853 -0.05231 0.01342 0.87340 0.06746 0.05211 -0.01679 0.04419 -0.08066 -0.03129 -0.07823
0.09094 0.04317 0.00932 0.07096 -0.02318 -0.00118 0.00784 0.02673 -0.01371 0.00595 -0.03959 -0.02417 0.01602 -0.07691 0.04446 -0.01105 0.01385 0.00381 0.03674 0.02099 -0.04204 -0.03936 -0.06730 0.05466 -0.02504 -0.01179 -0.05648 -0.02316 0.02823 0.01540 -0.01141 0.02999 0.03527 -0.05976 -0.05130 0.07062 -0.00182 -0.00042 -0.03972 0.02298 -0.04421 -0.02328 -0.06746 0.25653 0.01454 -0.04087 0.03491 -0.00968 -0.05581 -0.01720
0.07965 -0.02515 0.01354 0.03086 0.00593 0.03155 -0.02278 0.00710 -0.01499 -0.00638 -0.04048 -0.05571 -0.02342 -0.08624 0.01125 -0.06527 0.02860 0.01558 0.02736 -0.00108 -0.01355 -0.08156 -0.00706 0.08933 0.02223 -0.00412 0.02242 -0.01667 0.03121 0.02022 0.03893 0.05550 0.01923 -0.06193 -0.03053 0.04585 -0.06642 0.03764 -0.01428 -0.01185 -0.01249 0.00760 -0.05211 -0.01454 0.50873 -0.01171 0.04404 -0.06371 0.00442 -0.06309
-0.03117 0.03605 0.05090 -0.02060 -0.02001 -0.02286 0.06142 -0.03249 0.04636 0.09054 -0.02164 0.03407 0.01128 0.06698 0.04324 -0.01124 0.03434 0.00615 0.02212 0.04732 -0.06395 -0.03956 0.00468 -0.06567 0.01918 -0.03152 -0.02090 0.03075 0.03426 -0.00192 0.00566 0.04782 0.02822 -0.03936 0.03723 0.02352 -0.04923 -0.05276 -0.08261 0.06294 -0.04268 0.06187 0.01679 0.04087 0.01171 0.28051 0.01097 -0.06534 -0.06616 0.04640
-0.03039 0.00061 -0.04434 0.04652 0.05394 0.01008 0.00749 -0.04505 -0.02570 -0.02271 0.04575 -0.06269 0.05112 0.01299 -0.00653 -0.02855 0.01250 -0.01219 -0.04387 -0.01208 -0.00311 0.00090 -0.05701 -0.03756 -0.02740 -0.04377 -0.02244 0.02760 0.02673 0.01679 -0.00848 -0.01293 0.02810 0.07690 0.02150 -0.02133 0.00709 0.01471 -0.01845 -0.00221 0.02794 0.00911 -0.04419 -0.03491 -0.04404 -0.01097 0.77162 -0.02371 -0.12637 0.01491
0.01589 -0.01120 0.03788 0.01578 -0.00849 0.02152 -0.00115 0.04308 0.06390 -0.01988 -0.01878 0.00375 -0.00435 -0.01748 0.07402 0.00326 0.00527 -0.02699 0.06169 -0.03935 -0.05042 0.02798 0.00154 -0.00830 -0.00584 0.02739 -0.03638 0.02951 0.02965 -0.00508 0.01892 0.02497 -0.01133 0.00516 -0.03224 0.02485 -0.07240 -0.00137 -0.01011 0.04000 -0.06696 -0.00553 0.08066 0.00968 0.06371 0.06534 0.02371 0.82577 0.05203 0.00286
-0.02647 0.00043 0.06184 -0.03351 0.00530 0.05067 0.06377 -0.05709 0.05722 0.13474 -0.01253 0.11473 -0.03939 0.05103 0.02642 -0.06794 -0.01859 0.12944 0.01952 -0.02605 -0.05766 -0.03296 -0.01217 -0.12513 0.15217 -0.03379 0.11527 0.09762 -0.00899 0.08413 0.00607 0.07372 -0.02761 -0.04643 0.03100 -0.02053 -0.02237 -0.04258 -0.15099 -0.08243 0.01471 0.02234 0.03129 0.05581 -0.00442 0.06616 0.12637 -0.05203 0.17512 0.17479
-0.02174 0.00911 -0.05355 -0.00152 0.02393 -0.05789 0.05455 -0.04728 0.02046 -0.02805 -0.00175 -0.02708 -0.03685 0.00681 0.01156 -0.02581 0.00749 0.02264 -0.01906 0.05561 -0.02287 -0.04612 -0.04306 0.02082 -0.05842 -0.06369 -0.04570 -0.05489 0.00961 -0.00523 -0.02677 0.00928 0.02696 -0.05430 -0.02591 0.02398 -0.04959 -0.04666 -0.09211 -0.02199 0.04052 0.03710 0.07823 0.01720 0.06309 -0.04640 -0.01491 -0.00286 -0.17479 0.84153
