0.23153 0.03854 -0.00379 0.07503 0.03832 -0.03860 -0.00876 -0.02640 -0.00293 -0.00016 -0.01324 -0.03419 -0.00471 0.01429 -0.01108 0.00597 0.02042 -0.01403 0.04650 -0.05367 0.02290 0.02402 0.00429 -0.05032 0.02006 0.02241 -0.01423 -0.04949 0.07537 0.04663 0.00898 -0.04360 0.00613 -0.01069 -0.06234 0.01988 -0.02334 0.00746 0.01107 0.03586 -0.07551 -0.04787 -0.06432 -0.09088 -0.07962 0.03108 0.03007 -0.01550 0.02711 0.02193
-0.03854 0.63652 -0.05103 0.03473 0.05639 0.03792 0.04067 0.00061 -0.02087 -0.03304 0.10665 -0.03010 0.07150 -0.02189 0.07088 0.08485 0.01195 0.01087 -0.02936 -0.05650 -0.07826 0.01793 0.01245 0.00944 -0.02512 -0.01624 -0.02813 -0.04390 0.01480 0.02804 0.00411 -0.00723 0.02725 -0.04677 -0.00049 0.06002 0.00249 -0.03367 -0.02035 0.05742 0.04859 -0.06993 -0.02258 -0.04286 0.02522 -0.03568 -0.00066 0.01111 -0.00098 -0.00926
0.00379 0.05103 0.14364 0.00504 0.02330 -0.05802 0.06253 -0.00964 0.07537 0.04125 -0.07018 -0.00453 0.05217 0.03808 0.05711 0.07571 0.05521 0.00551 0.05726 -0.03485 -0.03594 -0.02158 0.04091 -0.01910 -0.06625 0.00621 -0.00738 0.00536 0.08162 0.04762 0.01213 -0.01223 0.01596 -0.02934 -0.00247 0.06207 -0.05778 -0.03685 -0.05803 0.04290 -0.07247 -0.03444 -0.02205 -0.00858 -0.01305 -0.05008 0.04390 -0.03750 -0.06078 0.05336
-0.07503 -0.03473 -0.00504 0.66519 0.04062 -0.00208 -0.01224 -0.01477 0.01629 0.06086 0.06906 0.04025 -0.01668 0.04633 -0.02896 0.01549 -0.00415 -0.02107 -0.05570 0.03722 0.00609 0.07013 -0.01116 -0.08458 0.04767 -0.00719 -0.01887 0.00651 -0.03548 -0.01295 -0.01578 -0.01616 -0.03951 0.03486 0.06729 0.03254 0.03366 -0.03239 -0.02439 -0.01719 0.04278 0.04602 0.05275 -0.07070 -0.03069 0.02095 -0.04623 -0.01598 0.03303 0.00134
-0.03832 -0.05639 -0.02330 -0.04062 0.41862 -0.02098 -0.04512 -0.03331 0.01402 -0.01737 0.05117 -0.03514 -0.03602 0.01006 -0.05664 -0.04825 0.00963 -0.00500 -0.05889 0.03518 0.07194 -0.04229 0.02011 0.05038 -0.01877 -0.00909 0.05444 -0.01261 -0.02344 0.04387 0.04426 -0.00587 -0.01038 0.06904 -0.01371 -0.03098 -0.01061 0.03657 0.14929 -0.07839 0.03816 0.05536 0.05082 0.02335 -0.00588 0.02028 -0.05359 0.00841 -0.00582 -0.02418
0.03860 -0.03792 0.05802 0.00208 0.02098 0.64236 -0.07169 0.03463 0.02984 0.05616 -0.04099 -0.02545 -0.04845 0.01057 0.01530 -0.00998 -0.00153 -0.03970 0.02881 -0.02539 -0.00805 -0.08007 -0.00458 -0.02103 -0.00187 0.03934 -0.00391 -0.02717 0.01253 0.02508 0.00706 0.06187 0.08212 0.01521 -0.03542 0.00135 -0.02063 0.03244 0.04700 -0.01781 -0.03262 0.03660 0.00288 0.00091 -0.03160 0.02262 -0.01031 -0.02161 -0.05034 0.05797
0.00876 -0.04067 -0.06253 0.01224 0.04512 0.07169 0.43898 -0.03077 -0.07813 -0.09481 0.03727 -0.02048 0.03588 -0.06876 -0.05527 -0.00764 -0.01727 0.03004 0.00169 -0.04714 0.04278 -0.02823 -0.01752 0.04474 -0.11412 -0.02310 0.05022 0.01347 -0.01383 0.04994 0.00886 -0.00623 -0.00463 0.00858 -0.03543 -0.04424 0.00268 -0.01106 0.08199 0.00276 0.02097 -0.00892 0.02708 -0.00756 0.02276 -0.06128 -0.00764 0.00125 -0.06426 -0.05459
0.02640 -0.00061 0.00964 0.01477 0.03331 -0.03463 0.03077 0.59976 0.02937 0.03193 -0.03282 -0.01092 -0.00184 0.00043 0.00494 0.05081 0.04955 -0.01132 0.04585 -0.04043 -0.00182 0.00903 0.05853 -0.03896 -0.00018 0.01769 -0.02276 -0.02978 0.05685 0.09291 0.00363 -0.02766 0.02801 0.01010 -0.05293 0.02922 -0.04557 -0.04162 0.01305 0.07338 -0.05766 -0.04701 -0.04046 -0.02654 -0.00689 0.03281 0.04492 -0.04286 0.05810 0.04709
0.00293 0.02087 -0.07537 -0.01629 -0.01402 -0.02984 0.07813 -0.02937 0.80184 -0.06307 0.02177 -0.00882 0.05388 0.02429 -0.03787 -0.03774 0.01649 -0.04342 -0.00557 0.01259 0.01356 0.01100 0.01390 0.01064 -0.02448 -0.03963 0.05298 0.01543 -0.00947 -0.01541 -0.00172 -0.04602 0.00568 0.06543 0.00143 -0.02691 0.00118 -0.06000 0.02583 -0.05397 0.02287 0.06076 -0.01157 0.01387 0.01519 -0.04557 0.02580 -0.06421 -0.05873 -0.02080
0.00016 0.03304 -0.04125 -0.06086 0.01737 -0.05616 0.09481 -0.03193 0.06307 0.27768 -0.02826 -0.06713 0.08148 -0.02752 0.00496 0.04525 0.01269 0.05219 0.03045 -0.02758 0.01932 -0.14915 -0.00327 0.04707 -0.09085 -0.00461 0.00603 0.01248 0.03904 0.01406 0.00414 0.00257 0.01401 0.03891 -0.06036 0.03284 0.01552 0.05113 0.01430 0.03189 -0.03683 -0.07208 -0.06538 -0.00569 0.00668 -0.09053 0.02240 0.02025 -0.13422 0.02807
0.01324 -0.10665 0.07018 -0.06906 -0.05117 0.04099 -0.03727 0.03282 -0.02177 0.02826 0.96730 -0.04390 -0.02355 -0.01966 -0.00010 -0.02848 -0.00767 0.04624 -0.01979 0.01334 0.09186 -0.03904 -0.08265 0.04066 0.04119 0.00015 0.07095 0.04296 -0.00575 -0.01408 0.02360 0.04541 -0.02024 0.02356 0.03858 0.01624 -0.01365 0.02053 0.04487 0.05837 -0.06712 0.01367 0.04893 0.03971 0.04092 0.02194 -0.04611 0.01915 0.01324 0.00159
0.03419 0.03010 0.00453 -0.04025 0.03514 0.02545 0.02048 0.01092 0.00882 0.06713 0.04390 0.26183 0.00261 -0.06001 0.00637 -0.05906 -0.03854 0.05667 0.02218 0.00964 -0.03594 -0.07228 -0.08241 0.01379 -0.02332 -0.01363 0.00907 0.02026 0.00137 0.02878 0.01193 0.06443 0.00100 -0.03795 -0.06902 0.10672 0.04226 0.01651 -0.00729 0.06045 -0.01252 0.00470 0.01858 0.02343 0.05558 -0.03467 0.06209 -0.00358 -0.11467 0.02732
0.00471 -0.07150 -0.05217 0.01668 0.03602 0.04845 -0.03588 0.00184 -0.05388 -0.08148 0.02355 -0.00261 0.57453 -0.06169 0.00236 -0.00566 -0.03633 -0.02012 -0.01809 0.03132 -0.00367 0.02324 -0.06926 0.02057 -0.00961 -0.05022 -0.01755 0.00747 -0.02318 0.00783 -0.02419 0.02534 -0.00158 0.00648 0.02015 0.00723 0.03144 -0.06583 0.03773 -0.02585 0.04187 0.06375 -0.00815 -0.01630 0.02281 -0.01201 -0.05088 0.00425 0.03829 0.03732
-0.01429 0.02189 -0.03808 -0.04633 -0.01006 -0.01057 0.06876 -0.00043 -0.02429 0.02752 0.01966 0.06001 0.06169 0.16900 -0.02744 -0.00357 -0.01878 0.04917 -0.01620 0.05484 -0.03544 -0.01844 0.00295 -0.01235 -0.01582 -0.07806 0.07883 0.01728 -0.00419 0.01276 -0.00026 0.01778 0.02322 -0.02077 0.04251 -0.02116 -0.02537 -0.05822 -0.05217 0.00913 0.02869 0.07469 0.03170 0.07714 0.08566 -0.06769 -0.01287 0.01774 -0.05065 -0.00640
0.01108 -0.07088 -0.05711 0.02896 0.05664 -0.01530 0.05527 -0.00494 0.03787 -0.00496 0.00010 -0.00637 -0.00236 0.02744 0.68896 0.04218 0.03792 -0.03098 -0.01987 0.01793 -0.05060 -0.00774 0.02596 -0.01377 -0.03561 -0.01159 0.01195 -0.04021 0.01962 0.08425 -0.01749 -0.03426 0.03846 -0.00094 0.02237 0.08059 -0.01619 -0.05671 0.04703 -0.00863 0.03707 0.00139 0.03601 -0.04416 -0.01130 -0.04302 0.00687 -0.07401 -0.02649 -0.01172
-0.00597 -0.08485 -0.07571 -0.01549 0.04825 0.00998 0.00764 -0.05081 0.03774 -0.04525 0.02848 0.05906 0.00566 0.00357 -0.04218 0.31833 -0.00777 -0.00748 -0.02194 -0.04954 -0.00174 0.04938 -0.05771 -0.02927 0.00330 -0.02541 0.06383 0.04441 -0.00710 0.08781 0.00039 0.01470 -0.00585 -0.00123 0.01845 -0.03098 0.00456 -0.08951 0.03132 -0.06822 0.02202 0.02123 0.03441 0.01129 0.06497 0.01123 0.02884 -0.00334 0.06742 0.02591
-0.02042 -0.01195 -0.05521 0.00415 -0.00963 0.00153 0.01727 -0.04955 -0.01649 -0.01269 0.00767 0.03854 0.03633 0.01878 -0.03792 0.00777 1.02853 -0.00411 -0.00782 0.03332 -0.02227 -0.00677 -0.01012 -0.01105 0.00395 -0.01195 -0.02247 -0.03502 -0.00612 0.03177 -0.01481 -0.02330 -0.02306 0.02045 0.03941 -0.01091 -0.01712 -0.01719 0.01865 -0.01243 0.02300 0.01560 -0.01932 -0.01353 -0.02737 -0.03274 -0.01295 -0.00515 0.01788 -0.00787
0.01403 -0.01087 -0.00551 0.02107 0.00500 0.03970 -0.03004 0.01132 0.04342 -0.05219 -0.04624 -0.05667 0.02012 -0.04917 0.03098 0.00748 0.00411 0.72356 0.00321 -0.01380 -0.02118 -0.05342 -0.01762 0.02177 -0.05877 0.02920 -0.01434 -0.00136 0.02057 -0.00442 0.01044 0.04514 0.05525 0.04344 -0.02950 0.00008 0.01588 0.12493 0.00361 0.01628 -0.00869 -0.01998 -0.00174 -0.00383 -0.01564 -0.00638 0.01205 0.02721 -0.12879 -0.02257
-0.04650 0.02936 -0.05726 0.05570 0.05889 -0.02881 -0.00169 -0.04585 0.00557 -0.03045 0.01979 -0.02218 0.01809 0.01620 0.01987 0.02194 0.00782 -0.00321 1.02635 -0.04026 -0.03908 0.06541 0.02940 -0.04532 -0.02403 -0.05260 -0.01432 -0.03649 -0.01184 -0.00214 -0.06768 -0.06008 0.03745 -0.04277 -0.02957 0.01216 0.02444 -0.03402 -0.05720 -0.01781 0.03559 -0.00206 0.00287 -0.03676 -0.02717 -0.02217 0.04384 -0.06141 -0.01874 0.01906
0.05367 0.05650 0.03485 -0.03722 -0.03518 0.02539 0.04714 0.04043 -0.01259 0.02758 -0.01334 -0.00964 -0.03132 -0.05484 -0.01793 0.04954 -0.03332 0.01380 0.04026 0.53301 -0.00973 0.00723 0.07796 0.07437 -0.03128 0.01589 0.00147 -0.02657 -0.03502 0.01231 -0.04868 -0.00265 -0.02426 -0.06040 -0.04435 0.05946 0.02896 0.01285 0.05550 0.02714 -0.03332 -0.06986 -0.02351 -0.02118 0.00141 -0.04729 0.01174 0.03923 0.02674 -0.05578
-0.02290 0.07826 0.03594 -0.00609 -0.07194 0.00805 -0.04278 0.00182 -0.01356 -0.01932 -0.09186 0.03594 0.00367 0.03544 0.05060 0.00174 0.02227 0.02118 0.03908 0.00973 0.66145 0.05905 -0.01805 -0.00757 0.00255 0.02650 -0.04879 0.04033 -0.01916 -0.08050 0.01769 -0.00433 -0.05404 0.05011 0.03170 -0.04391 0.01324 0.01993 -0.03938 0.03996 -0.03222 -0.00353 -0.01813 0.04199 0.01384 0.06422 0.00347 0.05029 0.05822 0.02267
-0.02402 -0.01793 0.02158 -0.07013 0.04229 0.08007 0.02823 -0.00903 -0.01100 0.14915 0.03904 0.07228 -0.02324 0.01844 0.00774 -0.04938 0.00677 0.05342 -0.06541 -0.00723 -0.05905 0.23201 -0.03290 -0.03730 0.08865 -0.05780 0.05945 0.06843 -0.03748 0.05225 0.03469 0.07222 -0.02843 -0.02373 0.04816 -0.00727 0.03345 -0.05180 -0.03673 -0.03952 0.04195 0.04601 0.05297 0.03893 0.08153 0.03978 -0.00083 -0.02878 0.03136 0.04579
-0.00429 -0.01245 -0.04091 0.01116 -0.02011 0.00458 0.01752 -0.05853 -0.01390 0.00327 0.08265 0.08241 0.06926 -0.00295 -0.02596 0.05771 0.01012 0.01762 -0.02940 -0.07796 0.01805 0.03290 0.45991 -0.08359 0.03449 -0.04003 0.00526 0.04381 0.01705 0.03489 -0.00333 0.00422 0.03936 -0.00642 0.01386 -0.09599 -0.03811 -0.04085 -0.03638 0.02202 0.00733 -0.04217 0.03671 0.06776 0.00696 -0.00462 0.05685 -0.00135 0.01233 0.04294
0.05032 -0.00944 0.01910 0.08458 -0.05038 0.02103 -0.04474 0.03896 -0.01064 -0.04707 -0.04066 -0.01379 -0.02057 0.01235 0.01377 0.02927 0.01105 -0.02177 0.04532 -0.07437 0.00757 0.03730 0.08359 0.07801 0.00031 0.06465 0.01006 -0.05238 0.00029 0.01431 -0.00932 -0.02928 0.03349 0.03668 -0.04686 -0.03006 -0.02942 0.00330 0.05399 -0.01017 -0.03353 -0.03546 0.02699 -0.05481 -0.08909 0.06580 0.03771 0.00804 0.12561 -0.02081
-0.02006 0.02512 0.06625 -0.04767 0.01877 0.00187 0.11412 0.00018 0.02448 0.09085 -0.04119 0.02332 0.00961 0.01582 0.03561 -0.00330 -0.00395 0.05877 0.02403 0.03128 -0.00255 -0.08865 -0.03449 -0.00031 0.12770 -0.02497 -0.02508 0.02886 -0.00715 0.02165 -0.02097 0.07006 -0.00892 0.00450 0.00472 0.01347 0.01410 0.01035 -0.08770 0.05228 -0.00361 -0.01615 -0.04555 0.02458 -0.02211 -0.01939 0.02732 0.00573 -0.15189 0.05839
-0.02241 0.01624 -0.00621 0.00719 0.00909 -0.03934 0.02310 -0.01769 0.03963 0.00461 -0.00015 0.01363 0.05022 0.07806 0.01159 0.02541 0.01195 -0.02920 0.05260 -0.01589 -0.02650 0.05780 0.04003 -0.06465 0.02497 0.13630 -0.01366 0.01106 0.03510 0.02033 -0.00447 0.00412 0.00342 -0.00054 -0.00828 0.00763 -0.04001 -0.07910 -0.03885 0.03682 -0.05196 -0.00577 0.00258 0.01184 0.00419 0.03158 0.04373 -0.02734 0.03456 0.06383
0.01423 0.02813 0.00738 0.01887 -0.05444 0.00391 -0.05022 0.02276 -0.05298 -0.00603 -0.07095 -0.00907 0.01755 -0.07883 -0.01195 -0.06383 0.02247 0.01434 0.01432 -0.00147 0.04879 -0.05945 -0.00526 -0.01006 0.02508 0.01366 0.62295 0.03004 -0.02528 -0.03143 0.00334 0.00657 0.09533 0.00741 -0.04842 -0.05180 -0.00166 0.06712 -0.03431 0.03434 0.01676 -0.02431 -0.02755 0.05647 -0.02187 0.02173 0.02249 0.03608 -0.11518 0.04515
0.04949 0.04390 -0.00536 -0.00651 0.01261 0.02717 -0.01347 0.02978 -0.01543 -0.01248 -0.04296 -0.02026 -0.00747 -0.01728 0.04021 -0.04441 0.03502 0.00136 0.03649 0.02657 -0.04033 -0.06843 -0.04381 0.05238 -0.02886 -0.01106 -0.03004 0.60924 0.02363 -0.02825 0.03897 0.01865 0.06118 0.00652 -0.06486 0.01712 0.01538 0.02635 0.02058 0.03122 -0.07368 0.03327 -0.02601 0.02334 0.01721 -0.03046 -0.02782 -0.02937 -0.09694 0.05463
-0.07537 -0.01480 -0.08162 0.03548 0.02344 -0.01253 0.01383 -0.05685 0.00947 -0.03904 0.00575 -0.00137 0.02318 0.00419 -0.01962 0.00710 0.00612 -0.02057 0.01184 0.03502 0.01916 0.03748 -0.01705 -0.00029 0.00715 -0.03510 0.02528 -0.02363 1.03559 0.02581 -0.03337 -0.02056 -0.02720 0.01998 0.04465 -0.00609 -0.00382 -0.02701 0.00529 -0.00184 0.03724 -0.00221 -0.03055 -0.02817 -0.03124 -0.03493 -0.02728 -0.02907 0.01017 -0.00953
-0.04663 -0.02804 -0.04762 0.01295 -0.04387 -0.02508 -0.04994 -0.09291 0.01541 -0.01406 0.01408 -0.02878 -0.00783 -0.01276 -0.08425 -0.08781 -0.03177 0.00442 0.00214 -0.01231 0.08050 -0.05225 -0.03489 -0.01431 -0.02165 -0.02033 0.03143 0.02825 -0.02581 0.53213 -0.04040 0.01512 -0.01392 0.02351 -0.00263 -0.06163 -0.02704 0.03682 0.02198 -0.07936 0.01837 0.00367 0.02134 -0.01542 -0.02040 0.00185 -0.01675 0.00503 -0.08482 0.00528
-0.00898 -0.00411 -0.01213 0.01578 -0.04426 -0.00706 -0.00886 -0.00363 0.00172 -0.00414 -0.02360 -0.01193 0.02419 0.00026 0.01749 -0.00039 0.01481 -0.01044 0.06768 0.04868 -0.01769 -0.03469 0.00333 0.00932 0.02097 0.00447 -0.00334 -0.03897 0.03337 0.04040 1.01978 -0.01025 -0.00504 -0.00130 0.02304 0.04413 -0.05570 -0.01984 -0.01875 0.05519 -0.06219 0.00661 -0.03283 0.01142 -0.03928 -0.00576 0.00880 -0.01913 -0.00674 0.02675
0.04360 0.00723 0.01223 0.01616 0.00587 -0.06187 0.00623 0.02766 0.04602 -0.00257 -0.04541 -0.06443 -0.02534 -0.01778 0.03426 -0.01470 0.02330 -0.04514 0.06008 0.00265 0.00433 -0.07222 -0.00422 0.02928 -0.07006 -0.00412 -0.00657 -0.01865 0.02056 -0.01512 0.01025 0.31090 0.00933 -0.01978 -0.04132 0.06436 -0.02464 0.02568 0.00991 0.01048 -0.03868 -0.01540 -0.02367 -0.02957 -0.05475 -0.04723 0.01269 -0.02494 -0.07323 -0.00961
-0.00613 -0.02725 -0.01596 0.03951 0.01038 -0.08212 0.00463 -0.02801 -0.00568 -0.01401 0.02024 -0.00100 0.00158 -0.02322 -0.03846 0.00585 0.02306 -0.05525 -0.03745 0.02426 0.05404 0.02843 -0.03936 -0.03349 0.00892 -0.00342 -0.09533 -0.06118 0.02720 0.01392 0.00504 -0.00933 0.60151 -0.08725 0.03096 0.03226 -0.00955 0.00857 -0.08361 0.05709 0.06289 -0.02836 -0.03086 -0.03512 -0.01942 -0.02818 -0.02791 0.01142 0.02737 -0.02699
0.01069 0.04677 0.02934 -0.03486 -0.06904 -0.01521 -0.00858 -0.01010 -0.06543 -0.03891 -0.02356 0.03795 -0.00648 0.02077 0.00094 0.00123 -0.02045 -0.04344 0.04277 0.06040 -0.05011 0.02373 0.00642 -0.03668 -0.00450 0.00054 -0.00741 -0.00652 -0.01998 -0.02351 0.00130 0.01978 0.08725 0.36725 -0.01674 -0.06039 0.05100 -0.07229 0.02037 0.03978 -0.04702 0.08667 0.01795 0.05944 0.06179 0.03878 -0.07688 -0.00517 0.04750 0.05455
0.06234 0.00049 0.00247 -0.06729 0.01371 0.03542 0.03543 0.05293 -0.00143 0.06036 -0.03858 0.06902 -0.02015 -0.04251 -0.02237 -0.01845 -0.03941 0.02950 0.02957 0.04435 -0.03170 -0.04816 -0.01386 0.04686 -0.00472 0.00828 0.04842 0.06486 -0.04465 0.00263 -0.02304 0.04132 -0.03096 0.01674 0.85905 -0.00200 0.03280 -0.02594 0.03861 -0.04410 -0.05623 0.03907 0.00688 0.05119 0.03060 -0.03752 -0.02170 0.03225 -0.03010 0.02585
-0.01988 -0.06002 -0.06207 -0.03254 0.03098 -0.00135 0.04424 -0.02922 0.02691 -0.03284 -0.01624 -0.10672 -0.00723 0.02116 -0.08059 0.03098 0.01091 -0.00008 -0.01216 -0.05946 0.04391 0.00727 0.09599 0.03006 -0.01347 -0.00763 0.05180 -0.01712 0.00609 0.06163 -0.04413 -0.06436 -0.03226 0.06039 0.00200 0.40906 -0.04624 0.01291 0.09531 -0.01918 0.04435 -0.05975 0.00585 -0.07023 -0.04597 -0.02322 0.02159 -0.02483 0.01997 -0.02398
0.02334 -0.00249 0.05778 -0.03366 0.01061 0.02063 -0.00268 0.04557 -0.00118 -0.01552 0.01365 -0.04226 -0.03144 0.02537 0.01619 -0.00456 0.01712 -0.01588 -0.02444 -0.02896 -0.01324 -0.03345 0.03811 0.02942 -0.01410 0.04001 0.00166 -0.01538 0.00382 0.02704 0.05570 0.02464 0.00955 -0.05100 -0.03280 0.04624 0.95757 0.00065 -0.01975 -0.07283 -0.00763 -0.00053 -0.01310 0.00179 0.06657 0.04909 -0.00735 0.07259 0.02322 0.04953
-0.00746 0.03367 0.03685 0.03239 -0.03657 -0.03244 0.01106 0.04162 0.06000 -0.05113 -0.02053 -0.01651 0.06583 0.05822 0.05671 0.08951 0.01719 -0.12493 0.03402 -0.01285 -0.01993 0.05180 0.04085 -0.00330 -0.01035 0.07910 -0.06712 -0.02635 0.02701 -0.03682 0.01984 -0.02568 -0.00857 0.07229 0.02594 -0.01291 -0.00065 0.40494 0.00589 0.01876 -0.01291 -0.00151 -0.03906 0.00032 -0.03768 0.05263 -0.01460 0.00144 0.04305 0.04688
-0.01107 0.02035 0.05803 0.02439 -0.14929 -0.04700 -0.08199 -0.01305 -0.02583 -0.01430 -0.04487 0.00729 -0.03773 0.05217 -0.04703 -0.03132 -0.01865 -0.00361 0.05720 -0.05550 0.03938 0.03673 0.03638 -0.05399 0.08770 0.03885 0.03431 -0.02058 -0.00529 -0.02198 0.01875 -0.00991 0.08361 -0.02037 -0.03861 -0.09531 0.01975 -0.00589 0.24526 -0.03243 -0.04917 0.01974 0.01885 0.03901 0.01399 0.08215 0.01847 0.00993 0.15110 0.09256
-0.03586 -0.05742 -0.04290 0.01719 0.07839 0.01781 -0.00276 -0.07338 0.05397 -0.03189 -0.05837 -0.06045 0.02585 -0.00913 0.00863 0.06822 0.01243 -0.01628 0.01781 -0.02714 -0.03996 0.03952 -0.02202 0.01017 -0.05228 -0.03682 -0.03434 -0.03122 0.00184 0.07936 -0.05519 -0.01048 -0.05709 -0.03978 0.04410 0.01918 0.07283 -0.01876 0.03243 0.90937 -0.00607 -0.02179 -0.03858 -0.02309 0.01168 -0.06278 0.00264 -0.04024 0.08152 0.02206
0.07551 -0.04859 0.07247 -0.04278 -0.03816 0.03262 -0.02097 0.05766 -0.02287 0.03683 0.06712 0.01252 -0.04187 -0.02869 -0.03707 -0.02202 -0.02300 0.00869 -0.03559 0.03332 0.03222 -0.04195 -0.00733 0.03353 0.00361 0.05196 -0.01676 0.07368 -0.03724 -0.01837 0.06219 0.03868 -0.06289 0.04702 0.05623 -0.04435 0.00763 0.01291 0.04917 0.00607 1.00374 0.03143 0.05212 0.04410 0.01261 0.04235 -0.02797 0.06707 -0.01373 -0.04029
0.04787 0.06993 0.03444 -0.04602 -0.05536 -0.03660 0.00892 0.04701 -0.06076 0.07208 -0.01367 -0.00470 -0.06375 -0.07469 -0.00139 -0.02123 -0.01560 0.01998 0.00206 0.06986 0.00353 -0.04601 0.04217 0.03546 0.01615 0.00577 0.02431 -0.03327 0.00221 -0.00367 -0.00661 0.01540 0.02836 -0.08667 -0.03907 0.05975 0.00053 0.00151 -0.01974 0.02179 -0.03143 0.69888 -0.01362 0.02315 -0.00747 -0.06216 -0.00952 0.00568 -0.02184 -0.03702
0.06432 0.02258 0.02205 -0.05275 -0.05082 -0.00288 -0.02708 0.04046 0.01157 0.06538 -0.04893 -0.01858 0.00815 -0.03170 -0.03601 -0.03441 0.01932 0.00174 -0.00287 0.02351 0.01813 -0.05297 -0.03671 -0.02699 0.04555 -0.00258 0.02755 0.02601 0.03055 -0.02134 0.03283 0.02367 0.03086 -0.01795 -0.00688 -0.00585 0.01310 0.03906 -0.01885 0.03858 -0.05212 0.01362 0.87204 0.06749 0.05223 -0.01696 0.04388 -0.08043 -0.03055 -0.07829
0.09088 0.04286 0.00858 0.07070 -0.02335 -0.00091 0.00756 0.02654 -0.01387 0.00569 -0.03971 -0.02343 0.01630 -0.07714 0.04416 -0.01129 0.01353 0.00383 0.03676 0.02118 -0.04199 -0.03893 -0.06776 0.05481 -0.02458 -0.01184 -0.05647 -0.02334 0.02817 0.01542 -0.01142 0.02957 0.03512 -0.05944 -0.05119 0.07023 -0.00179 -0.00032 -0.03901 0.02309 -0.04410 -0.02315 -0.06749 0.25551 0.01502 -0.04082 0.03462 -0.00955 -0.05521 -0.01729
0.07962 -0.02522 0.01305 0.03069 0.00588 0.03160 -0.02276 0.00689 -0.01519 -0.00668 -0.04092 -0.05558 -0.02281 -0.08566 0.01130 -0.06497 0.02737 0.01564 0.02717 -0.00141 -0.01384 -0.08153 -0.00696 0.08909 0.02211 -0.00419 0.02187 -0.01721 0.03124 0.02040 0.03928 0.05475 0.01942 -0.06179 -0.03060 0.04597 -0.06657 0.03768 -0.01399 -0.01168 -0.01261 0.00747 -0.05223 -0.01502 0.50807 -0.01186 0.04415 -0.06376 0.00483 -0.06299
-0.03108 0.03568 0.05008 -0.02095 -0.02028 -0.02262 0.06128 -0.03281 0.04557 0.09053 -0.02194 0.03467 0.01201 0.06769 0.04302 -0.01123 0.03274 0.00638 0.02217 0.04729 -0.06422 -0.03978 0.00462 -0.06580 0.01939 -0.03158 -0.02173 0.03046 0.03493 -0.00185 0.00576 0.04723 0.02818 -0.03878 0.03752 0.02322 -0.04909 -0.05263 -0.08215 0.06278 -0.04235 0.06216 0.01696 0.04082 0.01186 0.27975 0.01091 -0.06526 -0.06512 0.04633
-0.03007 0.00066 -0.04390 0.04623 0.05359 0.01031 0.00764 -0.04492 -0.02580 -0.02240 0.04611 -0.06209 0.05088 0.01287 -0.00687 -0.02884 0.01295 -0.01205 -0.04384 -0.01174 -0.00347 0.00083 -0.05685 -0.03771 -0.02732 -0.04373 -0.02249 0.02782 0.02728 0.01675 -0.00880 -0.01269 0.02791 0.07688 0.02170 -0.02159 0.00735 0.01460 -0.01847 -0.00264 0.02797 0.00952 -0.04388 -0.03462 -0.04415 -0.01091 0.76984 -0.02330 -0.12671 0.01493
0.01550 -0.01111 0.03750 0.01598 -0.00841 0.02161 -0.00125 0.04286 0.06421 -0.02025 -0.01915 0.00358 -0.00425 -0.01774 0.07401 0.00334 0.00515 -0.02721 0.06141 -0.03923 -0.05029 0.02878 0.00135 -0.00804 -0.00573 0.02734 -0.03608 0.02937 0.02907 -0.00503 0.01913 0.02494 -0.01142 0.00517 -0.03225 0.02483 -0.07259 -0.00144 -0.00993 0.04024 -0.06707 -0.00568 0.08043 0.00955 0.06376 0.06526 0.02330 0.82394 0.05247 0.00287
-0.02711 0.00098 0.06078 -0.03303 0.00582 0.05034 0.06426 -0.05810 0.05873 0.13422 -0.01324 0.11467 -0.03829 0.05065 0.02649 -0.06742 -0.01788 0.12879 0.01874 -0.02674 -0.05822 -0.03136 -0.01233 -0.12561 0.15189 -0.03456 0.11518 0.09694 -0.01017 0.08482 0.00674 0.07323 -0.02737 -0.04750 0.03010 -0.01997 -0.02322 -0.04305 -0.15110 -0.08152 0.01373 0.02184 0.03055 0.05521 -0.00483 0.06512 0.12671 -0.05247 0.17504 0.17521
-0.02193 0.00926 -0.05336 -0.00134 0.02418 -0.05797 0.05459 -0.04709 0.02080 -0.02807 -0.00159 -0.02732 -0.03732 0.00640 0.01172 -0.02591 0.00787 0.02257 -0.01906 0.05578 -0.02267 -0.04579 -0.04294 0.02081 -0.05839 -0.06383 -0.04515 -0.05463 0.00953 -0.00528 -0.02675 0.00961 0.02699 -0.05455 -0.02585 0.02398 -0.04953 -0.04688 -0.09256 -0.02206 0.04029 0.03702 0.07829 0.01729 0.06299 -0.04633 -0.01493 -0.00287 -0.17521 0.84064
