0.44637 0.00577 0.00009 0.01371 -0.07210 -0.00389 -0.00658 0.01207 -0.00635 -0.01629 -0.07716 0.02298 -0.04502 -0.04236 0.00462 -0.01909 0.03572 -0.03198 -0.01817 0.02033 -0.03902 0.00641 -0.00201 -0.02293 0.01586 -0.03199 -0.00447 0.04722 -0.00415 -0.02249 0.03234 0.00586 0.03281 0.00154 -0.01672 0.11488 -0.00647 -0.00581 0.01907 0.00991 -0.02219 -0.03505 0.00333 -0.01243 -0.01167 0.02800 0.01334 -0.02305 0.06609 -0.06817
-0.00577 0.56135 0.00496 -0.03051 -0.02291 0.01789 0.03103 0.02850 0.00245 0.00007 -0.03640 0.04122 -0.00337 0.01195 0.03711 -0.01147 0.01395 0.01633 -0.01537 0.01918 -0.05416 0.03925 0.00114 -0.00004 0.00128 -0.06629 -0.03014 0.02239 -0.04839 -0.00311 0.00544 0.02466 0.00402 -0.00270 -0.06539 0.01651 0.00258 -0.01773 0.00455 -0.04519 -0.02819 -0.01401 -0.01455 0.01243 -0.00235 0.01886 0.04058 -0.04083 -0.08904 0.01356
-0.00009 -0.00496 0.46447 -0.04023 -0.02617 -0.04194 -0.01662 -0.02549 0.02357 0.01364 -0.04416 0.01137 -0.02654 -0.03468 0.00094 -0.02135 0.04408 -0.05042 -0.00347 -0.00619 -0.03429 -0.01072 -0.00639 0.00505 0.02425 -0.04873 -0.02108 0.01724 -0.00472 -0.02919 0.04461 0.01234 0.01727 -0.00874 0.00492 0.00443 0.00825 0.01887 0.00560 -0.01349 -0.01494 -0.04123 0.03914 0.04333 -0.02283 -0.01144 -0.00535 0.01130 -0.02688 -0.04756
-0.01371 0.03051 0.04023 0.73730 0.01561 0.04311 0.07242 0.03966 -0.01348 -0.06914 -0.04864 0.01682 0.03129 -0.05861 0.04019 -0.02982 0.06291 -0.02014 0.01796 -0.00225 0.00418 -0.00629 0.02097 -0.09519 0.00288 0.00452 -0.01085 -0.03099 -0.08163 0.01382 0.08382 -0.04994 0.04737 0.00310 0.09180 0.00533 0.03565 0.05829 0.02070 -0.03207 0.08064 0.00668 -0.03531 0.01844 -0.06386 0.01199 0.06613 0.03271 -0.07973 -0.08980
0.07210 0.02291 0.02617 -0.01561 0.01118 -0.02599 0.01041 0.03392 -0.03314 0.00008 0.00110 -0.01167 0.02798 0.02434 0.03678 0.00148 0.01076 -0.01043 0.03588 -0.03704 0.03019 0.02547 -0.01447 0.00322 -0.03799 0.02939 -0.01995 -0.02092 -0.01583 -0.00865 -0.07012 -0.00929 -0.00550 -0.02644 0.00649 -0.05513 -0.05323 -0.01017 -0.01201 -0.01447 0.00702 0.04779 0.05111 0.01541 -0.00073 -0.04369 -0.00755 0.02280 -0.06561 0.03107
0.00389 -0.01789 0.04194 -0.04311 0.02599 1.02802 -0.06236 -0.03953 0.00261 0.04078 0.05177 0.04150 -0.05026 -0.05912 -0.01680 0.08284 -0.00428 0.03808 -0.01682 0.06728 -0.03458 -0.04205 -0.04453 0.00938 0.08083 -0.04604 0.03526 0.04213 0.04324 0.09139 0.07377 0.05948 -0.03273 0.10712 -0.02396 -0.02236 0.07268 -0.06286 -0.09497 0.00164 -0.03936 -0.06793 0.04935 -0.07025 0.02854 0.01254 -0.08507 0.06229 0.00601 -0.04323
0.00658 -0.03103 0.01662 -0.07242 -0.01041 0.06236 0.47006 0.02178 -0.00984 0.03256 -0.01132 0.00234 0.02888 -0.01759 0.04880 -0.03471 -0.00063 0.00600 0.01267 -0.02101 -0.03524 -0.03197 -0.05023 0.03073 0.00471 -0.00981 -0.01587 -0.02769 -0.03618 0.03618 -0.01380 0.00336 0.03197 -0.00087 0.01084 0.01591 0.00924 0.00539 -0.03874 -0.03495 0.05282 0.06460 0.02026 0.06416 0.02395 -0.03008 0.05023 -0.00314 -0.07099 0.00716
-0.01207 -0.02850 0.02549 -0.03966 -0.03392 0.03953 -0.02178 1.02728 0.04314 -0.02325 -0.02418 0.01982 -0.03982 -0.04211 0.02287 -0.00118 -0.02914 -0.02541 -0.03489 -0.02685 -0.02563 0.00618 0.02033 -0.01099 0.02732 -0.01860 0.00852 0.02835 -0.06387 0.01464 0.00655 -0.00673 -0.02266 -0.00119 -0.03904 0.02863 0.03741 0.03371 -0.02079 0.02289 -0.01612 0.02045 -0.03287 0.04405 0.00769 0.00026 0.01512 0.02289 -0.02624 0.00292
0.00635 -0.00245 -0.02357 0.01348 0.03314 -0.00261 0.00984 -0.04314 0.95705 -0.00433 0.07023 -0.04289 -0.01029 0.01223 -0.02396 0.05853 -0.00252 0.03351 -0.01601 0.00533 -0.00348 -0.02438 -0.02528 -0.00908 0.02193 0.00312 0.01478 0.00497 0.02121 -0.00492 0.02333 -0.00119 -0.01759 -0.00099 0.01941 -0.03011 -0.00624 -0.00399 -0.05378 -0.02257 -0.00123 -0.03305 -0.06053 -0.05854 0.01301 0.00809 -0.00123 0.00270 0.01284 -0.02202
0.01629 -0.00007 -0.01364 0.06914 -0.00008 -0.04078 -0.03256 0.02325 0.00433 0.75498 -0.02545 0.00845 -0.00125 0.03269 0.03757 -0.02175 0.00351 0.00722 0.03070 -0.03217 0.03917 0.04084 -0.02777 0.05884 -0.00875 0.03236 -0.01449 -0.01584 0.05392 0.00842 -0.02048 -0.02375 0.02058 0.02334 0.03171 0.03601 -0.03118 -0.01736 -0.01575 0.01024 0.02842 0.05500 0.02821 -0.01293 0.00258 -0.02353 -0.01491 -0.00101 0.00211 -0.00423
0.07716 0.03640 0.04416 0.04864 -0.00110 -0.05177 0.01132 0.02418 -0.07023 0.02545 0.15264 0.03921 0.03091 0.06903 0.01381 -0.01400 0.04811 0.00458 0.05084 -0.04275 0.02868 0.04861 0.01340 -0.02888 -0.03524 0.03619 -0.02957 -0.03709 0.00715 -0.03588 -0.04329 -0.00718 -0.00744 -0.00876 0.01478 -0.01624 -0.04606 -0.01696 -0.03177 -0.02583 0.00301 0.07651 0.04789 -0.02359 -0.02853 -0.04186 0.02876 -0.01838 -0.03372 0.03927
-0.02298 -0.04122 -0.01137 -0.01682 0.01167 -0.04150 -0.00234 -0.01982 0.04289 -0.00845 -0.03921 0.00000 0.01528 -0.04562 -0.01123 -0.04938 0.04975 -0.02446 0.01496 0.03547 -0.05239 -0.01910 0.01238 -0.03097 0.02715 -0.03118 0.02213 0.04306 0.02473 0.02405 0.05581 -0.00558 -0.02543 0.02206 0.00133 0.01316 -0.02101 0.01212 0.02097 -0.00611 -0.00405 -0.03903 -0.02839 -0.00256 -0.02554 0.03111 0.02220 0.04386 -0.00894 -0.07899
0.04502 0.00337 0.02654 -0.03129 -0.02798 0.05026 -0.02888 0.03982 0.01029 0.00125 -0.03091 -0.01528 0.39583 0.01007 0.01426 -0.02647 0.00105 -0.02835 -0.00844 -0.01292 0.00082 0.02252 -0.03785 0.03133 0.02517 0.01546 -0.02816 0.03643 -0.00579 0.03200 0.01033 0.03909 -0.02006 0.00653 -0.02630 0.03033 -0.00556 -0.00330 -0.02040 -0.03059 -0.07272 0.02527 0.02249 0.02913 0.00215 -0.03384 -0.00311 -0.02965 -0.03119 -0.00595
0.04236 -0.01195 0.03468 0.05861 -0.02434 0.05912 0.01759 0.04211 -0.01223 -0.03269 -0.06903 0.04562 -0.01007 0.66882 0.06673 0.01915 0.04452 -0.02449 0.01223 0.00848 0.01206 0.04800 0.00334 -0.00584 0.02644 0.05863 0.00281 -0.00998 -0.02074 0.00556 0.01725 -0.02300 0.04369 -0.01076 0.06482 0.04679 0.00103 -0.03303 0.00514 -0.02479 0.07054 0.03604 -0.01700 -0.01106 -0.00354 -0.02160 0.06061 -0.04958 -0.03807 -0.06434
-0.00462 -0.03711 -0.00094 -0.04019 -0.03678 0.01680 -0.04880 -0.02287 0.02396 -0.03757 -0.01381 0.01123 -0.01426 -0.06673 0.32452 -0.02595 -0.01274 -0.00806 -0.06909 0.00841 -0.04883 -0.05019 -0.00955 -0.01183 0.04183 -0.02796 -0.00495 0.01295 0.00718 -0.04377 0.06096 -0.02169 0.00056 0.02064 -0.04503 0.06210 0.03311 -0.03743 -0.00055 0.03829 -0.02586 -0.02043 -0.02585 0.00822 -0.01030 0.02005 -0.00222 0.03282 0.00043 -0.03539
0.01909 0.01147 0.02135 0.02982 -0.00148 -0.08284 0.03471 0.00118 -0.05853 0.02175 0.01400 0.04938 0.02647 -0.01915 0.02595 0.18257 0.02444 -0.01346 0.04424 -0.05562 0.01080 -0.00244 0.00066 -0.02143 -0.04195 0.01622 -0.03233 -0.03449 -0.03693 -0.04553 -0.02260 -0.00165 0.06564 -0.01493 0.03692 -0.02632 0.01360 -0.00949 0.00282 -0.03397 0.03790 0.00471 0.05760 0.01883 -0.00903 -0.01989 -0.01276 -0.01706 -0.04618 -0.01802
-0.03572 -0.01395 -0.04408 -0.06291 -0.01076 0.00428 0.00063 0.02914 0.00252 -0.00351 -0.04811 -0.04975 -0.00105 -0.04452 0.01274 -0.02444 0.23403 -0.04812 -0.02499 0.01281 -0.06998 0.00274 0.01428 0.00140 0.01524 -0.05731 -0.05558 0.01187 -0.03127 0.01129 0.04222 -0.01140 0.00775 0.00534 -0.05131 -0.00635 -0.00004 0.00087 0.01541 0.01109 -0.03986 -0.00275 -0.00763 0.03446 -0.01191 0.02329 -0.03612 0.01292 -0.01557 -0.01408
0.03198 -0.01633 0.05042 0.02014 0.01043 -0.03808 -0.00600 0.02541 -0.03351 -0.00722 -0.00458 0.02446 0.02835 0.02449 0.00806 0.01346 0.04812 0.27880 0.02671 -0.02755 0.07599 0.00404 -0.01875 0.00783 -0.02395 0.08645 -0.04408 -0.05337 0.00486 -0.04234 -0.04236 0.00495 0.01791 -0.02288 0.01407 0.00236 -0.03543 -0.02675 -0.01995 -0.04616 0.04510 0.04081 0.00533 -0.01523 0.00119 -0.05160 0.04081 0.02796 -0.03570 0.01736
0.01817 0.01537 0.00347 -0.01796 -0.03588 0.01682 -0.01267 0.03489 0.01601 -0.03070 -0.05084 -0.01496 0.00844 -0.01223 0.06909 -0.04424 0.02499 -0.02671 1.03205 -0.01386 -0.00461 0.01836 0.01555 -0.01395 -0.00138 0.00258 -0.03274 -0.00230 -0.01723 -0.03256 -0.00017 -0.01712 0.01031 -0.01644 -0.00486 0.04759 -0.03606 -0.01321 0.01512 -0.01573 -0.01477 0.05707 -0.00674 0.03725 -0.02759 0.00295 0.02769 -0.00255 -0.01286 -0.01263
-0.02033 -0.01918 0.00619 0.00225 0.03704 -0.06728 0.02101 0.02685 -0.00533 0.03217 0.04275 -0.03547 0.01292 -0.00848 -0.00841 0.05562 -0.01281 0.02755 0.01386 0.34456 0.00351 -0.00983 -0.00307 0.02504 -0.04423 -0.02705 -0.04545 -0.02959 -0.02318 -0.00077 -0.01819 0.00977 0.07723 0.00046 0.03329 -0.02137 0.02251 -0.05291 0.00608 -0.06375 0.02393 -0.02174 0.03008 0.02180 -0.01080 0.01707 0.01288 -0.02164 -0.03348 0.07039
0.03902 0.05416 0.03429 -0.00418 -0.03019 0.03458 0.03524 0.02563 0.00348 -0.03917 -0.02868 0.05239 -0.00082 -0.01206 0.04883 -0.01080 0.06998 -0.07599 0.00461 -0.00351 0.88817 0.01020 0.02431 -0.05816 -0.00244 0.00403 -0.02511 0.00685 -0.02893 -0.01417 0.00885 0.00388 -0.01353 -0.02857 0.04267 0.04774 0.02354 0.01035 0.02670 -0.02490 -0.00466 -0.02841 0.03612 0.00772 -0.03658 -0.03609 0.01472 -0.03106 -0.01508 -0.07793
-0.00641 -0.03925 0.01072 0.00629 -0.02547 0.04205 0.03197 -0.00618 0.02438 -0.04084 -0.04861 0.01910 -0.02252 -0.04800 0.05019 0.00244 -0.00274 -0.00404 -0.01836 0.00983 -0.01020 0.60009 -0.04828 -0.01864 0.01275 -0.00542 0.02691 0.04367 -0.04195 -0.00257 0.04655 -0.00483 -0.01518 0.02091 -0.00983 0.06334 0.01819 0.03169 0.00398 0.00625 0.00878 -0.05947 -0.04412 0.02259 -0.01951 -0.02055 0.03566 0.00160 -0.05768 -0.08521
0.00201 -0.00114 0.00639 -0.02097 0.01447 0.04453 0.05023 -0.02033 0.02528 0.02777 -0.01340 -0.01238 0.03785 -0.00334 0.00955 -0.00066 -0.01428 0.01875 -0.01555 0.00307 -0.02431 0.04828 0.56358 0.01235 0.02210 -0.00323 -0.00186 0.03746 0.00744 0.01601 0.02492 0.00749 -0.00543 0.01187 -0.05493 -0.02503 0.03120 -0.00247 -0.02899 -0.00193 -0.04189 0.02036 -0.01748 0.02094 0.01960 0.02439 -0.02538 -0.03484 0.01040 0.03791
0.02293 0.00004 -0.00505 0.09519 -0.00322 -0.00938 -0.03073 0.01099 0.00908 -0.05884 0.02888 0.03097 -0.03133 0.00584 0.01183 0.02143 -0.00140 -0.00783 0.01395 -0.02504 0.05816 0.01864 -0.01235 0.35170 0.00452 0.03848 0.04598 0.00657 0.03513 0.01285 0.00678 -0.04556 -0.03543 -0.00433 0.07067 0.02927 -0.01256 0.00446 0.00883 0.03316 -0.00411 0.00825 -0.00532 -0.04615 -0.05205 -0.04096 -0.03188 0.02660 0.05642 -0.03037
-0.01586 -0.00128 -0.02425 -0.00288 0.03799 -0.08083 -0.00471 -0.02732 -0.02193 0.00875 0.03524 -0.02715 -0.02517 -0.02644 -0.04183 0.04195 -0.01524 0.02395 0.00138 0.04423 0.00244 -0.01275 -0.02210 -0.00452 0.86021 -0.00631 0.03645 0.04206 0.02130 -0.01090 0.04519 0.03234 -0.04207 0.01731 -0.01085 -0.02937 -0.04021 -0.03425 0.00596 0.00559 -0.05592 -0.06002 0.01800 -0.04489 -0.01435 0.02678 -0.03573 -0.00229 0.02339 0.01235
0.03199 0.06629 0.04873 -0.00452 -0.02939 0.04604 0.00981 0.01860 -0.00312 -0.03236 -0.03619 0.03118 -0.01546 -0.05863 0.02796 -0.01622 0.05731 -0.08645 -0.00258 0.02705 -0.00403 0.00542 0.00323 -0.03848 0.00631 0.79419 -0.02346 0.00014 -0.02794 -0.00458 0.05287 0.00912 -0.02729 -0.02645 0.04442 0.04205 0.00532 0.04768 0.05139 -0.02286 -0.03236 -0.02097 0.03670 0.00839 -0.04143 -0.02143 0.02360 -0.03008 -0.00211 -0.07139
0.00447 0.03014 0.02108 0.01085 0.01995 -0.03526 0.01587 -0.00852 -0.01478 0.01449 0.02957 -0.02213 0.02816 -0.00281 0.00495 0.03233 0.05558 0.04408 0.03274 0.04545 0.02511 -0.02691 0.00186 -0.04598 -0.03645 0.02346 0.48127 -0.08643 -0.02455 -0.01497 0.00670 0.01609 0.00167 0.01761 0.03907 -0.03348 -0.02570 -0.00573 -0.01436 -0.08105 0.05475 -0.00475 -0.00151 -0.05357 -0.03249 -0.00225 0.08394 0.02393 -0.07414 0.01350
-0.04722 -0.02239 -0.01724 0.03099 0.02092 -0.04213 0.02769 -0.02835 -0.00497 0.01584 0.03709 -0.04306 -0.03643 0.00998 -0.01295 0.03449 -0.01187 0.05337 0.00230 0.02959 -0.00685 -0.04367 -0.03746 -0.00657 -0.04206 -0.00014 0.08643 0.67737 0.02059 -0.00849 -0.01582 0.00674 -0.00645 0.02471 0.04771 -0.01973 -0.02286 0.01335 -0.01474 0.02627 0.07531 -0.06507 -0.03878 -0.05589 0.03098 0.03537 0.05644 0.02988 -0.02557 0.00140
0.00415 0.04839 0.00472 0.08163 0.01583 -0.04324 0.03618 0.06387 -0.02121 -0.05392 -0.00715 -0.02473 0.00579 0.02074 -0.00718 0.03693 0.03127 -0.00486 0.01723 0.02318 0.02893 0.04195 -0.00744 -0.03513 -0.02130 0.02794 0.02455 -0.02059 0.50122 -0.00124 -0.00123 -0.02546 -0.03490 -0.00299 0.02666 -0.00523 -0.03707 -0.03057 0.00939 -0.01040 0.00475 0.01731 0.00122 -0.02640 -0.04829 0.02628 0.02712 0.01463 -0.04287 -0.06095
0.02249 0.00311 0.02919 -0.01382 0.00865 -0.09139 -0.03618 -0.01464 0.00492 -0.00842 0.03588 -0.02405 -0.03200 -0.00556 0.04377 0.04553 -0.01129 0.04234 0.03256 0.00077 0.01417 0.00257 -0.01601 -0.01285 0.01090 0.00458 0.01497 0.00849 0.00124 1.02348 -0.00479 -0.00628 -0.02749 0.03220 0.00763 -0.00949 -0.02101 -0.04492 -0.07902 -0.01403 -0.01307 0.04064 -0.00827 -0.03075 0.01235 0.02309 0.00234 0.04924 -0.03316 0.00959
-0.03234 -0.00544 -0.04461 -0.08382 0.07012 -0.07377 0.01380 -0.00655 -0.02333 0.02048 0.04329 -0.05581 -0.01033 -0.01725 -0.06096 0.02260 -0.04222 0.04236 0.00017 0.01819 -0.00885 -0.04655 -0.02492 -0.00678 -0.04519 -0.05287 -0.00670 0.01582 0.00123 0.00479 0.83693 -0.00802 -0.04046 -0.01923 0.00885 -0.03085 -0.04322 0.02186 0.00010 0.02195 -0.02042 -0.05445 -0.06168 -0.01016 0.03229 0.03901 -0.01738 0.05444 -0.01082 0.04168
-0.00586 -0.02466 -0.01234 0.04994 0.00929 -0.05948 -0.00336 0.00673 0.00119 0.02375 0.00718 0.00558 -0.03909 0.02300 0.02169 0.00165 0.01140 -0.00495 0.01712 -0.00977 -0.00388 0.00483 -0.00749 0.04556 -0.03234 -0.00912 -0.01609 -0.00674 0.02546 0.00628 0.00802 0.50776 0.05881 -0.00954 0.07987 -0.00109 0.04034 -0.02640 0.01683 -0.00035 0.00901 -0.01908 0.02674 0.00048 0.02203 0.02585 -0.04152 -0.02559 0.02673 -0.02350
-0.03281 -0.00402 -0.01727 -0.04737 0.00550 0.03273 -0.03197 0.02266 0.01759 -0.02058 0.00744 0.02543 0.02006 -0.04369 -0.00056 -0.06564 -0.00775 -0.01791 -0.01031 -0.07723 0.01353 0.01518 0.00543 0.03543 0.04207 0.02729 -0.00167 0.00645 0.03490 0.02749 0.04046 -0.05881 0.66984 0.02545 -0.07550 -0.01033 -0.04395 -0.02138 -0.03634 0.01283 -0.05637 0.07303 -0.01988 0.00419 -0.00705 -0.00484 -0.00372 0.01255 0.01170 0.02283
-0.00154 0.00270 0.00874 -0.00310 0.02644 -0.10712 0.00087 0.00119 0.00099 -0.02334 0.00876 -0.02206 -0.00653 0.01076 -0.02064 0.01493 -0.00534 0.02288 0.01644 -0.00046 0.02857 -0.02091 -0.01187 0.00433 -0.01731 0.02645 -0.01761 -0.02471 0.00299 -0.03220 0.01923 0.00954 -0.02545 0.47153 -0.01768 -0.02660 -0.02630 -0.01211 0.00654 -0.01367 0.01040 -0.00745 0.00560 -0.01198 -0.00021 0.00872 0.00549 0.03759 -0.02002 0.01627
0.01672 0.06539 -0.00492 -0.09180 -0.00649 0.02396 -0.01084 0.03904 -0.01941 -0.03171 -0.01478 -0.00133 0.02630 -0.06482 0.04503 -0.03692 0.05131 -0.01407 0.00486 -0.03329 -0.04267 0.00983 0.05493 -0.07067 0.01085 -0.04442 -0.03907 -0.04771 -0.02666 -0.00763 -0.00885 -0.07987 0.07550 0.01768 0.56146 0.04410 -0.00197 0.01586 0.03502 -0.02779 -0.01035 0.02878 0.03138 0.00704 -0.05575 0.01636 0.05356 0.02744 -0.03868 -0.00626
-0.11488 -0.01651 -0.00443 -0.00533 0.05513 0.02236 -0.01591 -0.02863 0.03011 -0.03601 0.01624 -0.01316 -0.03033 -0.04679 -0.06210 0.02632 0.00635 -0.00236 -0.04759 0.02137 -0.04774 -0.06334 0.02503 -0.02927 0.02937 -0.04205 0.03348 0.01973 0.00523 0.00949 0.03085 0.00109 0.01033 0.02660 -0.04410 0.16510 0.03954 -0.03377 -0.01956 0.01557 -0.01580 -0.04851 -0.03701 -0.01566 -0.01080 0.09047 -0.00887 0.00816 0.07099 -0.00152
0.00647 -0.00258 -0.00825 -0.03565 0.05323 -0.07268 -0.00924 -0.03741 0.00624 0.03118 0.04606 0.02101 0.00556 -0.00103 -0.03311 -0.01360 0.00004 0.03543 0.03606 -0.02251 -0.02354 -0.01819 -0.03120 0.01256 0.04021 -0.00532 0.02570 0.02286 0.03707 0.02101 0.04322 -0.04034 0.04395 0.02630 0.00197 -0.03954 0.88605 -0.00259 -0.03467 0.01382 0.01619 0.00039 -0.02279 -0.01785 0.04121 -0.00061 0.01045 -0.00072 0.00395 -0.01066
0.00581 0.01773 -0.01887 -0.05829 0.01017 0.06286 -0.00539 -0.03371 0.00399 0.01736 0.01696 -0.01212 0.00330 0.03303 0.03743 0.00949 -0.00087 0.02675 0.01321 0.05291 -0.01035 -0.03169 0.00247 -0.00446 0.03425 -0.04768 0.00573 -0.01335 0.03057 0.04492 -0.02186 0.02640 0.02138 0.01211 -0.01586 0.03377 0.00259 0.02152 -0.00256 -0.01069 0.02705 0.01917 -0.01417 -0.01238 0.00753 0.01736 0.01484 -0.00232 0.00969 0.05017
-0.01907 -0.00455 -0.00560 -0.02070 0.01201 0.09497 0.03874 0.02079 0.05378 0.01575 0.03177 -0.02097 0.02040 -0.00514 0.00055 -0.00282 -0.01541 0.01995 -0.01512 -0.00608 -0.02670 -0.00398 0.02899 -0.00883 -0.00596 -0.05139 0.01436 0.01474 -0.00939 0.07902 -0.00010 -0.01683 0.03634 -0.00654 -0.03502 0.01956 0.03467 0.00256 0.30089 0.02641 -0.01523 -0.00157 -0.01347 0.00931 0.01342 0.03529 -0.02583 -0.04765 0.03684 0.02483
-0.00991 0.04519 0.01349 0.03207 0.01447 -0.00164 0.03495 -0.02289 0.02257 -0.01024 0.02583 0.00611 0.03059 0.02479 -0.03829 0.03397 -0.01109 0.04616 0.01573 0.06375 0.02490 -0.00625 0.00193 -0.03316 -0.00559 0.02286 0.08105 -0.02627 0.01040 0.01403 -0.02195 0.00035 -0.01283 0.01367 0.02779 -0.01557 -0.01382 0.01069 -0.02641 0.45438 0.05645 -0.01873 -0.02660 -0.06320 -0.00117 0.02259 0.04019 -0.00240 -0.00594 -0.00131
0.02219 0.02819 0.01494 -0.08064 -0.00702 0.03936 -0.05282 0.01612 0.00123 -0.02842 -0.00301 0.00405 0.07272 -0.07054 0.02586 -0.03790 0.03986 -0.04510 0.01477 -0.02393 0.00466 -0.00878 0.04189 0.00411 0.05592 0.03236 -0.05475 -0.07531 -0.00475 0.01307 0.02042 -0.00901 0.05637 -0.01040 0.01035 0.01580 -0.01619 -0.02705 0.01523 -0.05645 0.64722 0.04473 0.04105 0.01087 -0.03546 -0.03506 0.00489 0.01843 -0.00998 0.01953
0.03505 0.01401 0.04123 -0.00668 -0.04779 0.06793 -0.06460 -0.02045 0.03305 -0.05500 -0.07651 0.03903 -0.02527 -0.03604 0.02043 -0.00471 0.00275 -0.04081 -0.05707 0.02174 0.02841 0.05947 -0.02036 -0.00825 0.06002 0.02097 0.00475 0.06507 -0.01731 -0.04064 0.05445 0.01908 -0.07303 0.00745 -0.02878 0.04851 -0.00039 -0.01917 0.00157 0.01873 -0.04473 0.50318 -0.02117 -0.01205 -0.06376 -0.00414 -0.02354 0.02915 -0.00648 -0.07444
-0.00333 0.01455 -0.03914 0.03531 -0.05111 -0.04935 -0.02026 0.03287 0.06053 -0.02821 -0.04789 0.02839 -0.02249 0.01700 0.02585 -0.05760 0.00763 -0.00533 0.00674 -0.03008 -0.03612 0.04412 0.01748 0.00532 -0.01800 -0.03670 0.00151 0.03878 -0.00122 0.00827 0.06168 -0.02674 0.01988 -0.00560 -0.03138 0.03701 0.02279 0.01417 0.01347 0.02660 -0.04105 0.02117 0.49076 0.03862 -0.04336 -0.01398 -0.03191 -0.02035 0.01639 -0.03033
0.01243 -0.01243 -0.04333 -0.01844 -0.01541 0.07025 -0.06416 -0.04405 0.05854 0.01293 0.02359 0.00256 -0.02913 0.01106 -0.00822 -0.01883 -0.03446 0.01523 -0.03725 -0.02180 -0.00772 -0.02259 -0.02094 0.04615 0.04489 -0.00839 0.05357 0.05589 0.02640 0.03075 0.01016 -0.00048 -0.00419 0.01198 -0.00704 0.01566 0.01785 0.01238 -0.00931 0.06320 -0.01087 0.01205 -0.03862 0.15992 0.05940 -0.01431 -0.04985 0.02759 0.03544 0.01306
0.01167 0.00235 0.02283 0.06386 0.00073 -0.02854 -0.02395 -0.00769 -0.01301 -0.00258 0.02853 0.02554 -0.00215 0.00354 0.01030 0.00903 0.01191 -0.00119 0.02759 0.01080 0.03658 0.01951 -0.01960 0.05205 0.01435 0.04143 0.03249 -0.03098 0.04829 -0.01235 -0.03229 -0.02203 0.00705 0.00021 0.05575 0.01080 -0.04121 -0.00753 -0.01342 0.00117 0.03546 0.06376 0.04336 -0.05940 0.52853 -0.01322 0.01817 -0.00941 0.00402 -0.00742
-0.02800 -0.01886 0.01144 -0.01199 0.04369 -0.01254 0.03008 -0.00026 -0.00809 0.02353 0.04186 -0.03111 0.03384 0.02160 -0.02005 0.01989 -0.02329 0.05160 -0.00295 -0.01707 0.03609 0.02055 -0.02439 0.04096 -0.02678 0.02143 0.00225 -0.03537 -0.02628 -0.02309 -0.03901 -0.02585 0.00484 -0.00872 -0.01636 -0.09047 0.00061 -0.01736 -0.03529 -0.02259 0.03506 0.00414 0.01398 0.01431 0.01322 0.46324 0.03248 0.02295 -0.09059 0.05604
-0.01334 -0.04058 0.00535 -0.06613 0.00755 0.08507 -0.05023 -0.01512 0.00123 0.01491 -0.02876 -0.02220 0.00311 -0.06061 0.00222 0.01276 0.03612 -0.04081 -0.02769 -0.01288 -0.01472 -0.03566 0.02538 0.03188 0.03573 -0.02360 -0.08394 -0.05644 -0.02712 -0.00234 0.01738 0.04152 0.00372 -0.00549 -0.05356 0.00887 -0.01045 -0.01484 0.02583 -0.04019 -0.00489 0.02354 0.03191 0.04985 -0.01817 -0.03248 0.70024 0.05896 -0.02745 0.00606
0.02305 0.04083 -0.01130 -0.03271 -0.02280 -0.06229 0.00314 -0.02289 -0.00270 0.00101 0.01838 -0.04386 0.02965 0.04958 -0.03282 0.01706 -0.01292 -0.02796 0.00255 0.02164 0.03106 -0.00160 0.03484 -0.02660 0.00229 0.03008 -0.02393 -0.02988 -0.01463 -0.04924 -0.05444 0.02559 -0.01255 -0.03759 -0.02744 -0.00816 0.00072 0.00232 0.04765 0.00240 -0.01843 -0.02915 0.02035 -0.02759 0.00941 -0.02295 -0.05896 0.72800 0.03156 0.04756
-0.06609 0.08904 0.02688 0.07973 0.06561 -0.00601 0.07099 0.02624 -0.01284 -0.00211 0.03372 0.00894 0.03119 0.03807 -0.00043 0.04618 0.01557 0.03570 0.01286 0.03348 0.01508 0.05768 -0.01040 -0.05642 -0.02339 0.00211 0.07414 0.02557 0.04287 0.03316 0.01082 -0.02673 -0.01170 0.02002 0.03868 -0.07099 -0.00395 -0.00969 -0.03684 0.00594 0.00998 0.00648 -0.01639 -0.03544 -0.00402 0.09059 0.02745 -0.03156 0.56637 -0.02763
0.06817 -0.01356 0.04756 0.08980 -0.03107 0.04323 -0.00716 -0.00292 0.02202 0.00423 -0.03927 0.07899 0.00595 0.06434 0.03539 0.01802 0.01408 -0.01736 0.01263 -0.07039 0.07793 0.08521 -0.03791 0.03037 -0.01235 0.07139 -0.01350 -0.00140 0.06095 -0.00959 -0.04168 0.02350 -0.02283 -0.01627 0.00626 0.00152 0.01066 -0.05017 -0.02483 0.00131 -0.01953 0.07444 0.03033 -0.01306 0.00742 -0.05604 -0.00606 -0.04756 0.02763 0.00000
