0.24386 0.01657 -0.00034 0.08120 0.04381 -0.03386 -0.00825 -0.02107 0.01426 -0.01383 -0.04098 -0.05151 -0.00562 0.00705 0.01050 0.01508 0.01657 -0.01215 0.03733 -0.05426 0.01889 0.01992 0.01107 -0.03598 0.01293 0.02509 -0.02465 -0.05913 0.05929 0.05569 0.01138 -0.04043 0.00947 -0.02840 -0.06112 0.03738 -0.04993 0.01423 -0.00460 0.03589 -0.07679 -0.05909 -0.06419 -0.09741 -0.08082 0.02325 0.03185 -0.01543 0.03548 0.01643
-0.01657 0.65591 -0.05479 0.04456 0.05385 0.03714 0.04582 0.00582 -0.00428 -0.02552 0.10037 0.00307 0.06757 -0.01881 0.06630 0.08531 0.01177 0.00223 -0.02825 -0.05162 -0.08153 0.02628 0.04451 -0.00232 -0.02135 -0.00148 -0.03199 -0.03083 0.01370 0.02080 0.00068 -0.01609 0.02564 -0.02493 0.00884 0.03287 -0.00443 -0.02271 -0.01998 0.03974 0.05488 -0.06773 -0.01033 -0.04485 -0.00037 -0.03674 0.01942 -0.00323 0.00477 -0.03935
0.00034 0.05479 0.15616 0.00837 0.02317 -0.05806 0.05993 -0.01079 0.08015 0.03647 -0.07773 -0.01158 0.05117 0.03780 0.06443 0.07468 0.05022 0.00233 0.05473 -0.03728 -0.03833 -0.01997 0.04411 -0.01254 -0.06543 0.00353 -0.00606 -0.00477 0.07397 0.05010 0.01643 -0.01305 0.01729 -0.03540 -0.00740 0.06926 -0.06426 -0.03383 -0.05981 0.04806 -0.07854 -0.03912 -0.02552 -0.01035 -0.01267 -0.04984 0.04648 -0.03916 -0.05899 0.05748
-0.08120 -0.04456 -0.00837 0.66777 0.04588 -0.00263 -0.01258 -0.01935 0.01571 0.05276 0.06987 0.03828 -0.01439 0.04537 -0.03248 0.01488 -0.00417 -0.01780 -0.05812 0.03804 0.00713 0.07009 -0.01996 -0.08699 0.04720 -0.01103 -0.02210 0.00870 -0.03636 -0.00958 -0.01768 -0.01446 -0.04022 0.03365 0.07031 0.03163 0.03352 -0.03828 -0.02323 -0.01918 0.04654 0.04843 0.05252 -0.07108 -0.02297 0.02070 -0.04994 -0.01490 0.03453 0.00380
-0.04381 -0.05385 -0.02317 -0.04588 0.42322 -0.02304 -0.04130 -0.03421 0.00188 -0.01188 0.05909 -0.03055 -0.02782 0.00991 -0.06614 -0.04602 0.00993 0.00050 -0.06066 0.03809 0.07407 -0.04530 0.00598 0.04076 -0.01651 -0.01367 0.05240 -0.00672 -0.02135 0.04256 0.04348 -0.00434 -0.00596 0.07127 -0.01064 -0.03444 -0.00313 0.02912 0.14858 -0.07256 0.04171 0.05807 0.04504 0.02968 -0.00266 0.01818 -0.05804 0.01278 -0.01303 -0.02079
0.03386 -0.03714 0.05806 0.00263 0.02304 0.64557 -0.07135 0.03209 0.02942 0.05099 -0.04601 -0.03607 -0.04799 0.00714 0.02223 -0.00717 -0.00475 -0.03790 0.02638 -0.02599 -0.00990 -0.08441 -0.01083 -0.01242 -0.00768 0.03436 -0.00846 -0.03541 0.00918 0.02803 0.01113 0.06407 0.08280 0.00341 -0.03868 0.01115 -0.02323 0.03355 0.04215 -0.01060 -0.03822 0.03135 -0.00155 -0.00134 -0.02673 0.01912 -0.01274 -0.01807 -0.05397 0.06449
0.00825 -0.04582 -0.05993 0.01258 0.04130 0.07135 0.44254 -0.03157 -0.07723 -0.09331 0.03266 -0.01947 0.03594 -0.06932 -0.05519 -0.00838 -0.01692 0.03390 -0.00111 -0.04240 0.04538 -0.03128 -0.01773 0.04262 -0.10943 -0.02242 0.04953 0.01458 -0.01613 0.04825 0.00763 -0.00456 -0.00166 0.00614 -0.03069 -0.04641 -0.00192 -0.01063 0.07624 0.00079 0.02432 -0.00809 0.02814 -0.00506 0.02137 -0.06274 -0.00783 -0.00111 -0.06533 -0.05816
0.02107 -0.00582 0.01079 0.01935 0.03421 -0.03209 0.03157 0.60850 0.03895 0.02409 -0.04827 -0.02290 -0.00478 0.00137 0.01884 0.05618 0.04496 -0.01310 0.04139 -0.04123 -0.00256 0.00996 0.06681 -0.02833 -0.00367 0.01659 -0.02309 -0.04143 0.04803 0.09677 0.00618 -0.02848 0.03027 -0.00176 -0.05300 0.04185 -0.05993 -0.03495 -0.00052 0.07391 -0.06175 -0.05541 -0.04003 -0.03189 -0.01008 0.02712 0.04764 -0.04506 0.05996 0.04480
-0.01426 0.00428 -0.08015 -0.01571 -0.00188 -0.02942 0.07723 -0.03895 0.80903 -0.07548 0.01655 -0.02351 0.05947 0.02063 -0.03567 -0.03343 0.01422 -0.03840 -0.01106 0.01309 0.01499 0.01057 -0.00486 0.01298 -0.02853 -0.05265 0.04788 0.00922 -0.01458 -0.00468 -0.00142 -0.04214 0.00665 0.05265 0.00592 -0.01735 -0.00270 -0.06955 0.02094 -0.05059 0.02354 0.05800 -0.01610 0.01083 0.02561 -0.05085 0.01459 -0.05706 -0.05639 -0.01122
0.01383 0.02552 -0.03647 -0.05276 0.01188 -0.05099 0.09331 -0.02409 0.07548 0.27807 -0.04369 -0.06371 0.06931 -0.02796 0.01646 0.04607 0.01314 0.04955 0.03069 -0.02542 0.01952 -0.14984 0.01885 0.05350 -0.08992 0.00505 0.00564 0.01181 0.03498 0.01044 0.00272 0.00077 0.01294 0.03891 -0.05809 0.03144 0.00031 0.06578 0.00994 0.02080 -0.03552 -0.07583 -0.05442 -0.00837 -0.00787 -0.09050 0.02840 0.01450 -0.12955 0.01287
0.04098 -0.10037 0.07773 -0.06987 -0.05909 0.04601 -0.03266 0.04827 -0.01655 0.04369 0.97698 -0.01820 -0.02826 -0.02358 -0.00371 -0.02447 -0.00402 0.04507 -0.01132 0.01711 0.08746 -0.04455 -0.06162 0.03772 0.03848 0.02114 0.05846 0.06013 0.00254 -0.02603 0.01706 0.04450 -0.02475 0.04427 0.04248 -0.00246 -0.01057 0.03493 0.05179 0.04852 -0.05977 0.01483 0.05760 0.04361 0.02375 0.02231 -0.03142 0.01946 0.01102 -0.01904
0.05151 -0.00307 0.01158 -0.03828 0.03055 0.03607 0.01947 0.02290 0.02351 0.06371 0.01820 0.25271 -0.00817 -0.06588 0.02493 -0.04947 -0.03425 0.06381 0.02235 0.01893 -0.03324 -0.07754 -0.05998 0.02502 -0.02719 -0.00036 -0.00097 0.02456 -0.00211 0.02622 0.00400 0.06820 -0.00194 -0.04248 -0.05464 0.10865 0.01960 0.03149 -0.01462 0.03824 -0.00154 -0.00300 0.03540 0.02014 0.04471 -0.03758 0.06403 -0.00391 -0.10642 0.00390
0.00562 -0.06757 -0.05117 0.01439 0.02782 0.04799 -0.03594 0.00478 -0.05947 -0.06931 0.02826 0.00817 0.58760 -0.05570 -0.00366 -0.01132 -0.02756 -0.01942 -0.01630 0.03447 0.00403 0.02886 -0.06454 0.01185 0.00199 -0.04847 -0.00372 0.01556 -0.01992 -0.00183 -0.02973 0.02164 0.00082 0.01434 0.02329 -0.00307 0.03357 -0.06535 0.03486 -0.03100 0.04955 0.06874 -0.00213 -0.01135 0.01583 -0.00870 -0.04882 -0.00122 0.03638 0.02975
-0.00705 0.01881 -0.03780 -0.04537 -0.00991 -0.00714 0.06932 -0.00137 -0.02063 0.02796 0.02358 0.06588 0.05570 0.17477 -0.03105 -0.00432 -0.01779 0.04372 -0.01516 0.05735 -0.03452 -0.01707 0.00865 -0.00871 -0.01789 -0.07370 0.08173 0.01912 -0.00325 0.01138 -0.00169 0.01834 0.01592 -0.01417 0.04615 -0.02680 -0.02302 -0.05355 -0.04805 0.00081 0.03033 0.07747 0.03732 0.07553 0.08121 -0.06822 -0.01386 0.01580 -0.04783 -0.01305
-0.01050 -0.06630 -0.06443 0.03248 0.06614 -0.02223 0.05519 -0.01884 0.03567 -0.01646 0.00371 -0.02493 0.00366 0.03105 0.69070 0.03998 0.03172 -0.03318 -0.02599 0.01328 -0.05413 -0.00207 0.00521 -0.01501 -0.03919 -0.03000 0.01339 -0.05135 0.01474 0.09232 -0.00972 -0.03609 0.04180 -0.02123 0.01559 0.09711 -0.01456 -0.07011 0.04046 0.00492 0.02783 -0.00062 0.02676 -0.04889 -0.00191 -0.04605 0.00195 -0.07481 -0.03129 0.01009
-0.01508 -0.08531 -0.07468 -0.01488 0.04602 0.00717 0.00838 -0.05618 0.03343 -0.04607 0.02447 0.04947 0.01132 0.00432 -0.03998 0.33200 -0.00779 -0.00258 -0.02671 -0.04591 0.00136 0.04593 -0.06926 -0.03027 0.00888 -0.03246 0.06618 0.03827 -0.01131 0.08879 0.00061 0.01602 -0.00007 -0.01505 0.02104 -0.02195 0.00074 -0.09307 0.02099 -0.06070 0.02370 0.01863 0.02813 0.01329 0.06725 0.00648 0.02608 -0.00476 0.06179 0.03062
-0.01657 -0.01177 -0.05022 0.00417 -0.00993 0.00475 0.01692 -0.04496 -0.01422 -0.01314 0.00402 0.03425 0.02756 0.01779 -0.03172 0.00779 1.03383 -0.00529 -0.00225 0.03375 -0.02069 -0.00778 -0.00442 -0.00254 0.00129 -0.00853 -0.02072 -0.03831 -0.00315 0.02883 -0.01413 -0.02139 -0.02537 0.01895 0.03865 -0.00657 -0.01890 -0.01003 0.01559 -0.01461 0.01892 0.01261 -0.01528 -0.01546 -0.02772 -0.03300 -0.01257 -0.00236 0.01598 -0.01159
0.01215 -0.00223 -0.00233 0.01780 -0.00050 0.03790 -0.03390 0.01310 0.03840 -0.04955 -0.04507 -0.06381 0.01942 -0.04372 0.03318 0.00258 0.00529 0.72581 0.00508 -0.01673 -0.01970 -0.05482 -0.01639 0.02501 -0.05425 0.02842 -0.00296 -0.00813 0.02119 -0.00597 0.01197 0.04312 0.05644 0.04020 -0.03526 0.00434 0.01586 0.12436 0.00391 0.02125 -0.01267 -0.01915 -0.00451 -0.00274 -0.01128 -0.00120 0.01186 0.02567 -0.12791 -0.01435
-0.03733 0.02825 -0.05473 0.05812 0.06066 -0.02638 0.00111 -0.04139 0.01106 -0.03069 0.01132 -0.02235 0.01630 0.01516 0.02599 0.02671 0.00225 -0.00508 1.03002 -0.04107 -0.04273 0.06318 0.03733 -0.04087 -0.03010 -0.04654 -0.02053 -0.03868 -0.01345 -0.00197 -0.06413 -0.06055 0.03570 -0.04354 -0.03063 0.01554 0.01959 -0.02768 -0.05890 -0.01873 0.03125 -0.00679 0.00467 -0.04019 -0.03189 -0.02566 0.04781 -0.05988 -0.02030 0.01353
0.05426 0.05162 0.03728 -0.03804 -0.03809 0.02599 0.04240 0.04123 -0.01309 0.02542 -0.01711 -0.01893 -0.03447 -0.05735 -0.01328 0.04591 -0.03375 0.01673 0.04107 0.53574 -0.00901 0.00232 0.07475 0.08059 -0.03116 0.01666 0.00023 -0.02960 -0.03498 0.01290 -0.04899 -0.00023 -0.02565 -0.06675 -0.04714 0.06303 0.02628 0.01466 0.05517 0.02713 -0.03466 -0.06925 -0.02264 -0.02001 0.00788 -0.04370 0.00918 0.04030 0.03082 -0.05183
-0.01889 0.08153 0.03833 -0.00713 -0.07407 0.00990 -0.04538 0.00256 -0.01499 -0.01952 -0.08746 0.03324 -0.00403 0.03452 0.05413 -0.00136 0.02069 0.01970 0.04273 0.00901 0.66098 0.05673 -0.01445 0.00095 -0.00165 0.02905 -0.04843 0.03799 -0.01513 -0.08190 0.01828 -0.00329 -0.05895 0.05113 0.02998 -0.04181 0.01748 0.02601 -0.03483 0.03706 -0.03610 -0.00321 -0.01487 0.04114 0.01577 0.06644 0.00240 0.05271 0.05840 0.02299
-0.01992 -0.02628 0.01997 -0.07009 0.04530 0.08441 0.03128 -0.00996 -0.01057 0.14984 0.04455 0.07754 -0.02886 0.01707 0.00207 -0.04593 0.00778 0.05482 -0.06318 -0.00232 -0.05673 0.24190 -0.03068 -0.03761 0.08386 -0.05386 0.05570 0.07480 -0.03298 0.05042 0.02969 0.07348 -0.03497 -0.01632 0.05661 -0.01398 0.03748 -0.04849 -0.03632 -0.04906 0.04736 0.04827 0.05988 0.03698 0.07659 0.03517 -0.00372 -0.02670 0.02980 0.03393
-0.01107 -0.04451 -0.04411 0.01996 -0.00598 0.01083 0.01773 -0.06681 0.00486 -0.01885 0.06162 0.05998 0.06454 -0.00865 -0.00521 0.06926 0.00442 0.01639 -0.03733 -0.07475 0.01445 0.03068 0.48506 -0.06771 0.01464 -0.04345 -0.00755 0.02873 0.00704 0.05274 -0.00061 0.00839 0.03033 -0.02839 0.02367 -0.07785 -0.06073 -0.03844 -0.04329 0.01610 0.00575 -0.05137 0.03982 0.05514 0.00959 -0.01407 0.04993 -0.00146 0.02123 0.04072
0.03598 0.00232 0.01254 0.08699 -0.04076 0.01242 -0.04262 0.02833 -0.01298 -0.05350 -0.03772 -0.02502 -0.01185 0.00871 0.01501 0.03027 0.00254 -0.02501 0.04087 -0.08059 -0.00095 0.03761 0.06771 0.08390 -0.00582 0.05224 -0.00017 -0.06249 -0.00370 0.02311 0.00067 -0.02958 0.03853 0.02516 -0.05899 -0.01823 -0.02514 -0.00756 0.05505 0.00841 -0.04517 -0.03980 0.01134 -0.05736 -0.07533 0.06306 0.03704 0.01185 0.11921 0.00484
-0.01293 0.02135 0.06543 -0.04720 0.01651 0.00768 0.10943 0.00367 0.02853 0.08992 -0.03848 0.02719 -0.00199 0.01789 0.03919 -0.00888 -0.00129 0.05425 0.03010 0.03116 0.00165 -0.08386 -0.01464 0.00582 0.12905 -0.01888 -0.01607 0.02991 -0.00222 0.01791 -0.02513 0.06728 -0.01711 0.01459 0.00713 0.00529 0.01559 0.01944 -0.08346 0.03825 -0.00261 -0.01326 -0.03387 0.02122 -0.02620 -0.01426 0.02949 0.00423 -0.14524 0.04924
-0.02509 0.00148 -0.00353 0.01103 0.01367 -0.03436 0.02242 -0.01659 0.05265 -0.00505 -0.02114 0.00036 0.04847 0.07370 0.03000 0.03246 0.00853 -0.02842 0.04654 -0.01666 -0.02905 0.05386 0.04345 -0.05224 0.01888 0.14957 -0.02080 0.00154 0.02613 0.02773 -0.00241 0.00686 0.00551 -0.01724 -0.00813 0.02507 -0.05621 -0.07213 -0.05025 0.03832 -0.05445 -0.01537 0.00171 0.00741 0.00576 0.02596 0.04409 -0.02560 0.03938 0.06275
0.02465 0.03199 0.00606 0.02210 -0.05240 0.00846 -0.04953 0.02309 -0.04788 -0.00564 -0.05846 0.00097 0.00372 -0.08173 -0.01339 -0.06618 0.02072 0.00296 0.02053 -0.00023 0.04843 -0.05570 0.00755 0.00017 0.01607 0.02080 0.62704 0.03112 -0.01991 -0.03491 0.00330 0.00603 0.08398 0.02321 -0.04605 -0.06277 0.00852 0.07823 -0.02669 0.02158 0.01151 -0.02336 -0.01723 0.05206 -0.02831 0.02209 0.02484 0.03635 -0.11428 0.03524
0.05913 0.03083 0.00477 -0.00870 0.00672 0.03541 -0.01458 0.04143 -0.00922 -0.01181 -0.06013 -0.02456 -0.01556 -0.01912 0.05135 -0.03827 0.03831 0.00813 0.03868 0.02960 -0.03799 -0.07480 -0.02873 0.06249 -0.02991 -0.00154 -0.03112 0.60961 0.02324 -0.03189 0.03404 0.02217 0.06094 0.00195 -0.05952 0.02215 0.00061 0.03862 0.01452 0.02269 -0.06925 0.02765 -0.01526 0.02302 0.01091 -0.03173 -0.02680 -0.02762 -0.09223 0.04202
-0.05929 -0.01370 -0.07397 0.03636 0.02135 -0.00918 0.01613 -0.04803 0.01458 -0.03498 -0.00254 0.00211 0.01992 0.00325 -0.01474 0.01131 0.00315 -0.02119 0.01345 0.03498 0.01513 0.03298 -0.00704 0.00370 0.00222 -0.02613 0.01991 -0.02324 1.04111 0.02363 -0.03165 -0.02042 -0.02941 0.02137 0.04432 -0.00545 -0.01125 -0.01834 0.00464 -0.00391 0.03521 -0.00530 -0.02727 -0.02976 -0.03835 -0.03767 -0.02358 -0.02792 0.00923 -0.01683
-0.05569 -0.02080 -0.05010 0.00958 -0.04256 -0.02803 -0.04825 -0.09677 0.00468 -0.01044 0.02603 -0.02622 0.00183 -0.01138 -0.09232 -0.08879 -0.02883 0.00597 0.00197 -0.01290 0.08190 -0.05042 -0.05274 -0.02311 -0.01791 -0.02773 0.03491 0.03189 -0.02363 0.53264 -0.04110 0.01511 -0.01046 0.02677 -0.00344 -0.06396 -0.01427 0.02516 0.02527 -0.07110 0.02076 0.00652 0.01431 -0.01213 -0.01581 0.00232 -0.02055 0.00788 -0.09046 0.01454
-0.01138 -0.00068 -0.01643 0.01768 -0.04348 -0.01113 -0.00763 -0.00618 0.00142 -0.00272 -0.01706 -0.00400 0.02973 0.00169 0.00972 -0.00061 0.01413 -0.01197 0.06413 0.04899 -0.01828 -0.02969 0.00061 -0.00067 0.02513 0.00241 -0.00330 -0.03404 0.03165 0.04110 1.02168 -0.01255 -0.00194 0.00529 0.02557 0.03632 -0.05283 -0.02584 -0.01619 0.05562 -0.05849 0.00975 -0.03521 0.01323 -0.04231 -0.00542 0.01126 -0.02349 -0.00611 0.02797
0.04043 0.01609 0.01305 0.01446 0.00434 -0.06407 0.00456 0.02848 0.04214 -0.00077 -0.04450 -0.06820 -0.02164 -0.01834 0.03609 -0.01602 0.02139 -0.04312 0.06055 0.00023 0.00329 -0.07348 -0.00839 0.02958 -0.06728 -0.00686 -0.00603 -0.02217 0.02042 -0.01511 0.01255 0.31507 0.01341 -0.02325 -0.04531 0.06800 -0.02214 0.02460 0.00937 0.01721 -0.04274 -0.01785 -0.02869 -0.02681 -0.04981 -0.04562 0.01353 -0.02296 -0.07449 -0.00297
-0.00947 -0.02564 -0.01729 0.04022 0.00596 -0.08280 0.00166 -0.03027 -0.00665 -0.01294 0.02475 0.00194 -0.00082 -0.01592 -0.04180 0.00007 0.02537 -0.05644 -0.03570 0.02565 0.05895 0.03497 -0.03033 -0.03853 0.01711 -0.00551 -0.08398 -0.06094 0.02941 0.01046 0.00194 -0.01341 0.60619 -0.08152 0.03570 0.02520 -0.00774 0.00757 -0.08460 0.05040 0.06545 -0.02438 -0.02581 -0.03488 -0.02390 -0.02511 -0.02563 0.00641 0.03008 -0.03071
0.02840 0.02493 0.03540 -0.03365 -0.07127 -0.00341 -0.00614 0.00176 -0.05265 -0.03891 -0.04427 0.04248 -0.01434 0.01417 0.02123 0.01505 -0.01895 -0.04020 0.04354 0.06675 -0.05113 0.01632 0.02839 -0.02516 -0.01459 0.01724 -0.02321 -0.00195 -0.02137 -0.02677 -0.00529 0.02325 0.08152 0.36254 -0.00303 -0.05979 0.03545 -0.05160 0.01370 0.02509 -0.03792 0.08127 0.02875 0.05802 0.05406 0.03406 -0.07412 -0.00343 0.05823 0.02781
0.06112 -0.00884 0.00740 -0.07031 0.01064 0.03868 0.03069 0.05300 -0.00592 0.05809 -0.04248 0.05464 -0.02329 -0.04615 -0.01559 -0.02104 -0.03865 0.03526 0.03063 0.04714 -0.02998 -0.05661 -0.02367 0.05899 -0.00713 0.00813 0.04605 0.05952 -0.04432 0.00344 -0.02557 0.04531 -0.03570 0.00303 0.86164 0.00916 0.03068 -0.02322 0.03708 -0.04225 -0.05476 0.03907 0.00731 0.05214 0.03942 -0.03579 -0.03046 0.03830 -0.02889 0.02979
-0.03738 -0.03287 -0.06926 -0.03163 0.03444 -0.01115 0.04641 -0.04185 0.01735 -0.03144 0.00246 -0.10865 0.00307 0.02680 -0.09711 0.02195 0.00657 -0.00434 -0.01554 -0.06303 0.04181 0.01398 0.07785 0.01823 -0.00529 -0.02507 0.06277 -0.02215 0.00545 0.06396 -0.03632 -0.06800 -0.02520 0.05979 -0.00916 0.40682 -0.03302 -0.00053 0.09420 0.00293 0.03430 -0.05707 -0.00986 -0.06816 -0.04153 -0.02289 0.02293 -0.02818 0.00639 -0.00441
0.04993 0.00443 0.06426 -0.03352 0.00313 0.02323 0.00192 0.05993 0.00270 -0.00031 0.01057 -0.01960 -0.03357 0.02302 0.01456 -0.00074 0.01890 -0.01586 -0.01959 -0.02628 -0.01748 -0.03748 0.06073 0.02514 -0.01559 0.05621 -0.00852 -0.00061 0.01125 0.01427 0.05283 0.02214 0.00774 -0.03545 -0.03068 0.03302 0.96580 0.01371 -0.01646 -0.07911 -0.00358 -0.00068 -0.00659 0.00494 0.04986 0.04812 0.00438 0.07049 0.02035 0.03106
-0.01423 0.02271 0.03383 0.03828 -0.02912 -0.03355 0.01063 0.03495 0.06955 -0.06578 -0.03493 -0.03149 0.06535 0.05355 0.07011 0.09307 0.01003 -0.12436 0.02768 -0.01466 -0.02601 0.04849 0.03844 0.00756 -0.01944 0.07213 -0.07823 -0.03862 0.01834 -0.02516 0.02584 -0.02460 -0.00757 0.05160 0.02322 0.00053 -0.01371 0.42557 -0.00344 0.02316 -0.01998 -0.00770 -0.04240 -0.00528 -0.03385 0.04716 -0.01441 0.00124 0.04408 0.05413
0.00460 0.01998 0.05981 0.02323 -0.14858 -0.04215 -0.07624 0.00052 -0.02094 -0.00994 -0.05179 0.01462 -0.03486 0.04805 -0.04046 -0.02099 -0.01559 -0.00391 0.05890 -0.05517 0.03483 0.03632 0.04329 -0.05505 0.08346 0.05025 0.02669 -0.01452 -0.00464 -0.02527 0.01619 -0.00937 0.08460 -0.01370 -0.03708 -0.09420 0.01646 0.00344 0.24756 -0.03225 -0.04493 0.01344 0.01852 0.03863 0.00666 0.07819 0.02254 0.01352 0.15096 0.07841
-0.03589 -0.03974 -0.04806 0.01918 0.07256 0.01060 -0.00079 -0.07391 0.05059 -0.02080 -0.04852 -0.03824 0.03100 -0.00081 -0.00492 0.06070 0.01461 -0.02125 0.01873 -0.02713 -0.03706 0.04906 -0.01610 -0.00841 -0.03825 -0.03832 -0.02158 -0.02269 0.00391 0.07110 -0.05562 -0.01721 -0.05040 -0.02509 0.04225 -0.00293 0.07911 -0.02316 0.03225 0.91986 -0.00431 -0.01485 -0.03985 -0.01827 0.00041 -0.05859 0.01074 -0.04852 0.07469 0.02014
0.07679 -0.05488 0.07854 -0.04654 -0.04171 0.03822 -0.02432 0.06175 -0.02354 0.03552 0.05977 0.00154 -0.04955 -0.03033 -0.02783 -0.02370 -0.01892 0.01267 -0.03125 0.03466 0.03610 -0.04736 -0.00575 0.04517 0.00261 0.05445 -0.01151 0.06925 -0.03521 -0.02076 0.05849 0.04274 -0.06545 0.03792 0.05476 -0.03430 0.00358 0.01998 0.04493 0.00431 1.00768 0.02934 0.05582 0.04418 0.01812 0.04332 -0.03425 0.07188 -0.01166 -0.04136
0.05909 0.06773 0.03912 -0.04843 -0.05807 -0.03135 0.00809 0.05541 -0.05800 0.07583 -0.01483 0.00300 -0.06874 -0.07747 0.00062 -0.01863 -0.01261 0.01915 0.00679 0.06925 0.00321 -0.04827 0.05137 0.03980 0.01326 0.01537 0.02336 -0.02765 0.00530 -0.00652 -0.00975 0.01785 0.02438 -0.08127 -0.03907 0.05707 0.00068 0.00770 -0.01344 0.01485 -0.02934 0.70185 -0.00716 0.02448 -0.00948 -0.05937 -0.00900 0.00834 -0.01739 -0.04445
0.06419 0.01033 0.02552 -0.05252 -0.04504 0.00155 -0.02814 0.04003 0.01610 0.05442 -0.05760 -0.03540 0.00213 -0.03732 -0.02676 -0.02813 0.01528 0.00451 -0.00467 0.02264 0.01487 -0.05988 -0.03982 -0.01134 0.03387 -0.00171 0.01723 0.01526 0.02727 -0.01431 0.03521 0.02869 0.02581 -0.02875 -0.00731 0.00986 0.00659 0.04240 -0.01852 0.03985 -0.05582 0.00716 0.88121 0.06173 0.06006 -0.02095 0.03807 -0.07390 -0.02671 -0.07585
0.09741 0.04485 0.01035 0.07108 -0.02968 0.00134 0.00506 0.03189 -0.01083 0.00837 -0.04361 -0.02014 0.01135 -0.07553 0.04889 -0.01329 0.01546 0.00274 0.04019 0.02001 -0.04114 -0.03698 -0.05514 0.05736 -0.02122 -0.00741 -0.05206 -0.02302 0.02976 0.01213 -0.01323 0.02681 0.03488 -0.05802 -0.05214 0.06816 -0.00494 0.00528 -0.03863 0.01827 -0.04418 -0.02448 -0.06173 0.26210 0.00697 -0.03814 0.03924 -0.01149 -0.05208 -0.02265
0.08082 0.00037 0.01267 0.02297 0.00266 0.02673 -0.02137 0.01008 -0.02561 0.00787 -0.02375 -0.04471 -0.01583 -0.08121 0.00191 -0.06725 0.02772 0.01128 0.03189 -0.00788 -0.01577 -0.07659 -0.00959 0.07533 0.02620 -0.00576 0.02831 -0.01091 0.03835 0.01581 0.04231 0.04981 0.02390 -0.05406 -0.03942 0.04153 -0.04986 0.03385 -0.00666 -0.00041 -0.01812 0.00948 -0.06006 -0.00697 0.51625 -0.00866 0.04803 -0.06173 -0.00066 -0.05315
-0.02325 0.03674 0.04984 -0.02070 -0.01818 -0.01912 0.06274 -0.02712 0.05085 0.09050 -0.02231 0.03758 0.00870 0.06822 0.04605 -0.00648 0.03300 0.00120 0.02566 0.04370 -0.06644 -0.03517 0.01407 -0.06306 0.01426 -0.02596 -0.02209 0.03173 0.03767 -0.00232 0.00542 0.04562 0.02511 -0.03406 0.03579 0.02289 -0.04812 -0.04716 -0.07819 0.05859 -0.04332 0.05937 0.02095 0.03814 0.00866 0.28911 0.01357 -0.06375 -0.06023 0.04211
-0.03185 -0.01942 -0.04648 0.04994 0.05804 0.01274 0.00783 -0.04764 -0.01459 -0.02840 0.03142 -0.06403 0.04882 0.01386 -0.00195 -0.02608 0.01257 -0.01186 -0.04781 -0.00918 -0.00240 0.00372 -0.04993 -0.03704 -0.02949 -0.04409 -0.02484 0.02680 0.02358 0.02055 -0.01126 -0.01353 0.02563 0.07412 0.03046 -0.02293 -0.00438 0.01441 -0.02254 -0.01074 0.03425 0.00900 -0.03807 -0.03924 -0.04803 -0.01357 0.76792 -0.02719 -0.11914 0.00735
0.01543 0.00323 0.03916 0.01490 -0.01278 0.01807 0.00111 0.04506 0.05706 -0.01450 -0.01946 0.00391 0.00122 -0.01580 0.07481 0.00476 0.00236 -0.02567 0.05988 -0.04030 -0.05271 0.02670 0.00146 -0.01185 -0.00423 0.02560 -0.03635 0.02762 0.02792 -0.00788 0.02349 0.02296 -0.00641 0.00343 -0.03830 0.02818 -0.07049 -0.00124 -0.01352 0.04852 -0.07188 -0.00834 0.07390 0.01149 0.06173 0.06375 0.02719 0.83013 0.04521 0.00669
-0.03548 -0.00477 0.05899 -0.03453 0.01303 0.05397 0.06533 -0.05996 0.05639 0.12955 -0.01102 0.10642 -0.03638 0.04783 0.03129 -0.06179 -0.01598 0.12791 0.02030 -0.03082 -0.05840 -0.02980 -0.02123 -0.11921 0.14524 -0.03938 0.11428 0.09223 -0.00923 0.09046 0.00611 0.07449 -0.03008 -0.05823 0.02889 -0.00639 -0.02035 -0.04408 -0.15096 -0.07469 0.01166 0.01739 0.02671 0.05208 0.00066 0.06023 0.11914 -0.04521 0.17938 0.18088
-0.01643 0.03935 -0.05748 -0.00380 0.02079 -0.06449 0.05816 -0.04480 0.01122 -0.01287 0.01904 -0.00390 -0.02975 0.01305 -0.01009 -0.03062 0.01159 0.01435 -0.01353 0.05183 -0.02299 -0.03393 -0.04072 -0.00484 -0.04924 -0.06275 -0.03524 -0.04202 0.01683 -0.01454 -0.02797 0.00297 0.03071 -0.02781 -0.02979 0.00441 -0.03106 -0.05413 -0.07841 -0.02014 0.04136 0.04445 0.07585 0.02265 0.05315 -0.04211 -0.00735 -0.00669 -0.18088 0.85912
