0.44402 0.00500 -0.00202 0.01542 -0.07165 -0.00416 -0.00575 0.01231 -0.00714 -0.01561 -0.07611 0.02337 -0.04505 -0.04050 0.00299 -0.01823 0.03535 -0.03177 -0.01745 0.02020 -0.03857 0.00571 -0.00216 -0.02376 0.01469 -0.03003 -0.00428 0.04685 -0.00463 -0.02188 0.03173 0.00665 0.03346 0.00007 -0.01732 0.11333 -0.00884 -0.00389 0.01953 0.01038 -0.02115 -0.03669 0.00243 -0.01325 -0.01177 0.02646 0.01301 -0.02300 0.06656 -0.06797
-0.00500 0.55929 0.00486 -0.02933 -0.02304 0.01688 0.03154 0.02823 0.00181 0.00016 -0.03528 0.04070 -0.00388 0.01331 0.03726 -0.00986 0.01341 0.01683 -0.01519 0.01910 -0.05331 0.03930 0.00132 -0.00193 -0.00006 -0.06468 -0.02983 0.02171 -0.04936 -0.00287 0.00428 0.02522 0.00422 -0.00353 -0.06511 0.01576 0.00038 -0.01721 0.00354 -0.04543 -0.02729 -0.01389 -0.01531 0.01144 -0.00239 0.01857 0.04057 -0.04020 -0.08946 0.01412
0.00202 -0.00486 0.46552 -0.03792 -0.02808 -0.04314 -0.01683 -0.02538 0.02187 0.01315 -0.04372 0.01162 -0.02843 -0.03361 0.00437 -0.01928 0.04362 -0.05057 -0.00357 -0.00590 -0.03322 -0.01082 -0.00545 -0.00049 0.02191 -0.04504 -0.02148 0.01649 -0.00782 -0.02720 0.04315 0.01486 0.01871 -0.01055 0.00349 0.00481 0.00187 0.02026 0.00460 -0.01372 -0.01375 -0.04069 0.03892 0.04212 -0.02433 -0.01259 -0.00592 0.01275 -0.02826 -0.04794
-0.01542 0.02933 0.03792 0.73722 0.01737 0.04377 0.07270 0.03985 -0.01248 -0.06778 -0.04723 0.01656 0.03126 -0.05785 0.03629 -0.02936 0.06175 -0.01922 0.01922 -0.00183 0.00235 -0.00794 0.01985 -0.09383 0.00357 0.00272 -0.00942 -0.02951 -0.08035 0.01321 0.08534 -0.04979 0.04670 0.00350 0.09043 0.00344 0.03673 0.05892 0.02138 -0.03056 0.08032 0.00304 -0.03661 0.01764 -0.06278 0.01213 0.06514 0.03268 -0.07806 -0.08972
0.07165 0.02304 0.02808 -0.01737 0.01014 -0.02700 0.00901 0.03256 -0.03229 -0.00084 0.00170 -0.01387 0.02714 0.02290 0.03938 0.00226 0.00971 -0.00887 0.03497 -0.03683 0.03027 0.02607 -0.01443 0.00424 -0.03651 0.02691 -0.01917 -0.02027 -0.01526 -0.01017 -0.06990 -0.01043 -0.00796 -0.02371 0.00718 -0.05368 -0.04895 -0.01353 -0.01510 -0.01460 0.00544 0.05016 0.05075 0.01537 0.00044 -0.04074 -0.00741 0.02368 -0.06640 0.03141
0.00416 -0.01688 0.04314 -0.04377 0.02700 1.02900 -0.06200 -0.03879 0.00213 0.04051 0.05170 0.04075 -0.04896 -0.05905 -0.01625 0.08233 -0.00299 0.03858 -0.01605 0.06708 -0.03346 -0.04154 -0.04492 0.01074 0.08181 -0.04743 0.03510 0.04137 0.04445 0.08887 0.07355 0.05811 -0.03362 0.10843 -0.02102 -0.02253 0.07602 -0.06430 -0.09531 0.00032 -0.03966 -0.06647 0.04985 -0.07022 0.02937 0.01347 -0.08392 0.06150 0.00545 -0.04283
0.00575 -0.03154 0.01683 -0.07270 -0.00901 0.06200 0.46811 0.02125 -0.00951 0.03319 -0.00998 0.00115 0.02884 -0.01715 0.04723 -0.03391 -0.00167 0.00721 0.01351 -0.02077 -0.03494 -0.03218 -0.05110 0.03262 0.00583 -0.01121 -0.01459 -0.02711 -0.03451 0.03444 -0.01352 0.00238 0.03014 0.00084 0.01144 0.01474 0.01213 0.00399 -0.04030 -0.03460 0.05215 0.06421 0.01953 0.06340 0.02569 -0.02909 0.05000 -0.00312 -0.07045 0.00790
-0.01231 -0.02823 0.02538 -0.03985 -0.03256 0.03879 -0.02125 1.02764 0.04327 -0.02303 -0.02368 0.01975 -0.03901 -0.04201 0.02237 -0.00149 -0.02904 -0.02491 -0.03498 -0.02725 -0.02541 0.00627 0.01991 -0.00990 0.02827 -0.01959 0.00874 0.02802 -0.06255 0.01319 0.00657 -0.00758 -0.02291 -0.00039 -0.03801 0.02798 0.03958 0.03398 -0.02059 0.02266 -0.01591 0.02077 -0.03293 0.04383 0.00837 0.00038 0.01580 0.02200 -0.02623 0.00351
0.00714 -0.00181 -0.02187 0.01248 0.03229 -0.00213 0.00951 -0.04327 0.95213 -0.00519 0.06911 -0.04101 -0.01037 0.01054 -0.02212 0.05787 -0.00174 0.03224 -0.01720 0.00467 -0.00337 -0.02377 -0.02438 -0.00984 0.02266 0.00263 0.01387 0.00478 0.01999 -0.00430 0.02357 -0.00145 -0.01728 -0.00062 0.01965 -0.02883 -0.00478 -0.00328 -0.05377 -0.02329 -0.00140 -0.03177 -0.05907 -0.05746 0.01232 0.00745 -0.00066 0.00233 0.01163 -0.02290
0.01561 -0.00016 -0.01315 0.06778 0.00084 -0.04051 -0.03319 0.02303 0.00519 0.75213 -0.02547 0.00821 -0.00131 0.03168 0.03765 -0.02253 0.00308 0.00754 0.02996 -0.03236 0.03848 0.04089 -0.02812 0.06049 -0.00708 0.03020 -0.01388 -0.01503 0.05514 0.00715 -0.01962 -0.02500 0.01947 0.02509 0.03201 0.03634 -0.02743 -0.01808 -0.01610 0.01046 0.02754 0.05568 0.02809 -0.01221 0.00364 -0.02256 -0.01476 -0.00120 0.00217 -0.00374
0.07611 0.03528 0.04372 0.04723 -0.00170 -0.05170 0.00998 0.02368 -0.06911 0.02547 0.15022 0.03853 0.02962 0.06779 0.01338 -0.01384 0.04618 0.00474 0.05010 -0.04239 0.02733 0.04786 0.01340 -0.02814 -0.03419 0.03431 -0.02894 -0.03552 0.00719 -0.03503 -0.04218 -0.00702 -0.00839 -0.00752 0.01303 -0.01559 -0.04504 -0.01757 -0.03227 -0.02445 0.00150 0.07542 0.04719 -0.02330 -0.02809 -0.04065 0.02750 -0.01768 -0.03302 0.03885
-0.02337 -0.04070 -0.01162 -0.01656 0.01387 -0.04075 -0.00115 -0.01975 0.04101 -0.00821 -0.03853 0.00000 0.01639 -0.04432 -0.01303 -0.04971 0.05013 -0.02395 0.01605 0.03524 -0.05130 -0.01885 0.01191 -0.02970 0.02701 -0.03105 0.02256 0.04264 0.02607 0.02256 0.05577 -0.00676 -0.02532 0.02225 0.00243 0.01161 -0.01886 0.01158 0.02146 -0.00623 -0.00361 -0.03947 -0.02787 -0.00311 -0.02495 0.03087 0.02292 0.04204 -0.00871 -0.07805
0.04505 0.00388 0.02843 -0.03126 -0.02714 0.04896 -0.02884 0.03901 0.01037 0.00131 -0.02962 -0.01639 0.39315 0.01042 0.01458 -0.02515 0.00041 -0.02699 -0.00836 -0.01295 0.00224 0.02301 -0.03831 0.03208 0.02608 0.01455 -0.02655 0.03560 -0.00498 0.02976 0.00971 0.03778 -0.02236 0.00858 -0.02412 0.02973 -0.00187 -0.00478 -0.02370 -0.03175 -0.07271 0.02645 0.02227 0.02807 0.00383 -0.03279 -0.00246 -0.02934 -0.03205 -0.00461
0.04050 -0.01331 0.03361 0.05785 -0.02290 0.05905 0.01715 0.04201 -0.01054 -0.03168 -0.06779 0.04432 -0.01042 0.66857 0.06453 0.01972 0.04333 -0.02324 0.01290 0.00896 0.01081 0.04718 0.00229 -0.00373 0.02787 0.05643 0.00427 -0.00871 -0.01918 0.00463 0.01861 -0.02333 0.04223 -0.00918 0.06428 0.04550 0.00335 -0.03380 0.00443 -0.02356 0.06967 0.03453 -0.01856 -0.01170 -0.00219 -0.02036 0.05985 -0.04902 -0.03676 -0.06385
-0.00299 -0.03726 -0.00437 -0.03629 -0.03938 0.01625 -0.04723 -0.02237 0.02212 -0.03765 -0.01338 0.01303 -0.01458 -0.06453 0.32245 -0.02343 -0.01249 -0.00948 -0.06934 0.00768 -0.04802 -0.05051 -0.00841 -0.01724 0.03831 -0.02232 -0.00645 0.01130 0.00328 -0.03953 0.05905 -0.01777 0.00516 0.01594 -0.04669 0.06115 0.02223 -0.03218 0.00124 0.03829 -0.02274 -0.02440 -0.02619 0.00676 -0.01314 0.01640 -0.00261 0.03310 -0.00004 -0.03552
0.01823 0.00986 0.01928 0.02936 -0.00226 -0.08233 0.03391 0.00149 -0.05787 0.02253 0.01384 0.04971 0.02515 -0.01972 0.02343 0.18174 0.02313 -0.01402 0.04528 -0.05499 0.00910 -0.00385 0.00051 -0.02139 -0.04185 0.01577 -0.03225 -0.03305 -0.03726 -0.04342 -0.02139 0.00037 0.06655 -0.01557 0.03381 -0.02634 0.01054 -0.00807 0.00459 -0.03226 0.03707 0.00061 0.05689 0.01917 -0.00941 -0.02011 -0.01499 -0.01638 -0.04483 -0.01934
-0.03535 -0.01341 -0.04362 -0.06175 -0.00971 0.00299 0.00167 0.02904 0.00174 -0.00308 -0.04618 -0.05013 -0.00041 -0.04333 0.01249 -0.02313 0.23067 -0.04679 -0.02437 0.01269 -0.06858 0.00299 0.01392 0.00085 0.01456 -0.05606 -0.05453 0.01034 -0.03095 0.00987 0.04117 -0.01158 0.00746 0.00518 -0.04948 -0.00768 0.00012 0.00085 0.01410 0.00963 -0.03861 -0.00200 -0.00799 0.03325 -0.01104 0.02330 -0.03546 0.01297 -0.01621 -0.01274
0.03177 -0.01683 0.05057 0.01922 0.00887 -0.03858 -0.00721 0.02491 -0.03224 -0.00754 -0.00474 0.02395 0.02699 0.02324 0.00948 0.01402 0.04679 0.27639 0.02529 -0.02724 0.07491 0.00370 -0.01841 0.00738 -0.02341 0.08533 -0.04395 -0.05242 0.00398 -0.04099 -0.04186 0.00549 0.01745 -0.02224 0.01295 0.00340 -0.03593 -0.02693 -0.02100 -0.04550 0.04427 0.04116 0.00483 -0.01498 0.00086 -0.05058 0.03998 0.02922 -0.03577 0.01719
0.01745 0.01519 0.00357 -0.01922 -0.03497 0.01605 -0.01351 0.03498 0.01720 -0.02996 -0.05010 -0.01605 0.00836 -0.01290 0.06934 -0.04528 0.02437 -0.02529 1.03397 -0.01305 -0.00519 0.01792 0.01470 -0.01219 0.00008 0.00031 -0.03188 -0.00139 -0.01534 -0.03428 0.00057 -0.01783 0.00894 -0.01426 -0.00472 0.04756 -0.03337 -0.01538 0.01439 -0.01544 -0.01591 0.05784 -0.00692 0.03750 -0.02624 0.00468 0.02717 -0.00217 -0.01222 -0.01238
-0.02020 -0.01910 0.00590 0.00183 0.03683 -0.06708 0.02077 0.02725 -0.00467 0.03236 0.04239 -0.03524 0.01295 -0.00896 -0.00768 0.05499 -0.01269 0.02724 0.01305 0.34270 0.00269 -0.00996 -0.00308 0.02481 -0.04379 -0.02753 -0.04582 -0.02944 -0.02315 -0.00053 -0.01777 0.01024 0.07786 0.00028 0.03311 -0.02109 0.02187 -0.05257 0.00667 -0.06375 0.02393 -0.02150 0.03031 0.02228 -0.01121 0.01684 0.01273 -0.02151 -0.03353 0.07017
0.03857 0.05331 0.03322 -0.00235 -0.03027 0.03346 0.03494 0.02541 0.00337 -0.03848 -0.02733 0.05130 -0.00224 -0.01081 0.04802 -0.00910 0.06858 -0.07491 0.00519 -0.00269 0.88474 0.00940 0.02390 -0.05877 -0.00357 0.00687 -0.02414 0.00720 -0.02913 -0.01393 0.00839 0.00517 -0.01373 -0.02920 0.04155 0.04694 0.02079 0.01054 0.02559 -0.02407 -0.00438 -0.02967 0.03460 0.00645 -0.03618 -0.03571 0.01375 -0.02968 -0.01449 -0.07754
-0.00571 -0.03930 0.01082 0.00794 -0.02607 0.04154 0.03218 -0.00627 0.02377 -0.04089 -0.04786 0.01885 -0.02301 -0.04718 0.05051 0.00385 -0.00299 -0.00370 -0.01792 0.00996 -0.00940 0.59799 -0.04803 -0.01992 0.01156 -0.00341 0.02705 0.04322 -0.04293 -0.00220 0.04568 -0.00387 -0.01497 0.02004 -0.00991 0.06296 0.01589 0.03202 0.00313 0.00608 0.00935 -0.05949 -0.04445 0.02186 -0.01975 -0.02084 0.03551 0.00224 -0.05798 -0.08509
0.00216 -0.00132 0.00545 -0.01985 0.01443 0.04492 0.05110 -0.01991 0.02438 0.02812 -0.01340 -0.01191 0.03831 -0.00229 0.00841 -0.00051 -0.01392 0.01841 -0.01470 0.00308 -0.02390 0.04803 0.56162 0.01138 0.02079 -0.00162 -0.00210 0.03692 0.00690 0.01661 0.02444 0.00820 -0.00435 0.01055 -0.05531 -0.02547 0.02917 -0.00163 -0.02817 -0.00177 -0.04124 0.01917 -0.01759 0.02063 0.01915 0.02357 -0.02547 -0.03518 0.01083 0.03745
0.02376 0.00193 0.00049 0.09383 -0.00424 -0.01074 -0.03262 0.00990 0.00984 -0.06049 0.02814 0.02970 -0.03208 0.00373 0.01724 0.02139 -0.00085 -0.00738 0.01219 -0.02481 0.05877 0.01992 -0.01138 0.35012 0.00625 0.03649 0.04609 0.00664 0.03528 0.01126 0.00662 -0.04711 -0.03779 -0.00163 0.07317 0.03161 -0.00728 0.00154 0.00581 0.03148 -0.00561 0.01374 -0.00435 -0.04551 -0.05128 -0.03873 -0.03084 0.02725 0.05449 -0.03018
-0.01469 0.00006 -0.02191 -0.00357 0.03651 -0.08181 -0.00583 -0.02827 -0.02266 0.00708 0.03419 -0.02701 -0.02608 -0.02787 -0.03831 0.04185 -0.01456 0.02341 -0.00008 0.04379 0.00357 -0.01156 -0.02079 -0.00625 0.85820 -0.00627 0.03529 0.04119 0.01960 -0.01039 0.04370 0.03198 -0.04218 0.01823 -0.00980 -0.02771 -0.03951 -0.03494 0.00383 0.00410 -0.05643 -0.05714 0.01902 -0.04413 -0.01543 0.02716 -0.03435 -0.00195 0.02127 0.01232
0.03003 0.06468 0.04504 -0.00272 -0.02691 0.04743 0.01121 0.01959 -0.00263 -0.03020 -0.03431 0.03105 -0.01455 -0.05643 0.02232 -0.01577 0.05606 -0.08533 -0.00031 0.02753 -0.00687 0.00341 0.00162 -0.03649 0.00627 0.79203 -0.02192 0.00120 -0.02605 -0.00518 0.05415 0.00961 -0.02712 -0.02774 0.04269 0.03940 0.00443 0.04912 0.05359 -0.02079 -0.03164 -0.02633 0.03516 0.00687 -0.04018 -0.02221 0.02224 -0.03074 0.00032 -0.07101
0.00428 0.02983 0.02148 0.00942 0.01917 -0.03510 0.01459 -0.00874 -0.01387 0.01388 0.02894 -0.02256 0.02655 -0.00427 0.00645 0.03225 0.05453 0.04395 0.03188 0.04582 0.02414 -0.02705 0.00210 -0.04609 -0.03529 0.02192 0.47847 -0.08504 -0.02496 -0.01448 0.00748 0.01633 0.00083 0.01886 0.03820 -0.03259 -0.02491 -0.00635 -0.01522 -0.08047 0.05355 -0.00422 -0.00178 -0.05303 -0.03271 -0.00126 0.08331 0.02472 -0.07426 0.01329
-0.04685 -0.02171 -0.01649 0.02951 0.02027 -0.04137 0.02711 -0.02802 -0.00478 0.01503 0.03552 -0.04264 -0.03560 0.00871 -0.01130 0.03305 -0.01034 0.05242 0.00139 0.02944 -0.00720 -0.04322 -0.03692 -0.00664 -0.04119 -0.00120 0.08504 0.67367 0.02042 -0.00799 -0.01549 0.00624 -0.00602 0.02506 0.04810 -0.01856 -0.02217 0.01281 -0.01367 0.02540 0.07458 -0.06404 -0.03778 -0.05451 0.03015 0.03535 0.05747 0.02942 -0.02628 0.00092
0.00463 0.04936 0.00782 0.08035 0.01526 -0.04445 0.03451 0.06255 -0.01999 -0.05514 -0.00719 -0.02607 0.00498 0.01918 -0.00328 0.03726 0.03095 -0.00398 0.01534 0.02315 0.02913 0.04293 -0.00690 -0.03528 -0.01960 0.02605 0.02496 -0.02042 0.49887 -0.00256 -0.00131 -0.02683 -0.03688 -0.00022 0.02833 -0.00379 -0.03378 -0.03365 0.00583 -0.01168 0.00357 0.02016 0.00151 -0.02604 -0.04767 0.02827 0.02848 0.01558 -0.04593 -0.06021
0.02188 0.00287 0.02720 -0.01321 0.01017 -0.08887 -0.03444 -0.01319 0.00430 -0.00715 0.03503 -0.02256 -0.02976 -0.00463 0.03953 0.04342 -0.00987 0.04099 0.03428 0.00053 0.01393 0.00220 -0.01661 -0.01126 0.01039 0.00518 0.01448 0.00799 0.00256 1.02511 -0.00430 -0.00646 -0.02569 0.03036 0.00744 -0.01059 -0.02091 -0.04313 -0.07342 -0.01348 -0.01205 0.03762 -0.00751 -0.03058 0.01227 0.02084 0.00239 0.04726 -0.03172 0.00877
-0.03173 -0.00428 -0.04315 -0.08534 0.06990 -0.07355 0.01352 -0.00657 -0.02357 0.01962 0.04218 -0.05577 -0.00971 -0.01861 -0.05905 0.02139 -0.04117 0.04186 -0.00057 0.01777 -0.00839 -0.04568 -0.02444 -0.00662 -0.04370 -0.05415 -0.00748 0.01549 0.00131 0.00430 0.83437 -0.00925 -0.04074 -0.01794 0.01033 -0.02986 -0.04051 0.02069 -0.00006 0.02086 -0.02096 -0.05244 -0.06064 -0.00921 0.03200 0.03937 -0.01576 0.05356 -0.01184 0.04176
-0.00665 -0.02522 -0.01486 0.04979 0.01043 -0.05811 -0.00238 0.00758 0.00145 0.02500 0.00702 0.00676 -0.03778 0.02333 0.01777 -0.00037 0.01158 -0.00549 0.01783 -0.01024 -0.00517 0.00387 -0.00820 0.04711 -0.03198 -0.00961 -0.01633 -0.00624 0.02683 0.00646 0.00925 0.50778 0.06084 -0.01055 0.07848 -0.00203 0.03959 -0.02460 0.01978 0.00064 0.00932 -0.02270 0.02692 0.00100 0.02188 0.02473 -0.04214 -0.02654 0.02846 -0.02419
-0.03346 -0.00422 -0.01871 -0.04670 0.00796 0.03362 -0.03014 0.02291 0.01728 -0.01947 0.00839 0.02532 0.02236 -0.04223 -0.00516 -0.06655 -0.00746 -0.01745 -0.00894 -0.07786 0.01373 0.01497 0.00435 0.03779 0.04218 0.02712 -0.00083 0.00602 0.03688 0.02569 0.04074 -0.06084 0.66968 0.02514 -0.07443 -0.01240 -0.04146 -0.02090 -0.03475 0.01315 -0.05531 0.07123 -0.02038 0.00337 -0.00598 -0.00543 -0.00302 0.01085 0.01291 0.02359
-0.00007 0.00353 0.01055 -0.00350 0.02371 -0.10843 -0.00084 0.00039 0.00062 -0.02509 0.00752 -0.02225 -0.00858 0.00918 -0.01594 0.01557 -0.00518 0.02224 0.01426 -0.00028 0.02920 -0.02004 -0.01055 0.00163 -0.01823 0.02774 -0.01886 -0.02506 0.00022 -0.03036 0.01794 0.01055 -0.02514 0.47154 -0.01764 -0.02448 -0.02871 -0.01277 0.00296 -0.01467 0.00996 -0.00426 0.00611 -0.01132 -0.00187 0.00931 0.00590 0.03956 -0.02192 0.01596
0.01732 0.06511 -0.00349 -0.09043 -0.00718 0.02102 -0.01144 0.03801 -0.01965 -0.03201 -0.01303 -0.00243 0.02412 -0.06428 0.04669 -0.03381 0.04948 -0.01295 0.00472 -0.03311 -0.04155 0.00991 0.05531 -0.07317 0.00980 -0.04269 -0.03820 -0.04810 -0.02833 -0.00744 -0.01033 -0.07848 0.07443 0.01764 0.56160 0.04354 -0.00407 0.01592 0.03227 -0.02794 -0.00974 0.03003 0.03024 0.00546 -0.05548 0.01714 0.05304 0.02885 -0.03975 -0.00505
-0.11333 -0.01576 -0.00481 -0.00344 0.05368 0.02253 -0.01474 -0.02798 0.02883 -0.03634 0.01559 -0.01161 -0.02973 -0.04550 -0.06115 0.02634 0.00768 -0.00340 -0.04756 0.02109 -0.04694 -0.06296 0.02547 -0.03161 0.02771 -0.03940 0.03259 0.01856 0.00379 0.01059 0.02986 0.00203 0.01240 0.02448 -0.04354 0.16474 0.03574 -0.03180 -0.01831 0.01469 -0.01408 -0.04837 -0.03631 -0.01583 -0.01217 0.08860 -0.00822 0.00774 0.07035 -0.00145
0.00884 -0.00038 -0.00187 -0.03673 0.04895 -0.07602 -0.01213 -0.03958 0.00478 0.02743 0.04504 0.01886 0.00187 -0.00335 -0.02223 -0.01054 -0.00012 0.03593 0.03337 -0.02187 -0.02079 -0.01589 -0.02917 0.00728 0.03951 -0.00443 0.02491 0.02217 0.03378 0.02091 0.04051 -0.03959 0.04146 0.02871 0.00407 -0.03574 0.89329 -0.00607 -0.04175 0.01081 0.01440 0.00935 -0.02239 -0.01741 0.04001 0.00240 0.01197 0.00189 -0.00010 -0.01047
0.00389 0.01721 -0.02026 -0.05892 0.01353 0.06430 -0.00399 -0.03398 0.00328 0.01808 0.01757 -0.01158 0.00478 0.03380 0.03218 0.00807 -0.00085 0.02693 0.01538 0.05257 -0.01054 -0.03202 0.00163 -0.00154 0.03494 -0.04912 0.00635 -0.01281 0.03365 0.04313 -0.02069 0.02460 0.02090 0.01277 -0.01592 0.03180 0.00607 0.02584 -0.00015 -0.00993 0.02653 0.01644 -0.01431 -0.01225 0.00865 0.01707 0.01502 -0.00460 0.01168 0.05062
-0.01953 -0.00354 -0.00460 -0.02138 0.01510 0.09531 0.04030 0.02059 0.05377 0.01610 0.03227 -0.02146 0.02370 -0.00443 -0.00124 -0.00459 -0.01410 0.02100 -0.01439 -0.00667 -0.02559 -0.00313 0.02817 -0.00581 -0.00383 -0.05359 0.01522 0.01367 -0.00583 0.07342 0.00006 -0.01978 0.03475 -0.00296 -0.03227 0.01831 0.04175 0.00015 0.30028 0.02532 -0.01501 -0.00065 -0.01262 0.00935 0.01552 0.03598 -0.02361 -0.05017 0.03685 0.02568
-0.01038 0.04543 0.01372 0.03056 0.01460 -0.00032 0.03460 -0.02266 0.02329 -0.01046 0.02445 0.00623 0.03175 0.02356 -0.03829 0.03226 -0.00963 0.04550 0.01544 0.06375 0.02407 -0.00608 0.00177 -0.03148 -0.00410 0.02079 0.08047 -0.02540 0.01168 0.01348 -0.02086 -0.00064 -0.01315 0.01467 0.02794 -0.01469 -0.01081 0.00993 -0.02532 0.45263 0.05531 -0.01846 -0.02589 -0.06194 -0.00108 0.02298 0.04078 -0.00325 -0.00546 -0.00186
0.02115 0.02729 0.01375 -0.08032 -0.00544 0.03966 -0.05215 0.01591 0.00140 -0.02754 -0.00150 0.00361 0.07271 -0.06967 0.02274 -0.03707 0.03861 -0.04427 0.01591 -0.02393 0.00438 -0.00935 0.04124 0.00561 0.05643 0.03164 -0.05355 -0.07458 -0.00357 0.01205 0.02096 -0.00932 0.05531 -0.00996 0.00974 0.01408 -0.01440 -0.02653 0.01501 -0.05531 0.64622 0.04306 0.03998 0.00982 -0.03436 -0.03489 0.00411 0.01820 -0.00864 0.02014
0.03669 0.01389 0.04069 -0.00304 -0.05016 0.06647 -0.06421 -0.02077 0.03177 -0.05568 -0.07542 0.03947 -0.02645 -0.03453 0.02440 -0.00061 0.00200 -0.04116 -0.05784 0.02150 0.02967 0.05949 -0.01917 -0.01374 0.05714 0.02633 0.00422 0.06404 -0.02016 -0.03762 0.05244 0.02270 -0.07123 0.00426 -0.03003 0.04837 -0.00935 -0.01644 0.00065 0.01846 -0.04306 0.50297 -0.02187 -0.01351 -0.06582 -0.00587 -0.02404 0.03060 -0.00736 -0.07419
-0.00243 0.01531 -0.03892 0.03661 -0.05075 -0.04985 -0.01953 0.03293 0.05907 -0.02809 -0.04719 0.02787 -0.02227 0.01856 0.02619 -0.05689 0.00799 -0.00483 0.00692 -0.03031 -0.03460 0.04445 0.01759 0.00435 -0.01902 -0.03516 0.00178 0.03778 -0.00151 0.00751 0.06064 -0.02692 0.02038 -0.00611 -0.03024 0.03631 0.02239 0.01431 0.01262 0.02589 -0.03998 0.02187 0.48866 0.03784 -0.04323 -0.01441 -0.03125 -0.02069 0.01579 -0.02994
0.01325 -0.01144 -0.04212 -0.01764 -0.01537 0.07022 -0.06340 -0.04383 0.05746 0.01221 0.02330 0.00311 -0.02807 0.01170 -0.00676 -0.01917 -0.03325 0.01498 -0.03750 -0.02228 -0.00645 -0.02186 -0.02063 0.04551 0.04413 -0.00687 0.05303 0.05451 0.02604 0.03058 0.00921 -0.00100 -0.00337 0.01132 -0.00546 0.01583 0.01741 0.01225 -0.00935 0.06194 -0.00982 0.01351 -0.03784 0.15927 0.05898 -0.01496 -0.04839 0.02702 0.03435 0.01355
0.01177 0.00239 0.02433 0.06278 -0.00044 -0.02937 -0.02569 -0.00837 -0.01232 -0.00364 0.02809 0.02495 -0.00383 0.00219 0.01314 0.00941 0.01104 -0.00086 0.02624 0.01121 0.03618 0.01975 -0.01915 0.05128 0.01543 0.04018 0.03271 -0.03015 0.04767 -0.01227 -0.03200 -0.02188 0.00598 0.00187 0.05548 0.01217 -0.04001 -0.00865 -0.01552 0.00108 0.03436 0.06582 0.04323 -0.05898 0.52716 -0.01176 0.01794 -0.00847 0.00330 -0.00742
-0.02646 -0.01857 0.01259 -0.01213 0.04074 -0.01347 0.02909 -0.00038 -0.00745 0.02256 0.04065 -0.03087 0.03279 0.02036 -0.01640 0.02011 -0.02330 0.05058 -0.00468 -0.01684 0.03571 0.02084 -0.02357 0.03873 -0.02716 0.02221 0.00126 -0.03535 -0.02827 -0.02084 -0.03937 -0.02473 0.00543 -0.00931 -0.01714 -0.08860 -0.00240 -0.01707 -0.03598 -0.02298 0.03489 0.00587 0.01441 0.01496 0.01176 0.46224 0.03225 0.02450 -0.09165 0.05545
-0.01301 -0.04057 0.00592 -0.06514 0.00741 0.08392 -0.05000 -0.01580 0.00066 0.01476 -0.02750 -0.02292 0.00246 -0.05985 0.00261 0.01499 0.03546 -0.03998 -0.02717 -0.01273 -0.01375 -0.03551 0.02547 0.03084 0.03435 -0.02224 -0.08331 -0.05747 -0.02848 -0.00239 0.01576 0.04214 0.00302 -0.00590 -0.05304 0.00822 -0.01197 -0.01502 0.02361 -0.04078 -0.00411 0.02404 0.03125 0.04839 -0.01794 -0.03225 0.69733 0.05958 -0.02824 0.00661
0.02300 0.04020 -0.01275 -0.03268 -0.02368 -0.06150 0.00312 -0.02200 -0.00233 0.00120 0.01768 -0.04204 0.02934 0.04902 -0.03310 0.01638 -0.01297 -0.02922 0.00217 0.02151 0.02968 -0.00224 0.03518 -0.02725 0.00195 0.03074 -0.02472 -0.02942 -0.01558 -0.04726 -0.05356 0.02654 -0.01085 -0.03956 -0.02885 -0.00774 -0.00189 0.00460 0.05017 0.00325 -0.01820 -0.03060 0.02069 -0.02702 0.00847 -0.02450 -0.05958 0.72523 0.03210 0.04695
-0.06656 0.08946 0.02826 0.07806 0.06640 -0.00545 0.07045 0.02623 -0.01163 -0.00217 0.03302 0.00871 0.03205 0.03676 0.00004 0.04483 0.01621 0.03577 0.01222 0.03353 0.01449 0.05798 -0.01083 -0.05449 -0.02127 -0.00032 0.07426 0.02628 0.04593 0.03172 0.01184 -0.02846 -0.01291 0.02192 0.03975 -0.07035 0.00010 -0.01168 -0.03685 0.00546 0.00864 0.00736 -0.01579 -0.03435 -0.00330 0.09165 0.02824 -0.03210 0.56402 -0.02762
0.06797 -0.01412 0.04794 0.08972 -0.03141 0.04283 -0.00790 -0.00351 0.02290 0.00374 -0.03885 0.07805 0.00461 0.06385 0.03552 0.01934 0.01274 -0.01719 0.01238 -0.07017 0.07754 0.08509 -0.03745 0.03018 -0.01232 0.07101 -0.01329 -0.00092 0.06021 -0.00877 -0.04176 0.02419 -0.02359 -0.01596 0.00505 0.00145 0.01047 -0.05062 -0.02568 0.00186 -0.02014 0.07419 0.02994 -0.01355 0.00742 -0.05545 -0.00661 -0.04695 0.02762 0.00000
