0.26328 0.00313 -0.00474 0.05123 0.05283 -0.01929 0.01003 -0.02775 0.00759 0.01058 -0.02343 -0.02552 -0.01012 -0.00562 -0.00020 -0.00830 0.01829 0.00850 0.05472 -0.03416 0.01096 -0.00410 -0.01576 -0.04050 0.02066 -0.00430 -0.00984 -0.02896 0.06472 0.06650 -0.01043 -0.00996 0.00318 -0.03105 -0.05025 0.03484 -0.03109 -0.00314 -0.01852 0.02263 -0.06352 -0.03377 -0.04621 -0.06960 -0.05254 0.00647 0.02717 -0.00925 -0.00493 0.01784
-0.00313 0.65521 -0.04377 0.03954 0.02578 -0.00004 0.01718 0.00494 -0.00399 -0.01539 0.09045 0.00882 0.04232 -0.00979 0.02872 0.02888 0.01215 0.00756 -0.02174 -0.05560 -0.04795 0.00781 0.05450 -0.01282 0.00870 -0.00854 0.00536 -0.02290 0.01862 0.00679 -0.00416 -0.01630 0.05961 -0.02354 -0.02536 -0.01233 -0.01127 -0.02200 -0.02195 0.00865 0.05248 -0.03296 0.01847 -0.02590 0.00488 -0.01796 0.03366 -0.02792 -0.01298 -0.04069
0.00474 0.04377 0.16010 0.00957 0.00679 -0.06340 0.03339 0.00246 0.05963 0.00794 -0.05364 -0.01955 0.04285 0.02557 0.04206 0.06261 0.03964 -0.00550 0.06925 -0.03025 -0.01140 -0.02538 0.04034 0.00645 -0.05966 0.02176 -0.00789 -0.01467 0.07059 0.03297 -0.00542 -0.02991 0.01569 -0.01119 -0.00805 0.05136 -0.04555 -0.01494 -0.01377 0.04165 -0.06468 -0.03650 -0.02583 -0.01898 -0.02983 -0.04156 0.02556 -0.00898 -0.04428 0.03836
-0.05123 -0.03954 -0.00957 0.67820 0.05482 -0.00279 -0.01426 -0.00549 0.01304 0.04364 0.05575 0.00375 -0.02461 0.01719 -0.03099 0.00259 -0.00120 -0.01421 -0.05721 0.03693 0.01283 0.01837 -0.02122 -0.04259 0.01398 -0.00843 -0.01550 -0.01278 -0.02491 -0.01463 -0.01094 -0.01275 -0.03241 0.02665 0.04149 0.04767 0.03476 -0.01187 -0.00509 -0.02577 0.04110 0.04246 0.04596 -0.07620 -0.02402 -0.00235 -0.04810 -0.01610 -0.00849 -0.01648
-0.05283 -0.02578 -0.00679 -0.05482 0.45717 -0.00808 -0.01098 -0.03243 -0.00492 0.01185 0.05993 0.00400 -0.01337 0.01105 -0.02699 -0.01982 0.01011 0.01712 -0.06217 0.05188 0.04035 -0.01461 -0.00624 0.01214 -0.01171 -0.01813 0.01911 0.01207 -0.01824 0.02348 0.04754 0.01059 -0.03184 0.04444 0.01631 -0.01405 0.00845 0.02442 0.05639 -0.04101 0.04214 0.04223 0.03506 0.04740 0.00865 0.01313 -0.04432 0.03295 -0.01086 -0.01606
0.01929 0.00004 0.06340 0.00279 0.00808 0.72390 -0.06153 0.02681 0.01117 0.05740 -0.03523 -0.00639 -0.03922 -0.00168 0.02767 -0.00441 0.00349 -0.02557 0.03019 -0.00054 -0.00437 -0.04386 -0.03288 -0.02304 0.01057 0.03028 -0.03566 -0.02578 0.01281 -0.00011 0.00301 0.06954 0.04366 -0.01453 -0.01137 0.00524 -0.00885 0.04078 -0.00643 0.01066 -0.01801 0.01951 -0.01527 0.00776 -0.02026 0.01635 -0.01843 0.00402 -0.03853 0.04902
-0.01003 -0.01718 -0.03339 0.01426 0.01098 0.06153 0.51385 -0.03722 -0.07338 -0.07129 0.02796 0.01976 0.03664 -0.03557 -0.03342 -0.00542 -0.00582 0.04167 -0.00243 -0.04227 0.03731 0.00923 -0.00082 0.00600 -0.04325 -0.01896 0.03901 0.02774 -0.01348 0.02046 0.01301 -0.00116 -0.00796 -0.01098 -0.00840 -0.06561 -0.00420 -0.03337 0.01031 0.01619 0.02220 -0.00845 0.03360 0.01174 0.02671 -0.00851 0.00892 -0.00117 -0.00267 -0.03929
0.02775 -0.00494 -0.00246 0.00549 0.03243 -0.02681 0.03722 0.61621 0.02115 0.02718 -0.02889 -0.01813 -0.00547 -0.01668 0.00696 0.03314 0.03903 -0.00061 0.05600 -0.02041 0.00493 -0.01439 0.04670 -0.01438 -0.00499 -0.00050 -0.01703 -0.03224 0.05082 0.08703 -0.01624 -0.01897 0.02529 -0.00043 -0.04992 0.03968 -0.04036 -0.03146 0.00427 0.06874 -0.04554 -0.04267 -0.04072 -0.02265 -0.00517 0.00262 0.03627 -0.03249 0.01821 0.02692
-0.00759 0.00399 -0.05963 -0.01304 0.00492 -0.01117 0.07338 -0.02115 0.81796 -0.08069 0.02109 -0.02378 0.06113 0.01654 -0.01387 0.00412 0.02211 -0.04231 -0.00330 -0.00098 0.00731 0.03935 0.00187 0.01932 -0.03836 -0.02660 0.01728 0.01246 -0.00354 -0.01515 -0.00057 -0.04234 -0.01302 0.04848 0.01191 -0.00739 0.01153 -0.05831 0.02572 -0.03907 0.02062 0.03221 -0.01606 0.00046 0.02618 -0.03448 0.00860 -0.01737 0.00014 -0.00873
-0.01058 0.01539 -0.00794 -0.04364 -0.01185 -0.05740 0.07129 -0.02718 0.08069 0.31928 -0.03195 -0.03116 0.05889 0.01483 0.01806 0.04655 0.01175 0.03069 0.03836 -0.03955 0.02519 -0.07256 0.04597 0.01611 -0.04005 0.01918 0.00644 0.02916 0.03105 0.00031 -0.00414 -0.02629 -0.00199 0.05339 -0.03752 0.00067 -0.00227 0.03845 0.00460 0.01198 -0.03248 -0.06396 -0.02745 -0.00731 -0.00993 -0.03386 0.02962 0.01692 -0.05950 0.03385
0.02343 -0.09045 0.05364 -0.05575 -0.05993 0.03523 -0.02796 0.02889 -0.02109 0.03195 0.97490 -0.01779 -0.01270 -0.02155 -0.01289 -0.02666 -0.01781 0.03929 -0.02690 0.02763 0.09073 -0.04020 -0.06795 0.03216 0.04050 0.01162 0.05481 0.04188 -0.01353 -0.02219 0.02812 0.03185 -0.02250 0.04859 0.04466 -0.00439 -0.01790 0.02952 0.05058 0.05810 -0.05834 0.01099 0.03761 0.03424 0.00938 0.00792 -0.03429 0.00519 0.00464 -0.02097
0.02552 -0.00882 0.01955 -0.00375 -0.00400 0.00639 -0.01976 0.01813 0.02378 0.03116 0.01779 0.29592 -0.00792 -0.01801 0.00310 -0.03353 -0.02581 0.03188 0.01903 -0.02073 -0.00391 -0.02173 -0.01756 -0.00445 0.01222 0.02880 -0.00960 -0.00265 -0.00650 0.00751 0.01053 0.01951 0.00684 -0.01325 -0.03977 0.05692 0.00552 0.03058 0.00263 0.03764 -0.00066 -0.01762 0.03511 -0.01374 0.01263 0.01605 0.05187 -0.00178 0.00013 0.00891
0.01012 -0.04232 -0.04285 0.02461 0.01337 0.03922 -0.03664 0.00547 -0.06113 -0.05889 0.01270 0.00792 0.59867 -0.05241 0.00591 -0.01774 -0.01941 -0.01522 -0.02684 0.03789 0.00748 0.03118 -0.05305 0.00521 0.00685 -0.04828 -0.00610 0.00960 -0.02344 -0.02365 -0.01781 0.01014 0.00750 0.00470 0.01760 -0.00322 0.02569 -0.05210 0.00600 -0.01757 0.04261 0.06164 -0.01274 -0.00917 0.00357 -0.00827 -0.03641 -0.00993 0.01883 0.02482
0.00562 0.00979 -0.02557 -0.01719 -0.01105 0.00168 0.03557 0.01668 -0.01654 -0.01483 0.02155 0.01801 0.05241 0.19224 -0.01597 0.02853 -0.01576 0.00677 -0.01781 0.02929 -0.02109 0.01041 0.04614 0.02563 -0.04115 -0.03084 0.05689 -0.01004 -0.00566 -0.00135 0.00817 -0.01627 -0.00515 0.00148 0.03717 -0.01882 -0.02428 -0.02579 0.01532 0.00838 0.02293 0.03942 0.02849 0.02678 0.04754 -0.04559 -0.02592 0.03948 0.03294 -0.02344
0.00020 -0.02872 -0.04206 0.03099 0.02699 -0.02767 0.03342 -0.00696 0.01387 -0.01806 0.01289 -0.00310 -0.00591 0.01597 0.76446 0.02334 0.03768 -0.02503 -0.01027 0.02013 -0.01575 0.01718 0.00475 -0.00732 -0.02804 -0.01448 -0.02048 -0.04301 0.02829 0.04733 -0.02314 -0.04029 0.01937 -0.03763 0.01887 0.06378 0.00462 -0.04409 0.00555 0.01034 0.04302 -0.00638 0.03057 -0.03834 0.00178 -0.03073 -0.00860 -0.04391 0.00785 -0.01636
0.00830 -0.02888 -0.06261 -0.00259 0.01982 0.00441 0.00542 -0.03314 -0.00412 -0.04655 0.02666 0.03353 0.01774 -0.02853 -0.02334 0.37084 0.00172 0.00906 -0.02973 -0.02047 0.01921 0.03030 -0.06638 0.00124 -0.02779 -0.01625 0.03197 0.02378 -0.00769 0.02317 -0.00479 -0.00226 -0.00472 -0.02871 0.00731 -0.00490 0.01936 -0.04098 0.00995 -0.02006 0.03358 -0.01866 -0.00753 0.00953 0.03506 -0.03207 0.02220 0.01723 0.01509 -0.01700
-0.01829 -0.01215 -0.03964 0.00120 -0.01011 -0.00349 0.00582 -0.03903 -0.02211 -0.01175 0.01781 0.02581 0.01941 0.01576 -0.03768 -0.00172 1.05011 -0.00245 -0.00170 0.02611 -0.00955 -0.00329 -0.00982 -0.00623 0.00553 -0.00816 -0.01407 -0.03153 0.00221 0.01717 -0.02071 -0.02244 -0.01284 0.01810 0.03346 -0.01398 -0.00774 -0.01108 0.02023 -0.01768 0.02438 0.01766 -0.01031 -0.00964 -0.01727 -0.02115 -0.01684 0.00215 0.01596 -0.00996
-0.00850 -0.00756 0.00550 0.01421 -0.01712 0.02557 -0.04167 0.00061 0.04231 -0.03069 -0.03929 -0.03188 0.01522 -0.00677 0.02503 -0.00906 0.00245 0.73545 0.00676 -0.02021 -0.01645 -0.02085 -0.00913 -0.01216 -0.01362 0.02444 0.00648 0.00687 0.01899 -0.00779 0.00741 0.04267 0.05634 0.04420 -0.02254 -0.01880 0.01062 0.09584 -0.01619 0.01361 -0.00956 -0.00125 0.01597 0.01100 -0.00344 0.03089 0.01576 0.01602 -0.07484 0.00517
-0.05472 0.02174 -0.06925 0.05721 0.06217 -0.03019 0.00243 -0.05600 0.00330 -0.03836 0.02690 -0.01903 0.02684 0.01781 0.01027 0.02973 0.00170 -0.00676 1.02740 -0.03916 -0.03823 0.06910 0.02673 -0.04472 -0.02821 -0.05171 -0.02201 -0.04374 -0.01328 0.00469 -0.07048 -0.06354 0.03525 -0.03649 -0.02333 0.00816 0.02726 -0.03677 -0.04891 -0.01771 0.04035 -0.00485 -0.00114 -0.04373 -0.03204 -0.02828 0.03620 -0.05214 -0.01055 0.01692
0.03416 0.05560 0.03025 -0.03693 -0.05188 0.00054 0.04227 0.02041 0.00098 0.03955 -0.02763 0.02073 -0.03789 -0.02929 -0.02013 0.02047 -0.02611 0.02021 0.03916 0.54119 -0.01001 0.01181 0.07984 0.04080 0.01061 0.00022 0.02457 -0.02428 -0.03421 0.02206 -0.03908 0.00499 -0.01159 -0.07612 -0.03168 0.04002 0.00700 -0.00926 0.01333 0.01399 -0.03410 -0.04098 -0.01196 0.00162 0.02485 -0.02307 0.02953 0.00738 0.05376 -0.02463
-0.01096 0.04795 0.01140 -0.01283 -0.04035 0.00437 -0.03731 -0.00493 -0.00731 -0.02519 -0.09073 0.00391 -0.00748 0.02109 0.01575 -0.01921 0.00955 0.01645 0.03823 0.01001 0.71273 0.00013 -0.03021 0.02207 -0.02506 0.01121 -0.00914 0.02685 -0.02247 -0.04352 0.01957 0.00403 -0.02557 0.06542 0.00648 -0.02507 0.00632 0.02194 0.02308 0.01726 -0.04187 0.01072 -0.01615 0.03738 0.01752 0.03628 -0.00490 0.02758 -0.00978 0.02164
0.00410 -0.00781 0.02538 -0.01837 0.01461 0.04386 -0.00923 0.01439 -0.03935 0.07256 0.04020 0.02173 -0.03118 -0.01041 -0.01718 -0.03030 0.00329 0.02085 -0.06910 -0.01181 -0.00013 0.22862 -0.00982 0.01771 0.05050 -0.00177 0.02741 0.01540 -0.03460 0.01215 0.03645 0.01008 -0.01864 0.00164 0.02554 -0.01444 0.04287 0.02114 0.02220 -0.03534 0.04815 0.01113 0.02623 -0.01765 0.02356 0.03104 -0.02483 0.01222 0.03981 -0.01844
0.01576 -0.05450 -0.04034 0.02122 0.00624 0.03288 0.00082 -0.04670 -0.00187 -0.04597 0.06795 0.01756 0.05305 -0.04614 -0.00475 0.06638 0.00982 0.00913 -0.02673 -0.07984 0.03021 0.00982 0.51637 -0.01573 -0.04293 -0.02698 -0.00992 0.02009 0.01735 0.03993 -0.01314 0.00433 0.00983 -0.01812 -0.00422 -0.06033 -0.04307 -0.00213 0.00646 0.00362 0.01461 -0.06547 0.03983 0.03535 0.00306 -0.03317 0.02920 0.02171 -0.01419 0.00620
0.04050 0.01282 -0.00645 0.04259 -0.01214 0.02304 -0.00600 0.01438 -0.01932 -0.01611 -0.03216 0.00445 -0.00521 -0.02563 0.00732 -0.00124 0.00623 0.01216 0.04472 -0.04080 -0.02207 -0.01771 0.01573 0.13640 -0.01189 0.00404 0.01935 -0.02622 0.00397 0.04236 -0.01259 0.01566 0.04757 -0.01009 -0.05341 0.00097 -0.01223 -0.01864 -0.03297 0.00808 -0.03356 -0.01531 0.00859 -0.00889 -0.02049 0.01725 0.04229 0.00562 0.02608 -0.00062
-0.02066 -0.00870 0.05966 -0.01398 0.01171 -0.01057 0.04325 0.00499 0.03836 0.04005 -0.04050 -0.01222 -0.00685 0.04115 0.02804 0.02779 -0.00553 0.01362 0.02821 -0.01061 0.02506 -0.05050 0.04293 0.01189 0.17296 0.01547 -0.01417 -0.00883 -0.00757 0.01841 -0.01457 0.02165 -0.01314 0.05660 -0.00671 -0.01135 -0.00025 0.03393 -0.02224 0.02302 -0.00800 -0.03559 -0.03282 -0.01617 -0.04921 0.04861 0.01794 0.00213 -0.05073 0.05065
0.00430 0.00854 -0.02176 0.00843 0.01813 -0.03028 0.01896 0.00050 0.02660 -0.01918 -0.01162 -0.02880 0.04828 0.03084 0.01448 0.01625 0.00816 -0.02444 0.05171 -0.00022 -0.01121 0.00177 0.02698 -0.00404 -0.01547 0.18842 -0.02360 -0.01016 0.03159 0.01170 -0.01936 0.00201 0.00805 -0.01237 -0.02878 0.03676 -0.03962 -0.03081 -0.00591 0.03888 -0.04181 -0.02007 -0.01306 0.00089 -0.00475 -0.01940 0.02985 -0.00589 -0.02887 0.03118
0.00984 -0.00536 0.00789 0.01550 -0.01911 0.03566 -0.03901 0.01703 -0.01728 -0.00644 -0.05481 0.00960 0.00610 -0.05689 0.02048 -0.03197 0.01407 -0.00648 0.02201 -0.02457 0.00914 -0.02741 0.00992 -0.01935 0.01417 0.02360 0.66447 0.04440 -0.02167 0.00112 0.00912 0.02172 0.06183 0.02011 -0.02665 -0.04463 -0.00052 0.04719 -0.02438 0.01167 0.00240 -0.02512 -0.00151 0.04757 -0.00300 0.04591 0.02758 0.03244 -0.04751 0.07393
0.02896 0.02290 0.01467 0.01278 -0.01207 0.02578 -0.02774 0.03224 -0.01246 -0.02916 -0.04188 0.00265 -0.00960 0.01004 0.04301 -0.02378 0.03153 -0.00687 0.04374 0.02428 -0.02685 -0.01540 -0.02009 0.02622 0.00883 0.01016 -0.04440 0.62758 0.01604 -0.04160 0.02569 0.00443 0.05517 0.01667 -0.03336 -0.00215 0.00339 0.02293 0.00895 0.02771 -0.06046 0.02834 -0.00867 0.01754 0.00290 0.00712 -0.03652 -0.01299 -0.02387 0.05172
-0.06472 -0.01862 -0.07059 0.02491 0.01824 -0.01281 0.01348 -0.05082 0.00354 -0.03105 0.01353 0.00650 0.02344 0.00566 -0.02829 0.00769 -0.00221 -0.01899 0.01328 0.03421 0.02247 0.03460 -0.01735 -0.00397 0.00757 -0.03159 0.02167 -0.01604 1.05970 0.02232 -0.04199 -0.01989 -0.01928 0.02539 0.04660 -0.01397 0.00301 -0.02636 0.00719 -0.00669 0.04490 0.00055 -0.02413 -0.02320 -0.02980 -0.03300 -0.03104 -0.01559 0.01106 -0.01609
-0.06650 -0.00679 -0.03297 0.01463 -0.02348 0.00011 -0.02046 -0.08703 0.01515 -0.00031 0.02219 -0.00751 0.02365 0.00135 -0.04733 -0.02317 -0.01717 0.00779 -0.00469 -0.02206 0.04352 -0.01215 -0.03993 -0.04236 -0.01841 -0.01170 -0.00112 0.04160 -0.02232 0.56167 -0.02857 0.01931 -0.04969 0.00628 0.02428 -0.03491 -0.01014 0.01277 -0.02007 -0.03466 0.01172 -0.02355 0.00389 -0.01947 -0.01364 0.01805 -0.00868 0.02903 -0.04422 0.03618
0.01043 0.00416 0.00542 0.01094 -0.04754 -0.00301 -0.01301 0.01624 0.00057 0.00414 -0.02812 -0.01053 0.01781 -0.00817 0.02314 0.00479 0.02071 -0.00741 0.07048 0.03908 -0.01957 -0.03645 0.01314 0.01259 0.01457 0.01936 -0.00912 -0.02569 0.04199 0.02857 1.01430 -0.00653 -0.00282 -0.00177 0.01341 0.04334 -0.04653 -0.00872 -0.01337 0.05477 -0.06668 0.00152 -0.02656 0.01567 -0.03935 0.00043 0.01621 -0.00987 -0.00676 0.02278
0.00996 0.01630 0.02991 0.01275 -0.01059 -0.06954 0.00116 0.01897 0.04234 0.02629 -0.03185 -0.01951 -0.01014 0.01627 0.04029 0.00226 0.02244 -0.04267 0.06354 -0.00499 -0.00403 -0.01008 -0.00433 -0.01566 -0.02165 -0.00201 -0.02172 -0.00443 0.01989 -0.01931 0.00653 0.36194 -0.00197 -0.02049 -0.01208 0.04836 -0.01766 -0.00414 -0.01805 0.02838 -0.03916 -0.01367 -0.02070 -0.01184 -0.04094 -0.00620 0.01464 -0.01197 -0.00610 0.02326
-0.00318 -0.05961 -0.01569 0.03241 0.03184 -0.04366 0.00796 -0.02529 0.01302 0.00199 0.02250 -0.00684 -0.00750 0.00515 -0.01937 0.00472 0.01284 -0.05634 -0.03525 0.01159 0.02557 0.01864 -0.00983 -0.04757 0.01314 -0.00805 -0.06183 -0.05517 0.01928 0.04969 0.00282 0.00197 0.67390 -0.06078 0.03532 0.04370 -0.02073 -0.01879 -0.06492 0.03364 0.04791 -0.00481 -0.00907 -0.03483 -0.02196 -0.02103 -0.01119 -0.01743 0.00563 -0.00039
0.03105 0.02354 0.01119 -0.02665 -0.04444 0.01453 0.01098 0.00043 -0.04848 -0.05339 -0.04859 0.01325 -0.00470 -0.00148 0.03763 0.02871 -0.01810 -0.04420 0.03649 0.07612 -0.06542 -0.00164 0.01812 0.01009 -0.05660 0.01237 -0.02011 -0.01667 -0.02539 -0.00628 0.00177 0.02049 0.06078 0.38430 -0.00933 -0.02776 0.02948 -0.04296 0.04464 0.02906 -0.03752 0.07092 0.01127 0.04330 0.04682 0.00264 -0.07789 -0.00873 0.00835 0.01400
0.05025 0.02536 0.00805 -0.04149 -0.01631 0.01137 0.00840 0.04992 -0.01191 0.03752 -0.04466 0.03977 -0.01760 -0.03717 -0.01887 -0.00731 -0.03346 0.02254 0.02333 0.03168 -0.00648 -0.02554 0.00422 0.05341 0.00671 0.02878 0.02665 0.03336 -0.04660 -0.02428 -0.01341 0.01208 -0.03532 0.00933 0.87463 -0.00994 0.02576 -0.00853 0.03623 -0.02666 -0.05065 0.01722 -0.00891 0.03309 0.01504 -0.01333 -0.03399 0.03928 0.03335 0.02154
-0.03484 0.01233 -0.05136 -0.04767 0.01405 -0.00524 0.06561 -0.03968 0.00739 -0.00067 0.00439 -0.05692 0.00322 0.01882 -0.06378 0.00490 0.01398 0.01880 -0.00816 -0.04002 0.02507 0.01444 0.06033 -0.00097 0.01135 -0.03676 0.04463 0.00215 0.01397 0.03491 -0.04334 -0.04836 -0.04370 0.02776 0.00994 0.47896 -0.01940 0.00007 -0.00432 0.02588 0.04180 -0.05185 -0.00928 -0.03495 -0.02512 -0.03160 0.04037 -0.01685 -0.01353 -0.00575
0.03109 0.01127 0.04555 -0.03476 -0.00845 0.00885 0.00420 0.04036 -0.01153 0.00227 0.01790 -0.00552 -0.02569 0.02428 -0.00462 -0.01936 0.00774 -0.01062 -0.02726 -0.00700 -0.00632 -0.04287 0.04307 0.01223 0.00025 0.03962 0.00052 -0.00339 -0.00301 0.01014 0.04653 0.01766 0.02073 -0.02948 -0.02576 0.01940 0.96850 0.00428 -0.02682 -0.08008 0.00675 0.01082 -0.01529 0.01259 0.04342 0.03697 0.00044 0.05699 -0.00084 0.02495
0.00314 0.02200 0.01494 0.01187 -0.02442 -0.04078 0.03337 0.03146 0.05831 -0.03845 -0.02952 -0.03058 0.05210 0.02579 0.04409 0.04098 0.01108 -0.09584 0.03677 0.00926 -0.02194 -0.02114 0.00213 0.01864 -0.03393 0.03081 -0.04719 -0.02293 0.02636 -0.01277 0.00872 0.00414 0.01879 0.04296 0.00853 -0.00007 -0.00428 0.48057 -0.01011 0.00275 -0.00982 0.02032 -0.03281 0.01938 -0.01561 -0.00010 -0.01393 -0.01551 -0.04355 0.04083
0.01852 0.02195 0.01377 0.00509 -0.05639 0.00643 -0.01031 -0.00427 -0.02572 -0.00460 -0.05058 -0.00263 -0.00600 -0.01532 -0.00555 -0.00995 -0.02023 0.01619 0.04891 -0.01333 -0.02308 -0.02220 -0.00646 0.03297 0.02224 0.00591 0.02438 -0.00895 -0.00719 0.02007 0.01337 0.01805 0.06492 -0.04464 -0.03623 0.00432 0.02682 0.01011 0.28667 -0.01535 -0.03881 0.00110 -0.01025 0.03437 0.02133 -0.00183 0.01804 0.01415 0.02891 0.04935
-0.02263 -0.00865 -0.04165 0.02577 0.04101 -0.01066 -0.01619 -0.06874 0.03907 -0.01198 -0.05810 -0.03764 0.01757 -0.00838 -0.01034 0.02006 0.01768 -0.01361 0.01771 -0.01399 -0.01726 0.03534 -0.00362 -0.00808 -0.02302 -0.03888 -0.01167 -0.02771 0.00669 0.03466 -0.05477 -0.02838 -0.03364 -0.02906 0.02666 -0.02588 0.08008 -0.00275 0.01535 0.93479 -0.00618 -0.00648 -0.03928 -0.00715 -0.01803 -0.05819 0.01926 -0.05309 0.03827 0.00429
0.06352 -0.05248 0.06468 -0.04110 -0.04214 0.01801 -0.02220 0.04554 -0.02062 0.03248 0.05834 0.00066 -0.04261 -0.02293 -0.04302 -0.03358 -0.02438 0.00956 -0.04035 0.03410 0.04187 -0.04815 -0.01461 0.03356 0.00800 0.04181 -0.00240 0.06046 -0.04490 -0.01172 0.06668 0.03916 -0.04791 0.03752 0.05065 -0.04180 -0.00675 0.00982 0.03881 0.00618 1.01171 0.03389 0.04667 0.04525 0.01870 0.03954 -0.03242 0.05403 -0.02156 -0.03453
0.03377 0.03296 0.03650 -0.04246 -0.04223 -0.01951 0.00845 0.04267 -0.03221 0.06396 -0.01099 0.01762 -0.06164 -0.03942 0.00638 0.01866 -0.01766 0.00125 0.00485 0.04098 -0.01072 -0.01113 0.06547 0.01531 0.03559 0.02007 0.02512 -0.02834 -0.00055 0.02355 -0.00152 0.01367 0.00481 -0.07092 -0.01722 0.05185 -0.01082 -0.02032 -0.00110 0.00648 -0.03389 0.73314 0.00527 0.00864 -0.00113 -0.02476 -0.00962 0.00466 0.06155 -0.01178
0.04621 -0.01847 0.02583 -0.04596 -0.03506 0.01527 -0.03360 0.04072 0.01606 0.02745 -0.03761 -0.03511 0.01274 -0.02849 -0.03057 0.00753 0.01031 -0.01597 0.00114 0.01196 0.01615 -0.02623 -0.03983 -0.00859 0.03282 0.01306 0.00151 0.00867 0.02413 -0.00389 0.02656 0.02070 0.00907 -0.01127 0.00891 0.00928 0.01529 0.03281 0.01025 0.03928 -0.04667 -0.00527 0.89650 0.03901 0.05672 -0.00103 0.01674 -0.04693 0.03691 -0.07319
0.06960 0.02590 0.01898 0.07620 -0.04740 -0.00776 -0.01174 0.02265 -0.00046 0.00731 -0.03424 0.01374 0.00917 -0.02678 0.03834 -0.00953 0.00964 -0.01100 0.04373 -0.00162 -0.03738 0.01765 -0.03535 0.00889 0.01617 -0.00089 -0.04757 -0.01754 0.02320 0.01947 -0.01567 0.01184 0.03483 -0.04330 -0.03309 0.03495 -0.01259 -0.01938 -0.03437 0.00715 -0.04525 -0.00864 -0.03901 0.29235 0.00980 0.00143 0.03916 -0.01504 0.00882 0.00588
0.05254 -0.00488 0.02983 0.02402 -0.00865 0.02026 -0.02671 0.00517 -0.02618 0.00993 -0.00938 -0.01263 -0.00357 -0.04754 -0.00178 -0.03506 0.01727 0.00344 0.03204 -0.02485 -0.01752 -0.02356 -0.00306 0.02049 0.04921 0.00475 0.00300 -0.00290 0.02980 0.01364 0.03935 0.04094 0.02196 -0.04682 -0.01504 0.02512 -0.04342 0.01561 -0.02133 0.01803 -0.01870 0.00113 -0.05672 -0.00980 0.54670 0.02290 0.04261 -0.04197 0.06264 -0.02594
-0.00647 0.01796 0.04156 0.00235 -0.01313 -0.01635 0.00851 -0.00262 0.03448 0.03386 -0.00792 -0.01605 0.00827 0.04559 0.03073 0.03207 0.02115 -0.03089 0.02828 0.02307 -0.03628 -0.03104 0.03317 -0.01725 -0.04861 0.01940 -0.04591 -0.00712 0.03300 -0.01805 -0.00043 0.00620 0.02103 -0.00264 0.01333 0.03160 -0.03697 0.00010 0.00183 0.05819 -0.03954 0.02476 0.00103 -0.00143 -0.02290 0.30627 -0.01683 -0.02408 -0.01755 0.01548
-0.02717 -0.03366 -0.02556 0.04810 0.04432 0.01843 -0.00892 -0.03627 -0.00860 -0.02962 0.03429 -0.05187 0.03641 0.02592 0.00860 -0.02220 0.01684 -0.01576 -0.03620 -0.02953 0.00490 0.02483 -0.02920 -0.04229 -0.01794 -0.02985 -0.02758 0.03652 0.03104 0.00868 -0.01621 -0.01464 0.01119 0.07789 0.03399 -0.04037 -0.00044 0.01393 -0.01804 -0.01926 0.03242 0.00962 -0.01674 -0.03916 -0.04261 0.01683 0.77604 -0.01311 -0.05954 0.01247
0.00925 0.02792 0.00898 0.01610 -0.03295 -0.00402 0.00117 0.03249 0.01737 -0.01692 -0.00519 0.00178 0.00993 -0.03948 0.04391 -0.01723 -0.00215 -0.01602 0.05214 -0.00738 -0.02758 -0.01222 -0.02171 -0.00562 -0.00213 0.00589 -0.03244 0.01299 0.01559 -0.02903 0.00987 0.01197 0.01743 0.00873 -0.03928 0.01685 -0.05699 0.01551 -0.01415 0.05309 -0.05403 -0.00466 0.04693 0.01504 0.04197 0.02408 0.01311 0.84956 -0.01890 -0.02112
0.00493 0.01298 0.04428 0.00849 0.01086 0.03853 0.00267 -0.01821 -0.00014 0.05950 -0.00464 -0.00013 -0.01883 -0.03294 -0.00785 -0.01509 -0.01596 0.07484 0.01055 -0.05376 0.00978 -0.03981 0.01419 -0.02608 0.05073 0.02887 0.04751 0.02387 -0.01106 0.04422 0.00676 0.00610 -0.00563 -0.00835 -0.03335 0.01353 0.00084 0.04355 -0.02891 -0.03827 0.02156 -0.06155 -0.03691 -0.00882 -0.06264 0.01755 0.05954 0.01890 0.14210 0.10650
-0.01784 0.04069 -0.03836 0.01648 0.01606 -0.04902 0.03929 -0.02692 0.00873 -0.03385 0.02097 -0.00891 -0.02482 0.02344 0.01636 0.01700 0.00996 -0.00517 -0.01692 0.02463 -0.02164 0.01844 -0.00620 0.00062 -0.05065 -0.03118 -0.07393 -0.05172 0.01609 -0.03618 -0.02278 -0.02326 0.00039 -0.01400 -0.02154 0.00575 -0.02495 -0.04083 -0.04935 -0.00429 0.03453 0.01178 0.07319 -0.00588 0.02594 -0.01548 -0.01247 0.02112 -0.10650 0.88206
