0.44368 0.00491 -0.00220 0.01561 -0.07150 -0.00419 -0.00568 0.01238 -0.00724 -0.01556 -0.07588 0.02332 -0.04507 -0.04027 0.00283 -0.01803 0.03529 -0.03163 -0.01735 0.02021 -0.03844 0.00565 -0.00221 -0.02382 0.01468 -0.02987 -0.00420 0.04681 -0.00464 -0.02190 0.03163 0.00675 0.03337 -0.00003 -0.01735 0.11308 -0.00890 -0.00375 0.01942 0.01039 -0.02106 -0.03681 0.00225 -0.01342 -0.01171 0.02639 0.01298 -0.02292 0.06658 -0.06791
-0.00491 0.55899 0.00500 -0.02924 -0.02295 0.01680 0.03153 0.02826 0.00178 0.00017 -0.03501 0.04051 -0.00400 0.01344 0.03735 -0.00952 0.01330 0.01701 -0.01514 0.01913 -0.05318 0.03931 0.00128 -0.00208 -0.00003 -0.06459 -0.02966 0.02167 -0.04940 -0.00303 0.00416 0.02527 0.00403 -0.00348 -0.06501 0.01561 0.00043 -0.01730 0.00318 -0.04550 -0.02723 -0.01375 -0.01548 0.01123 -0.00226 0.01868 0.04057 -0.04003 -0.08956 0.01425
0.00220 -0.00500 0.46596 -0.03785 -0.02815 -0.04317 -0.01708 -0.02520 0.02178 0.01312 -0.04340 0.01138 -0.02888 -0.03362 0.00491 -0.01875 0.04335 -0.05029 -0.00335 -0.00570 -0.03309 -0.01095 -0.00551 -0.00099 0.02203 -0.04487 -0.02128 0.01659 -0.00804 -0.02730 0.04306 0.01527 0.01840 -0.01055 0.00320 0.00474 0.00166 0.02014 0.00408 -0.01371 -0.01380 -0.04051 0.03858 0.04176 -0.02429 -0.01239 -0.00607 0.01316 -0.02841 -0.04777
-0.01561 0.02924 0.03785 0.73712 0.01759 0.04371 0.07269 0.03980 -0.01233 -0.06765 -0.04696 0.01643 0.03122 -0.05779 0.03594 -0.02923 0.06156 -0.01897 0.01929 -0.00177 0.00225 -0.00806 0.01972 -0.09367 0.00368 0.00239 -0.00919 -0.02937 -0.08015 0.01310 0.08546 -0.04987 0.04654 0.00375 0.09041 0.00322 0.03702 0.05882 0.02126 -0.03043 0.08025 0.00279 -0.03675 0.01750 -0.06260 0.01230 0.06504 0.03274 -0.07793 -0.08963
0.07150 0.02295 0.02815 -0.01759 0.00996 -0.02710 0.00880 0.03238 -0.03212 -0.00083 0.00176 -0.01408 0.02695 0.02269 0.03956 0.00233 0.00948 -0.00870 0.03487 -0.03679 0.03013 0.02603 -0.01445 0.00435 -0.03645 0.02665 -0.01907 -0.02012 -0.01524 -0.01028 -0.06979 -0.01051 -0.00807 -0.02342 0.00709 -0.05354 -0.04874 -0.01386 -0.01539 -0.01448 0.00524 0.05027 0.05063 0.01540 0.00058 -0.04037 -0.00749 0.02382 -0.06640 0.03148
0.00419 -0.01680 0.04317 -0.04371 0.02710 1.02912 -0.06186 -0.03878 0.00199 0.04052 0.05162 0.04074 -0.04878 -0.05896 -0.01631 0.08225 -0.00279 0.03852 -0.01590 0.06701 -0.03339 -0.04151 -0.04490 0.01077 0.08161 -0.04731 0.03499 0.04120 0.04445 0.08870 0.07349 0.05800 -0.03348 0.10837 -0.02078 -0.02258 0.07597 -0.06429 -0.09516 0.00024 -0.03958 -0.06646 0.04992 -0.07020 0.02940 0.01339 -0.08380 0.06135 0.00542 -0.04279
0.00568 -0.03153 0.01708 -0.07269 -0.00880 0.06186 0.46769 0.02109 -0.00945 0.03327 -0.00971 0.00097 0.02880 -0.01705 0.04711 -0.03373 -0.00185 0.00746 0.01355 -0.02076 -0.03486 -0.03214 -0.05121 0.03279 0.00588 -0.01135 -0.01437 -0.02708 -0.03429 0.03418 -0.01353 0.00218 0.02993 0.00118 0.01169 0.01454 0.01245 0.00368 -0.04069 -0.03461 0.05209 0.06427 0.01947 0.06326 0.02599 -0.02891 0.04998 -0.00306 -0.07048 0.00806
-0.01238 -0.02826 0.02520 -0.03980 -0.03238 0.03878 -0.02109 1.02753 0.04326 -0.02293 -0.02368 0.01989 -0.03887 -0.04195 0.02209 -0.00160 -0.02903 -0.02498 -0.03496 -0.02735 -0.02547 0.00621 0.01989 -0.00978 0.02819 -0.01957 0.00868 0.02795 -0.06248 0.01320 0.00661 -0.00764 -0.02273 -0.00052 -0.03798 0.02785 0.03959 0.03429 -0.02029 0.02272 -0.01580 0.02054 -0.03291 0.04383 0.00839 0.00021 0.01583 0.02179 -0.02615 0.00356
0.00724 -0.00178 -0.02178 0.01233 0.03212 -0.00199 0.00945 -0.04326 0.95126 -0.00529 0.06888 -0.04067 -0.01044 0.01027 -0.02190 0.05775 -0.00164 0.03197 -0.01734 0.00458 -0.00346 -0.02374 -0.02424 -0.00998 0.02270 0.00264 0.01368 0.00481 0.01973 -0.00411 0.02365 -0.00140 -0.01714 -0.00071 0.01952 -0.02862 -0.00477 -0.00304 -0.05363 -0.02330 -0.00141 -0.03172 -0.05888 -0.05727 0.01216 0.00728 -0.00062 0.00227 0.01152 -0.02307
0.01556 -0.00017 -0.01312 0.06765 0.00083 -0.04052 -0.03327 0.02293 0.00529 0.75159 -0.02556 0.00826 -0.00136 0.03155 0.03772 -0.02269 0.00301 0.00749 0.02979 -0.03243 0.03833 0.04089 -0.02810 0.06056 -0.00705 0.03005 -0.01390 -0.01495 0.05513 0.00714 -0.01952 -0.02513 0.01953 0.02519 0.03201 0.03645 -0.02728 -0.01805 -0.01605 0.01052 0.02747 0.05574 0.02809 -0.01204 0.00367 -0.02251 -0.01475 -0.00124 0.00216 -0.00368
0.07588 0.03501 0.04340 0.04696 -0.00176 -0.05162 0.00971 0.02368 -0.06888 0.02556 0.14957 0.03845 0.02935 0.06754 0.01321 -0.01391 0.04576 0.00480 0.04999 -0.04228 0.02700 0.04761 0.01335 -0.02796 -0.03404 0.03398 -0.02886 -0.03519 0.00725 -0.03485 -0.04192 -0.00692 -0.00841 -0.00735 0.01260 -0.01547 -0.04502 -0.01762 -0.03223 -0.02410 0.00124 0.07506 0.04700 -0.02323 -0.02806 -0.04042 0.02723 -0.01756 -0.03279 0.03886
-0.02332 -0.04051 -0.01138 -0.01643 0.01408 -0.04074 -0.00097 -0.01989 0.04067 -0.00826 -0.03845 0.00000 0.01652 -0.04410 -0.01305 -0.04964 0.05024 -0.02388 0.01613 0.03520 -0.05105 -0.01869 0.01192 -0.02973 0.02686 -0.03091 0.02259 0.04249 0.02612 0.02238 0.05567 -0.00693 -0.02528 0.02229 0.00271 0.01148 -0.01870 0.01143 0.02136 -0.00637 -0.00351 -0.03935 -0.02769 -0.00324 -0.02489 0.03083 0.02304 0.04187 -0.00886 -0.07797
0.04507 0.00400 0.02888 -0.03122 -0.02695 0.04878 -0.02880 0.03887 0.01044 0.00136 -0.02935 -0.01652 0.39262 0.01051 0.01464 -0.02489 0.00032 -0.02674 -0.00838 -0.01299 0.00241 0.02312 -0.03840 0.03214 0.02615 0.01446 -0.02623 0.03547 -0.00485 0.02937 0.00965 0.03752 -0.02263 0.00898 -0.02367 0.02958 -0.00142 -0.00507 -0.02430 -0.03195 -0.07268 0.02667 0.02228 0.02786 0.00418 -0.03262 -0.00239 -0.02927 -0.03224 -0.00439
0.04027 -0.01344 0.03362 0.05779 -0.02269 0.05896 0.01705 0.04195 -0.01027 -0.03155 -0.06754 0.04410 -0.01051 0.66846 0.06433 0.01985 0.04312 -0.02296 0.01290 0.00902 0.01067 0.04711 0.00216 -0.00348 0.02801 0.05614 0.00451 -0.00856 -0.01895 0.00450 0.01875 -0.02343 0.04206 -0.00884 0.06431 0.04531 0.00361 -0.03402 0.00416 -0.02342 0.06956 0.03444 -0.01875 -0.01182 -0.00198 -0.02010 0.05974 -0.04887 -0.03664 -0.06371
-0.00283 -0.03735 -0.00491 -0.03594 -0.03956 0.01631 -0.04711 -0.02209 0.02190 -0.03772 -0.01321 0.01305 -0.01464 -0.06433 0.32226 -0.02294 -0.01246 -0.00954 -0.06909 0.00769 -0.04782 -0.05062 -0.00838 -0.01768 0.03826 -0.02184 -0.00651 0.01115 0.00294 -0.03924 0.05882 -0.01721 0.00508 0.01544 -0.04698 0.06098 0.02158 -0.03165 0.00128 0.03823 -0.02247 -0.02483 -0.02640 0.00644 -0.01338 0.01608 -0.00261 0.03318 -0.00005 -0.03549
0.01803 0.00952 0.01875 0.02923 -0.00233 -0.08225 0.03373 0.00160 -0.05775 0.02269 0.01391 0.04964 0.02489 -0.01985 0.02294 0.18167 0.02281 -0.01399 0.04557 -0.05480 0.00881 -0.00417 0.00040 -0.02124 -0.04171 0.01558 -0.03218 -0.03276 -0.03720 -0.04318 -0.02117 0.00075 0.06651 -0.01563 0.03322 -0.02636 0.01028 -0.00789 0.00484 -0.03192 0.03688 -0.00015 0.05667 0.01918 -0.00946 -0.02003 -0.01537 -0.01625 -0.04452 -0.01938
-0.03529 -0.01330 -0.04335 -0.06156 -0.00948 0.00279 0.00185 0.02903 0.00164 -0.00301 -0.04576 -0.05024 -0.00032 -0.04312 0.01246 -0.02281 0.22989 -0.04649 -0.02423 0.01266 -0.06831 0.00307 0.01385 0.00075 0.01453 -0.05589 -0.05423 0.01009 -0.03088 0.00950 0.04099 -0.01165 0.00727 0.00525 -0.04907 -0.00797 0.00029 0.00077 0.01375 0.00929 -0.03843 -0.00179 -0.00806 0.03299 -0.01076 0.02336 -0.03536 0.01302 -0.01639 -0.01251
0.03163 -0.01701 0.05029 0.01897 0.00870 -0.03852 -0.00746 0.02498 -0.03197 -0.00749 -0.00480 0.02388 0.02674 0.02296 0.00954 0.01399 0.04649 0.27577 0.02515 -0.02713 0.07458 0.00348 -0.01843 0.00745 -0.02326 0.08505 -0.04392 -0.05215 0.00395 -0.04079 -0.04164 0.00564 0.01743 -0.02218 0.01261 0.00355 -0.03602 -0.02691 -0.02098 -0.04526 0.04409 0.04099 0.00464 -0.01489 0.00081 -0.05038 0.03980 0.02939 -0.03564 0.01720
0.01735 0.01514 0.00335 -0.01929 -0.03487 0.01590 -0.01355 0.03496 0.01734 -0.02979 -0.04999 -0.01613 0.00838 -0.01290 0.06909 -0.04557 0.02423 -0.02515 1.03435 -0.01299 -0.00532 0.01782 0.01461 -0.01200 0.00007 0.00014 -0.03184 -0.00129 -0.01512 -0.03428 0.00066 -0.01790 0.00905 -0.01416 -0.00477 0.04751 -0.03346 -0.01549 0.01456 -0.01532 -0.01598 0.05762 -0.00693 0.03760 -0.02620 0.00481 0.02706 -0.00217 -0.01207 -0.01230
-0.02021 -0.01913 0.00570 0.00177 0.03679 -0.06701 0.02076 0.02735 -0.00458 0.03243 0.04228 -0.03520 0.01299 -0.00902 -0.00769 0.05480 -0.01266 0.02713 0.01299 0.34240 0.00252 -0.01004 -0.00309 0.02483 -0.04377 -0.02758 -0.04592 -0.02941 -0.02314 -0.00048 -0.01769 0.01036 0.07799 0.00014 0.03300 -0.02104 0.02173 -0.05241 0.00691 -0.06371 0.02395 -0.02159 0.03032 0.02241 -0.01130 0.01675 0.01270 -0.02155 -0.03347 0.07013
0.03844 0.05318 0.03309 -0.00225 -0.03013 0.03339 0.03486 0.02547 0.00346 -0.03833 -0.02700 0.05105 -0.00241 -0.01067 0.04782 -0.00881 0.06831 -0.07458 0.00532 -0.00252 0.88416 0.00926 0.02374 -0.05868 -0.00341 0.00670 -0.02385 0.00735 -0.02898 -0.01409 0.00842 0.00527 -0.01397 -0.02904 0.04147 0.04675 0.02087 0.01042 0.02528 -0.02395 -0.00443 -0.02984 0.03434 0.00619 -0.03599 -0.03551 0.01360 -0.02945 -0.01438 -0.07742
-0.00565 -0.03931 0.01095 0.00806 -0.02603 0.04151 0.03214 -0.00621 0.02374 -0.04089 -0.04761 0.01869 -0.02312 -0.04711 0.05062 0.00417 -0.00307 -0.00348 -0.01782 0.01004 -0.00926 0.59761 -0.04808 -0.02002 0.01161 -0.00332 0.02718 0.04321 -0.04296 -0.00232 0.04559 -0.00377 -0.01518 0.02011 -0.00987 0.06285 0.01591 0.03188 0.00281 0.00604 0.00935 -0.05934 -0.04456 0.02169 -0.01964 -0.02072 0.03549 0.00242 -0.05804 -0.08503
0.00221 -0.00128 0.00551 -0.01972 0.01445 0.04490 0.05121 -0.01989 0.02424 0.02810 -0.01335 -0.01192 0.03840 -0.00216 0.00838 -0.00040 -0.01385 0.01843 -0.01461 0.00309 -0.02374 0.04808 0.56126 0.01126 0.02076 -0.00147 -0.00207 0.03682 0.00688 0.01658 0.02432 0.00823 -0.00441 0.01051 -0.05525 -0.02553 0.02915 -0.00164 -0.02826 -0.00186 -0.04118 0.01919 -0.01758 0.02053 0.01917 0.02352 -0.02543 -0.03519 0.01080 0.03741
0.02382 0.00208 0.00099 0.09367 -0.00435 -0.01077 -0.03279 0.00978 0.00998 -0.06056 0.02796 0.02973 -0.03214 0.00348 0.01768 0.02124 -0.00075 -0.00745 0.01200 -0.02483 0.05868 0.02002 -0.01126 0.34982 0.00630 0.03632 0.04605 0.00670 0.03525 0.01115 0.00672 -0.04729 -0.03778 -0.00141 0.07334 0.03189 -0.00701 0.00133 0.00569 0.03140 -0.00575 0.01415 -0.00418 -0.04534 -0.05123 -0.03859 -0.03077 0.02726 0.05435 -0.03025
-0.01468 0.00003 -0.02203 -0.00368 0.03645 -0.08161 -0.00588 -0.02819 -0.02270 0.00705 0.03404 -0.02686 -0.02615 -0.02801 -0.03826 0.04171 -0.01453 0.02326 -0.00007 0.04377 0.00341 -0.01161 -0.02076 -0.00630 0.85756 -0.00627 0.03514 0.04128 0.01949 -0.01031 0.04391 0.03206 -0.04201 0.01805 -0.00997 -0.02761 -0.03963 -0.03475 0.00411 0.00416 -0.05648 -0.05722 0.01907 -0.04403 -0.01556 0.02706 -0.03437 -0.00202 0.02128 0.01229
0.02987 0.06459 0.04487 -0.00239 -0.02665 0.04731 0.01135 0.01957 -0.00264 -0.03005 -0.03398 0.03091 -0.01446 -0.05614 0.02184 -0.01558 0.05589 -0.08505 -0.00014 0.02758 -0.00670 0.00332 0.00147 -0.03632 0.00627 0.79141 -0.02170 0.00118 -0.02583 -0.00527 0.05410 0.00958 -0.02724 -0.02768 0.04273 0.03909 0.00452 0.04912 0.05354 -0.02070 -0.03155 -0.02667 0.03500 0.00660 -0.04002 -0.02217 0.02215 -0.03073 0.00047 -0.07090
0.00420 0.02966 0.02128 0.00919 0.01907 -0.03499 0.01437 -0.00868 -0.01368 0.01390 0.02886 -0.02259 0.02623 -0.00451 0.00651 0.03218 0.05423 0.04392 0.03184 0.04592 0.02385 -0.02718 0.00207 -0.04605 -0.03514 0.02170 0.47792 -0.08471 -0.02499 -0.01434 0.00769 0.01647 0.00081 0.01892 0.03789 -0.03248 -0.02498 -0.00634 -0.01516 -0.08018 0.05336 -0.00434 -0.00191 -0.05293 -0.03279 -0.00114 0.08310 0.02483 -0.07413 0.01328
-0.04681 -0.02167 -0.01659 0.02937 0.02012 -0.04120 0.02708 -0.02795 -0.00481 0.01495 0.03519 -0.04249 -0.03547 0.00856 -0.01115 0.03276 -0.01009 0.05215 0.00129 0.02941 -0.00735 -0.04321 -0.03682 -0.00670 -0.04128 -0.00118 0.08471 0.67297 0.02029 -0.00776 -0.01542 0.00627 -0.00575 0.02483 0.04796 -0.01836 -0.02238 0.01294 -0.01319 0.02540 0.07455 -0.06403 -0.03764 -0.05424 0.02991 0.03522 0.05756 0.02929 -0.02627 0.00077
0.00464 0.04940 0.00804 0.08015 0.01524 -0.04445 0.03429 0.06248 -0.01973 -0.05513 -0.00725 -0.02612 0.00485 0.01895 -0.00294 0.03720 0.03088 -0.00395 0.01512 0.02314 0.02898 0.04296 -0.00688 -0.03525 -0.01949 0.02583 0.02499 -0.02029 0.49835 -0.00270 -0.00117 -0.02698 -0.03690 0.00007 0.02843 -0.00363 -0.03358 -0.03390 0.00561 -0.01167 0.00343 0.02037 0.00154 -0.02592 -0.04759 0.02845 0.02852 0.01566 -0.04612 -0.06014
0.02190 0.00303 0.02730 -0.01310 0.01028 -0.08870 -0.03418 -0.01320 0.00411 -0.00714 0.03485 -0.02238 -0.02937 -0.00450 0.03924 0.04318 -0.00950 0.04079 0.03428 0.00048 0.01409 0.00232 -0.01658 -0.01115 0.01031 0.00527 0.01434 0.00776 0.00270 1.02524 -0.00436 -0.00659 -0.02552 0.03029 0.00768 -0.01065 -0.02071 -0.04308 -0.07299 -0.01361 -0.01189 0.03755 -0.00725 -0.03058 0.01224 0.02057 0.00251 0.04700 -0.03171 0.00859
-0.03163 -0.00416 -0.04306 -0.08546 0.06979 -0.07349 0.01353 -0.00661 -0.02365 0.01952 0.04192 -0.05567 -0.00965 -0.01875 -0.05882 0.02117 -0.04099 0.04164 -0.00066 0.01769 -0.00842 -0.04559 -0.02432 -0.00672 -0.04391 -0.05410 -0.00769 0.01542 0.00117 0.00436 0.83393 -0.00934 -0.04057 -0.01805 0.01040 -0.02969 -0.04058 0.02072 0.00015 0.02077 -0.02097 -0.05227 -0.06049 -0.00902 0.03187 0.03929 -0.01557 0.05339 -0.01195 0.04172
-0.00675 -0.02527 -0.01527 0.04987 0.01051 -0.05800 -0.00218 0.00764 0.00140 0.02513 0.00692 0.00693 -0.03752 0.02343 0.01721 -0.00075 0.01165 -0.00564 0.01790 -0.01036 -0.00527 0.00377 -0.00823 0.04729 -0.03206 -0.00958 -0.01647 -0.00627 0.02698 0.00659 0.00934 0.50783 0.06123 -0.01080 0.07831 -0.00211 0.03940 -0.02424 0.02030 0.00074 0.00943 -0.02323 0.02699 0.00113 0.02177 0.02451 -0.04220 -0.02672 0.02870 -0.02431
-0.03337 -0.00403 -0.01840 -0.04654 0.00807 0.03348 -0.02993 0.02273 0.01714 -0.01953 0.00841 0.02528 0.02263 -0.04206 -0.00508 -0.06651 -0.00727 -0.01743 -0.00905 -0.07799 0.01397 0.01518 0.00441 0.03778 0.04201 0.02724 -0.00081 0.00575 0.03690 0.02552 0.04057 -0.06123 0.66940 0.02522 -0.07393 -0.01248 -0.04121 -0.02105 -0.03495 0.01292 -0.05513 0.07155 -0.02030 0.00328 -0.00589 -0.00546 -0.00275 0.01071 0.01268 0.02364
0.00003 0.00348 0.01055 -0.00375 0.02342 -0.10837 -0.00118 0.00052 0.00071 -0.02519 0.00735 -0.02229 -0.00898 0.00884 -0.01544 0.01563 -0.00525 0.02218 0.01416 -0.00014 0.02904 -0.02011 -0.01051 0.00141 -0.01805 0.02768 -0.01892 -0.02483 -0.00007 -0.03029 0.01805 0.01080 -0.02522 0.47135 -0.01787 -0.02421 -0.02890 -0.01282 0.00261 -0.01464 0.00979 -0.00405 0.00604 -0.01121 -0.00202 0.00944 0.00583 0.03987 -0.02202 0.01594
0.01735 0.06501 -0.00320 -0.09041 -0.00709 0.02078 -0.01169 0.03798 -0.01952 -0.03201 -0.01260 -0.00271 0.02367 -0.06431 0.04698 -0.03322 0.04907 -0.01261 0.00477 -0.03300 -0.04147 0.00987 0.05525 -0.07334 0.00997 -0.04273 -0.03789 -0.04796 -0.02843 -0.00768 -0.01040 -0.07831 0.07393 0.01787 0.56168 0.04336 -0.00383 0.01569 0.03162 -0.02792 -0.00986 0.03032 0.02994 0.00514 -0.05525 0.01749 0.05294 0.02914 -0.03990 -0.00472
-0.11308 -0.01561 -0.00474 -0.00322 0.05354 0.02258 -0.01454 -0.02785 0.02862 -0.03645 0.01547 -0.01148 -0.02958 -0.04531 -0.06098 0.02636 0.00797 -0.00355 -0.04751 0.02104 -0.04675 -0.06285 0.02553 -0.03189 0.02761 -0.03909 0.03248 0.01836 0.00363 0.01065 0.02969 0.00211 0.01248 0.02421 -0.04336 0.16466 0.03551 -0.03159 -0.01819 0.01447 -0.01385 -0.04827 -0.03620 -0.01587 -0.01233 0.08834 -0.00805 0.00766 0.07021 -0.00150
0.00890 -0.00043 -0.00166 -0.03702 0.04874 -0.07597 -0.01245 -0.03959 0.00477 0.02728 0.04502 0.01870 0.00142 -0.00361 -0.02158 -0.01028 -0.00029 0.03602 0.03346 -0.02173 -0.02087 -0.01591 -0.02915 0.00701 0.03963 -0.00452 0.02498 0.02238 0.03358 0.02071 0.04058 -0.03940 0.04121 0.02890 0.00383 -0.03551 0.89350 -0.00632 -0.04221 0.01081 0.01412 0.00975 -0.02253 -0.01737 0.04003 0.00268 0.01192 0.00213 -0.00024 -0.01042
0.00375 0.01730 -0.02014 -0.05882 0.01386 0.06429 -0.00368 -0.03429 0.00304 0.01805 0.01762 -0.01143 0.00507 0.03402 0.03165 0.00789 -0.00077 0.02691 0.01549 0.05241 -0.01042 -0.03188 0.00164 -0.00133 0.03475 -0.04912 0.00634 -0.01294 0.03390 0.04308 -0.02072 0.02424 0.02105 0.01282 -0.01569 0.03159 0.00632 0.02635 0.00014 -0.00996 0.02660 0.01627 -0.01415 -0.01223 0.00871 0.01693 0.01514 -0.00495 0.01174 0.05065
-0.01942 -0.00318 -0.00408 -0.02126 0.01539 0.09516 0.04069 0.02029 0.05363 0.01605 0.03223 -0.02136 0.02430 -0.00416 -0.00128 -0.00484 -0.01375 0.02098 -0.01456 -0.00691 -0.02528 -0.00281 0.02826 -0.00569 -0.00411 -0.05354 0.01516 0.01319 -0.00561 0.07299 -0.00015 -0.02030 0.03495 -0.00261 -0.03162 0.01819 0.04221 -0.00014 0.30004 0.02499 -0.01477 -0.00028 -0.01224 0.00938 0.01569 0.03587 -0.02319 -0.05059 0.03662 0.02570
-0.01039 0.04550 0.01371 0.03043 0.01448 -0.00024 0.03461 -0.02272 0.02330 -0.01052 0.02410 0.00637 0.03195 0.02342 -0.03823 0.03192 -0.00929 0.04526 0.01532 0.06371 0.02395 -0.00604 0.00186 -0.03140 -0.00416 0.02070 0.08018 -0.02540 0.01167 0.01361 -0.02077 -0.00074 -0.01292 0.01464 0.02792 -0.01447 -0.01081 0.00996 -0.02499 0.45228 0.05525 -0.01845 -0.02568 -0.06167 -0.00123 0.02288 0.04087 -0.00341 -0.00542 -0.00201
0.02106 0.02723 0.01380 -0.08025 -0.00524 0.03958 -0.05209 0.01580 0.00141 -0.02747 -0.00124 0.00351 0.07268 -0.06956 0.02247 -0.03688 0.03843 -0.04409 0.01598 -0.02395 0.00443 -0.00935 0.04118 0.00575 0.05648 0.03155 -0.05336 -0.07455 -0.00343 0.01189 0.02097 -0.00943 0.05513 -0.00979 0.00986 0.01385 -0.01412 -0.02660 0.01477 -0.05525 0.64598 0.04300 0.03986 0.00964 -0.03418 -0.03479 0.00405 0.01822 -0.00860 0.02028
0.03681 0.01375 0.04051 -0.00279 -0.05027 0.06646 -0.06427 -0.02054 0.03172 -0.05574 -0.07506 0.03935 -0.02667 -0.03444 0.02483 0.00015 0.00179 -0.04099 -0.05762 0.02159 0.02984 0.05934 -0.01919 -0.01415 0.05722 0.02667 0.00434 0.06403 -0.02037 -0.03755 0.05227 0.02323 -0.07155 0.00405 -0.03032 0.04827 -0.00975 -0.01627 0.00028 0.01845 -0.04300 0.50297 -0.02216 -0.01383 -0.06586 -0.00588 -0.02413 0.03091 -0.00741 -0.07408
-0.00225 0.01548 -0.03858 0.03675 -0.05063 -0.04992 -0.01947 0.03291 0.05888 -0.02809 -0.04700 0.02769 -0.02228 0.01875 0.02640 -0.05667 0.00806 -0.00464 0.00693 -0.03032 -0.03434 0.04456 0.01758 0.00418 -0.01907 -0.03500 0.00191 0.03764 -0.00154 0.00725 0.06049 -0.02699 0.02030 -0.00604 -0.02994 0.03620 0.02253 0.01415 0.01224 0.02568 -0.03986 0.02216 0.48836 0.03765 -0.04310 -0.01436 -0.03114 -0.02065 0.01559 -0.02984
0.01342 -0.01123 -0.04176 -0.01750 -0.01540 0.07020 -0.06326 -0.04383 0.05727 0.01204 0.02323 0.00324 -0.02786 0.01182 -0.00644 -0.01918 -0.03299 0.01489 -0.03760 -0.02241 -0.00619 -0.02169 -0.02053 0.04534 0.04403 -0.00660 0.05293 0.05424 0.02592 0.03058 0.00902 -0.00113 -0.00328 0.01121 -0.00514 0.01587 0.01737 0.01223 -0.00938 0.06167 -0.00964 0.01383 -0.03765 0.15918 0.05890 -0.01511 -0.04813 0.02693 0.03409 0.01351
0.01171 0.00226 0.02429 0.06260 -0.00058 -0.02940 -0.02599 -0.00839 -0.01216 -0.00367 0.02806 0.02489 -0.00418 0.00198 0.01338 0.00946 0.01076 -0.00081 0.02620 0.01130 0.03599 0.01964 -0.01917 0.05123 0.01556 0.04002 0.03279 -0.02991 0.04759 -0.01224 -0.03187 -0.02177 0.00589 0.00202 0.05525 0.01233 -0.04003 -0.00871 -0.01569 0.00123 0.03418 0.06586 0.04310 -0.05890 0.52693 -0.01156 0.01781 -0.00832 0.00332 -0.00738
-0.02639 -0.01868 0.01239 -0.01230 0.04037 -0.01339 0.02891 -0.00021 -0.00728 0.02251 0.04042 -0.03083 0.03262 0.02010 -0.01608 0.02003 -0.02336 0.05038 -0.00481 -0.01675 0.03551 0.02072 -0.02352 0.03859 -0.02706 0.02217 0.00114 -0.03522 -0.02845 -0.02057 -0.03929 -0.02451 0.00546 -0.00944 -0.01749 -0.08834 -0.00268 -0.01693 -0.03587 -0.02288 0.03479 0.00588 0.01436 0.01511 0.01156 0.46185 0.03217 0.02467 -0.09163 0.05536
-0.01298 -0.04057 0.00607 -0.06504 0.00749 0.08380 -0.04998 -0.01583 0.00062 0.01475 -0.02723 -0.02304 0.00239 -0.05974 0.00261 0.01537 0.03536 -0.03980 -0.02706 -0.01270 -0.01360 -0.03549 0.02543 0.03077 0.03437 -0.02215 -0.08310 -0.05756 -0.02852 -0.00251 0.01557 0.04220 0.00275 -0.00583 -0.05294 0.00805 -0.01192 -0.01514 0.02319 -0.04087 -0.00405 0.02413 0.03114 0.04813 -0.01781 -0.03217 0.69677 0.05969 -0.02834 0.00669
0.02292 0.04003 -0.01316 -0.03274 -0.02382 -0.06135 0.00306 -0.02179 -0.00227 0.00124 0.01756 -0.04187 0.02927 0.04887 -0.03318 0.01625 -0.01302 -0.02939 0.00217 0.02155 0.02945 -0.00242 0.03519 -0.02726 0.00202 0.03073 -0.02483 -0.02929 -0.01566 -0.04700 -0.05339 0.02672 -0.01071 -0.03987 -0.02914 -0.00766 -0.00213 0.00495 0.05059 0.00341 -0.01822 -0.03091 0.02065 -0.02693 0.00832 -0.02467 -0.05969 0.72472 0.03226 0.04690
-0.06658 0.08956 0.02841 0.07793 0.06640 -0.00542 0.07048 0.02615 -0.01152 -0.00216 0.03279 0.00886 0.03224 0.03664 0.00005 0.04452 0.01639 0.03564 0.01207 0.03347 0.01438 0.05804 -0.01080 -0.05435 -0.02128 -0.00047 0.07413 0.02627 0.04612 0.03171 0.01195 -0.02870 -0.01268 0.02202 0.03990 -0.07021 0.00024 -0.01174 -0.03662 0.00542 0.00860 0.00741 -0.01559 -0.03409 -0.00332 0.09163 0.02834 -0.03226 0.56370 -0.02769
0.06791 -0.01425 0.04777 0.08963 -0.03148 0.04279 -0.00806 -0.00356 0.02307 0.00368 -0.03886 0.07797 0.00439 0.06371 0.03549 0.01938 0.01251 -0.01720 0.01230 -0.07013 0.07742 0.08503 -0.03741 0.03025 -0.01229 0.07090 -0.01328 -0.00077 0.06014 -0.00859 -0.04172 0.02431 -0.02364 -0.01594 0.00472 0.00150 0.01042 -0.05065 -0.02570 0.00201 -0.02028 0.07408 0.02984 -0.01351 0.00738 -0.05536 -0.00669 -0.04690 0.02769 0.00000
