0.44404 0.00502 -0.00086 0.01499 -0.07125 -0.00409 -0.00619 0.01249 -0.00674 -0.01543 -0.07572 0.02317 -0.04533 -0.04097 0.00353 -0.01782 0.03517 -0.03111 -0.01736 0.02048 -0.03869 0.00568 -0.00240 -0.02365 0.01512 -0.03052 -0.00391 0.04704 -0.00441 -0.02257 0.03195 0.00664 0.03301 0.00097 -0.01701 0.11330 -0.00810 -0.00488 0.01849 0.01030 -0.02146 -0.03612 0.00250 -0.01347 -0.01120 0.02741 0.01284 -0.02227 0.06635 -0.06783
-0.00502 0.55936 0.00631 -0.02979 -0.02268 0.01702 0.03074 0.02848 0.00239 0.00039 -0.03473 0.04033 -0.00454 0.01273 0.03802 -0.00914 0.01303 0.01749 -0.01503 0.01951 -0.05349 0.03925 0.00094 -0.00174 0.00065 -0.06529 -0.02917 0.02206 -0.04901 -0.00403 0.00465 0.02521 0.00347 -0.00232 -0.06468 0.01570 0.00167 -0.01838 0.00207 -0.04553 -0.02775 -0.01308 -0.01528 0.01109 -0.00146 0.01957 0.04029 -0.03934 -0.08977 0.01439
0.00086 -0.00631 0.46628 -0.03928 -0.02718 -0.04127 -0.01851 -0.02375 0.02315 0.01441 -0.04231 0.01102 -0.03012 -0.03477 0.00396 -0.01782 0.04191 -0.04910 -0.00207 -0.00450 -0.03446 -0.01236 -0.00678 0.00059 0.02359 -0.04657 -0.02005 0.01793 -0.00671 -0.02918 0.04450 0.01603 0.01726 -0.00884 0.00216 0.00398 0.00363 0.01879 0.00273 -0.01245 -0.01502 -0.04164 0.03778 0.04077 -0.02263 -0.01081 -0.00771 0.01442 -0.02725 -0.04728
-0.01499 0.02979 0.03928 0.73683 0.01715 0.04286 0.07276 0.03917 -0.01259 -0.06815 -0.04743 0.01651 0.03151 -0.05786 0.03725 -0.02946 0.06207 -0.01921 0.01877 -0.00215 0.00319 -0.00703 0.02022 -0.09403 0.00331 0.00289 -0.00955 -0.03000 -0.08055 0.01315 0.08476 -0.05059 0.04672 0.00395 0.09139 0.00381 0.03715 0.05825 0.02084 -0.03109 0.08045 0.00449 -0.03611 0.01790 -0.06280 0.01236 0.06556 0.03261 -0.07868 -0.08972
0.07125 0.02268 0.02718 -0.01715 0.01016 -0.02681 0.00910 0.03268 -0.03237 -0.00068 0.00181 -0.01393 0.02709 0.02307 0.03842 0.00224 0.00947 -0.00903 0.03517 -0.03683 0.03011 0.02568 -0.01449 0.00435 -0.03660 0.02703 -0.01921 -0.02019 -0.01528 -0.00983 -0.06983 -0.01015 -0.00782 -0.02420 0.00654 -0.05418 -0.04940 -0.01276 -0.01454 -0.01428 0.00550 0.04931 0.05037 0.01531 0.00026 -0.04101 -0.00763 0.02355 -0.06597 0.03141
0.00409 -0.01702 0.04127 -0.04286 0.02681 1.02935 -0.06103 -0.03893 0.00123 0.04033 0.05130 0.04098 -0.04811 -0.05840 -0.01746 0.08172 -0.00259 0.03777 -0.01596 0.06660 -0.03315 -0.04165 -0.04457 0.01063 0.08083 -0.04621 0.03428 0.04073 0.04412 0.09046 0.07314 0.05826 -0.03267 0.10659 -0.02196 -0.02270 0.07432 -0.06278 -0.09347 0.00058 -0.03893 -0.06783 0.04963 -0.06999 0.02831 0.01217 -0.08365 0.06069 0.00599 -0.04301
0.00619 -0.03074 0.01851 -0.07276 -0.00910 0.06103 0.46742 0.02049 -0.00959 0.03274 -0.01006 0.00101 0.02908 -0.01720 0.04830 -0.03388 -0.00124 0.00735 0.01306 -0.02101 -0.03430 -0.03150 -0.05073 0.03227 0.00555 -0.01118 -0.01459 -0.02759 -0.03473 0.03414 -0.01401 0.00155 0.03002 0.00149 0.01273 0.01503 0.01265 0.00301 -0.04125 -0.03533 0.05224 0.06534 0.02004 0.06355 0.02584 -0.02880 0.05067 -0.00311 -0.07135 0.00799
-0.01249 -0.02848 0.02375 -0.03917 -0.03268 0.03893 -0.02049 1.02775 0.04266 -0.02307 -0.02397 0.02005 -0.03848 -0.04142 0.02110 -0.00203 -0.02894 -0.02569 -0.03486 -0.02766 -0.02534 0.00602 0.02014 -0.00989 0.02750 -0.01879 0.00808 0.02768 -0.06285 0.01491 0.00629 -0.00736 -0.02218 -0.00246 -0.03869 0.02774 0.03830 0.03577 -0.01860 0.02297 -0.01539 0.01929 -0.03317 0.04401 0.00751 -0.00068 0.01589 0.02112 -0.02559 0.00337
0.00674 -0.00239 -0.02315 0.01259 0.03237 -0.00123 0.00959 -0.04266 0.95134 -0.00488 0.06917 -0.04079 -0.01049 0.01059 -0.02320 0.05782 -0.00210 0.03204 -0.01677 0.00480 -0.00388 -0.02429 -0.02459 -0.00958 0.02280 0.00266 0.01383 0.00512 0.02008 -0.00392 0.02395 -0.00089 -0.01711 -0.00128 0.01855 -0.02909 -0.00528 -0.00239 -0.05293 -0.02258 -0.00140 -0.03304 -0.05945 -0.05758 0.01217 0.00706 -0.00119 0.00223 0.01233 -0.02301
0.01543 -0.00039 -0.01441 0.06815 0.00068 -0.04033 -0.03274 0.02307 0.00488 0.75200 -0.02569 0.00837 -0.00104 0.03200 0.03648 -0.02296 0.00305 0.00702 0.03005 -0.03263 0.03842 0.04064 -0.02800 0.06052 -0.00743 0.03060 -0.01431 -0.01515 0.05495 0.00803 -0.01970 -0.02477 0.01995 0.02390 0.03139 0.03616 -0.02835 -0.01686 -0.01486 0.01076 0.02782 0.05438 0.02783 -0.01204 0.00294 -0.02326 -0.01478 -0.00159 0.00270 -0.00384
0.07572 0.03473 0.04231 0.04743 -0.00181 -0.05130 0.01006 0.02397 -0.06917 0.02569 0.14979 0.03861 0.02954 0.06791 0.01200 -0.01404 0.04578 0.00422 0.05039 -0.04236 0.02701 0.04730 0.01332 -0.02799 -0.03426 0.03444 -0.02911 -0.03532 0.00716 -0.03427 -0.04200 -0.00658 -0.00809 -0.00837 0.01205 -0.01591 -0.04588 -0.01660 -0.03103 -0.02389 0.00156 0.07382 0.04669 -0.02332 -0.02855 -0.04111 0.02709 -0.01783 -0.03234 0.03876
-0.02317 -0.04033 -0.01102 -0.01651 0.01393 -0.04098 -0.00101 -0.02005 0.04079 -0.00837 -0.03861 0.00000 0.01657 -0.04421 -0.01266 -0.04976 0.05035 -0.02393 0.01592 0.03512 -0.05099 -0.01852 0.01202 -0.02979 0.02684 -0.03095 0.02252 0.04243 0.02605 0.02241 0.05558 -0.00711 -0.02525 0.02240 0.00296 0.01171 -0.01863 0.01122 0.02124 -0.00651 -0.00351 -0.03900 -0.02755 -0.00306 -0.02492 0.03090 0.02320 0.04188 -0.00908 -0.07802
0.04533 0.00454 0.03012 -0.03151 -0.02709 0.04811 -0.02908 0.03848 0.01049 0.00104 -0.02954 -0.01657 0.39248 0.01025 0.01560 -0.02492 0.00075 -0.02668 -0.00871 -0.01306 0.00275 0.02352 -0.03808 0.03183 0.02612 0.01435 -0.02629 0.03516 -0.00502 0.02909 0.00942 0.03704 -0.02277 0.00963 -0.02285 0.02988 -0.00097 -0.00577 -0.02512 -0.03264 -0.07278 0.02753 0.02271 0.02807 0.00429 -0.03236 -0.00194 -0.02914 -0.03292 -0.00442
0.04097 -0.01273 0.03477 0.05786 -0.02307 0.05840 0.01720 0.04142 -0.01059 -0.03200 -0.06791 0.04421 -0.01025 0.66821 0.06530 0.01967 0.04358 -0.02318 0.01249 0.00872 0.01138 0.04772 0.00261 -0.00400 0.02762 0.05652 0.00420 -0.00905 -0.01938 0.00457 0.01803 -0.02389 0.04221 -0.00879 0.06509 0.04579 0.00362 -0.03447 0.00381 -0.02409 0.06979 0.03556 -0.01815 -0.01151 -0.00219 -0.02013 0.06024 -0.04905 -0.03738 -0.06381
-0.00353 -0.03802 -0.00396 -0.03725 -0.03842 0.01746 -0.04830 -0.02110 0.02320 -0.03648 -0.01200 0.01266 -0.01560 -0.06530 0.32338 -0.02170 -0.01358 -0.00827 -0.06767 0.00875 -0.04893 -0.05149 -0.00939 -0.01658 0.03958 -0.02353 -0.00530 0.01222 0.00410 -0.04124 0.06007 -0.01668 0.00354 0.01748 -0.04739 0.06058 0.02384 -0.03359 -0.00038 0.03892 -0.02371 -0.02517 -0.02666 0.00561 -0.01175 0.01763 -0.00401 0.03411 0.00047 -0.03508
0.01782 0.00914 0.01782 0.02946 -0.00224 -0.08172 0.03388 0.00203 -0.05782 0.02296 0.01404 0.04976 0.02492 -0.01967 0.02170 0.18135 0.02268 -0.01415 0.04615 -0.05470 0.00860 -0.00457 0.00025 -0.02113 -0.04168 0.01575 -0.03222 -0.03270 -0.03715 -0.04288 -0.02100 0.00135 0.06673 -0.01626 0.03259 -0.02664 0.00970 -0.00707 0.00563 -0.03164 0.03699 -0.00154 0.05637 0.01893 -0.00961 -0.02038 -0.01571 -0.01636 -0.04408 -0.01944
-0.03517 -0.01303 -0.04191 -0.06207 -0.00947 0.00259 0.00124 0.02894 0.00210 -0.00305 -0.04578 -0.05035 -0.00075 -0.04358 0.01358 -0.02268 0.23028 -0.04616 -0.02443 0.01285 -0.06843 0.00327 0.01379 0.00080 0.01494 -0.05649 -0.05384 0.01042 -0.03073 0.00872 0.04120 -0.01190 0.00688 0.00629 -0.04849 -0.00765 0.00140 -0.00013 0.01278 0.00888 -0.03890 -0.00064 -0.00767 0.03304 -0.01013 0.02411 -0.03534 0.01333 -0.01692 -0.01248
0.03111 -0.01749 0.04910 0.01921 0.00903 -0.03777 -0.00735 0.02569 -0.03204 -0.00702 -0.00422 0.02393 0.02668 0.02318 0.00827 0.01415 0.04616 0.27579 0.02583 -0.02693 0.07426 0.00276 -0.01873 0.00767 -0.02312 0.08515 -0.04379 -0.05196 0.00419 -0.04068 -0.04135 0.00620 0.01744 -0.02279 0.01185 0.00297 -0.03644 -0.02617 -0.02020 -0.04480 0.04412 0.03949 0.00410 -0.01519 0.00079 -0.05080 0.03929 0.02936 -0.03503 0.01719
0.01736 0.01503 0.00207 -0.01877 -0.03517 0.01596 -0.01306 0.03486 0.01677 -0.03005 -0.05039 -0.01592 0.00871 -0.01249 0.06767 -0.04615 0.02443 -0.02583 1.03432 -0.01331 -0.00511 0.01777 0.01490 -0.01222 -0.00043 0.00086 -0.03238 -0.00158 -0.01549 -0.03291 0.00035 -0.01765 0.00966 -0.01553 -0.00529 0.04743 -0.03476 -0.01424 0.01594 -0.01521 -0.01554 0.05605 -0.00712 0.03777 -0.02712 0.00401 0.02725 -0.00260 -0.01181 -0.01250
-0.02048 -0.01951 0.00450 0.00215 0.03683 -0.06660 0.02101 0.02766 -0.00480 0.03263 0.04236 -0.03512 0.01306 -0.00872 -0.00875 0.05470 -0.01285 0.02693 0.01331 0.34241 0.00234 -0.01043 -0.00319 0.02497 -0.04390 -0.02724 -0.04600 -0.02935 -0.02312 -0.00005 -0.01763 0.01121 0.07817 -0.00089 0.03217 -0.02130 0.02096 -0.05144 0.00782 -0.06334 0.02409 -0.02272 0.03001 0.02225 -0.01153 0.01630 0.01245 -0.02176 -0.03289 0.07008
0.03869 0.05349 0.03446 -0.00319 -0.03011 0.03315 0.03430 0.02534 0.00388 -0.03842 -0.02701 0.05099 -0.00275 -0.01138 0.04893 -0.00860 0.06843 -0.07426 0.00511 -0.00234 0.88453 0.00959 0.02373 -0.05877 -0.00297 0.00542 -0.02361 0.00750 -0.02895 -0.01482 0.00856 0.00494 -0.01435 -0.02771 0.04225 0.04703 0.02197 0.00937 0.02405 -0.02435 -0.00485 -0.02851 0.03476 0.00623 -0.03559 -0.03487 0.01371 -0.02900 -0.01490 -0.07735
-0.00568 -0.03925 0.01236 0.00703 -0.02568 0.04165 0.03150 -0.00602 0.02429 -0.04064 -0.04730 0.01852 -0.02352 -0.04772 0.05149 0.00457 -0.00327 -0.00276 -0.01777 0.01043 -0.00959 0.59806 -0.04840 -0.01983 0.01226 -0.00427 0.02766 0.04354 -0.04263 -0.00335 0.04602 -0.00392 -0.01576 0.02154 -0.00942 0.06297 0.01723 0.03063 0.00160 0.00595 0.00887 -0.05811 -0.04436 0.02155 -0.01878 -0.01980 0.03529 0.00306 -0.05832 -0.08488
0.00240 -0.00094 0.00678 -0.02022 0.01449 0.04457 0.05073 -0.02014 0.02459 0.02800 -0.01332 -0.01202 0.03808 -0.00261 0.00939 -0.00025 -0.01379 0.01873 -0.01490 0.00319 -0.02373 0.04840 0.56145 0.01119 0.02107 -0.00193 -0.00180 0.03692 0.00699 0.01584 0.02441 0.00782 -0.00477 0.01152 -0.05465 -0.02529 0.02996 -0.00258 -0.02929 -0.00222 -0.04142 0.02031 -0.01724 0.02059 0.01976 0.02401 -0.02527 -0.03486 0.01024 0.03752
0.02365 0.00174 -0.00059 0.09403 -0.00435 -0.01063 -0.03227 0.00989 0.00958 -0.06052 0.02799 0.02979 -0.03183 0.00400 0.01658 0.02113 -0.00080 -0.00767 0.01222 -0.02497 0.05877 0.01983 -0.01119 0.35010 0.00598 0.03674 0.04583 0.00651 0.03514 0.01173 0.00652 -0.04699 -0.03745 -0.00224 0.07275 0.03154 -0.00790 0.00219 0.00653 0.03165 -0.00540 0.01302 -0.00454 -0.04541 -0.05180 -0.03914 -0.03081 0.02699 0.05476 -0.03027
-0.01512 -0.00065 -0.02359 -0.00331 0.03660 -0.08083 -0.00555 -0.02750 -0.02280 0.00743 0.03426 -0.02684 -0.02612 -0.02762 -0.03958 0.04168 -0.01494 0.02312 0.00043 0.04390 0.00297 -0.01226 -0.02107 -0.00598 0.85755 -0.00606 0.03514 0.04160 0.01971 -0.00974 0.04439 0.03276 -0.04181 0.01662 -0.01113 -0.02804 -0.04055 -0.03365 0.00570 0.00487 -0.05633 -0.05872 0.01848 -0.04425 -0.01578 0.02664 -0.03508 -0.00223 0.02222 0.01225
0.03052 0.06529 0.04657 -0.00289 -0.02703 0.04621 0.01118 0.01879 -0.00266 -0.03060 -0.03444 0.03095 -0.01435 -0.05652 0.02353 -0.01575 0.05649 -0.08515 -0.00086 0.02724 -0.00542 0.00427 0.00193 -0.03674 0.00606 0.79134 -0.02194 0.00070 -0.02620 -0.00548 0.05361 0.00880 -0.02725 -0.02674 0.04408 0.03971 0.00519 0.04820 0.05258 -0.02151 -0.03159 -0.02449 0.03569 0.00707 -0.04006 -0.02182 0.02280 -0.03069 -0.00042 -0.07096
0.00391 0.02917 0.02005 0.00955 0.01921 -0.03428 0.01459 -0.00808 -0.01383 0.01431 0.02911 -0.02252 0.02629 -0.00420 0.00530 0.03222 0.05384 0.04379 0.03238 0.04600 0.02361 -0.02766 0.00180 -0.04583 -0.03514 0.02194 0.47796 -0.08456 -0.02484 -0.01392 0.00787 0.01699 0.00098 0.01797 0.03714 -0.03283 -0.02564 -0.00557 -0.01413 -0.07952 0.05351 -0.00548 -0.00240 -0.05316 -0.03304 -0.00159 0.08256 0.02469 -0.07343 0.01325
-0.04704 -0.02206 -0.01793 0.03000 0.02019 -0.04073 0.02759 -0.02768 -0.00512 0.01515 0.03532 -0.04243 -0.03516 0.00905 -0.01222 0.03270 -0.01042 0.05196 0.00158 0.02935 -0.00750 -0.04354 -0.03692 -0.00651 -0.04160 -0.00070 0.08456 0.67319 0.02034 -0.00715 -0.01540 0.00668 -0.00544 0.02355 0.04702 -0.01868 -0.02316 0.01400 -0.01183 0.02608 0.07493 -0.06495 -0.03808 -0.05440 0.02961 0.03473 0.05719 0.02898 -0.02550 0.00075
0.00441 0.04901 0.00671 0.08055 0.01528 -0.04412 0.03473 0.06285 -0.02008 -0.05495 -0.00716 -0.02605 0.00502 0.01938 -0.00410 0.03715 0.03073 -0.00419 0.01549 0.02312 0.02895 0.04263 -0.00699 -0.03514 -0.01971 0.02620 0.02484 -0.02034 0.49868 -0.00214 -0.00121 -0.02651 -0.03664 -0.00096 0.02776 -0.00402 -0.03425 -0.03265 0.00672 -0.01125 0.00372 0.01949 0.00116 -0.02607 -0.04795 0.02793 0.02813 0.01540 -0.04507 -0.06021
0.02257 0.00403 0.02918 -0.01315 0.00983 -0.09046 -0.03414 -0.01491 0.00392 -0.00803 0.03427 -0.02241 -0.02909 -0.00457 0.04124 0.04288 -0.00872 0.04068 0.03291 0.00005 0.01482 0.00335 -0.01584 -0.01173 0.00974 0.00548 0.01392 0.00715 0.00214 1.02468 -0.00501 -0.00747 -0.02541 0.03091 0.00911 -0.01003 -0.02034 -0.04408 -0.07429 -0.01450 -0.01174 0.03981 -0.00658 -0.02998 0.01203 0.02087 0.00366 0.04687 -0.03290 0.00862
-0.03195 -0.00465 -0.04450 -0.08476 0.06983 -0.07314 0.01401 -0.00629 -0.02395 0.01970 0.04200 -0.05558 -0.00942 -0.01803 -0.06007 0.02100 -0.04120 0.04135 -0.00035 0.01763 -0.00856 -0.04602 -0.02441 -0.00652 -0.04439 -0.05361 -0.00787 0.01540 0.00121 0.00501 0.83414 -0.00887 -0.04025 -0.01966 0.00941 -0.03003 -0.04166 0.02203 0.00174 0.02128 -0.02064 -0.05361 -0.06097 -0.00913 0.03149 0.03870 -0.01594 0.05294 -0.01127 0.04164
-0.00664 -0.02521 -0.01603 0.05059 0.01015 -0.05826 -0.00155 0.00736 0.00089 0.02477 0.00658 0.00711 -0.03704 0.02389 0.01668 -0.00135 0.01190 -0.00620 0.01765 -0.01121 -0.00494 0.00392 -0.00782 0.04699 -0.03276 -0.00880 -0.01699 -0.00668 0.02651 0.00747 0.00887 0.50795 0.06201 -0.01207 0.07798 -0.00203 0.03808 -0.02313 0.02134 0.00072 0.00992 -0.02377 0.02692 0.00158 0.02114 0.02387 -0.04185 -0.02718 0.02882 -0.02454
-0.03301 -0.00347 -0.01726 -0.04672 0.00782 0.03267 -0.03002 0.02218 0.01711 -0.01995 0.00809 0.02525 0.02277 -0.04221 -0.00354 -0.06673 -0.00688 -0.01744 -0.00966 -0.07817 0.01435 0.01576 0.00477 0.03745 0.04181 0.02725 -0.00098 0.00544 0.03664 0.02541 0.04025 -0.06201 0.66919 0.02571 -0.07293 -0.01201 -0.04082 -0.02183 -0.03564 0.01233 -0.05513 0.07294 -0.01985 0.00373 -0.00592 -0.00521 -0.00212 0.01072 0.01185 0.02362
-0.00097 0.00232 0.00884 -0.00395 0.02420 -0.10659 -0.00149 0.00246 0.00128 -0.02390 0.00837 -0.02240 -0.00963 0.00879 -0.01748 0.01626 -0.00629 0.02279 0.01553 0.00089 0.02771 -0.02154 -0.01152 0.00224 -0.01662 0.02674 -0.01797 -0.02355 0.00096 -0.03091 0.01966 0.01207 -0.02571 0.47048 -0.01944 -0.02511 -0.02884 -0.01202 0.00347 -0.01341 0.00934 -0.00649 0.00519 -0.01202 -0.00133 0.00949 0.00409 0.04040 -0.02061 0.01610
0.01701 0.06468 -0.00216 -0.09139 -0.00654 0.02196 -0.01273 0.03869 -0.01855 -0.03139 -0.01205 -0.00296 0.02285 -0.06509 0.04739 -0.03259 0.04849 -0.01185 0.00529 -0.03217 -0.04225 0.00942 0.05465 -0.07275 0.01113 -0.04408 -0.03714 -0.04702 -0.02776 -0.00911 -0.00941 -0.07798 0.07293 0.01944 0.56216 0.04321 -0.00176 0.01434 0.03040 -0.02768 -0.01100 0.03064 0.02991 0.00472 -0.05423 0.01862 0.05218 0.02985 -0.03981 -0.00446
-0.11330 -0.01570 -0.00398 -0.00381 0.05418 0.02270 -0.01503 -0.02774 0.02909 -0.03616 0.01591 -0.01171 -0.02988 -0.04579 -0.06058 0.02664 0.00765 -0.00297 -0.04743 0.02130 -0.04703 -0.06297 0.02529 -0.03154 0.02804 -0.03971 0.03283 0.01868 0.00402 0.01003 0.03003 0.00203 0.01201 0.02511 -0.04321 0.16484 0.03633 -0.03268 -0.01908 0.01457 -0.01433 -0.04799 -0.03617 -0.01600 -0.01173 0.08902 -0.00836 0.00812 0.07016 -0.00135
0.00810 -0.00167 -0.00363 -0.03715 0.04940 -0.07432 -0.01265 -0.03830 0.00528 0.02835 0.04588 0.01863 0.00097 -0.00362 -0.02384 -0.00970 -0.00140 0.03644 0.03476 -0.02096 -0.02197 -0.01723 -0.02996 0.00790 0.04055 -0.00519 0.02564 0.02316 0.03425 0.02034 0.04166 -0.03808 0.04082 0.02884 0.00176 -0.03633 0.89286 -0.00570 -0.04173 0.01199 0.01383 0.00692 -0.02335 -0.01815 0.04057 0.00267 0.01035 0.00245 0.00099 -0.01027
0.00488 0.01838 -0.01879 -0.05825 0.01276 0.06278 -0.00301 -0.03577 0.00239 0.01686 0.01660 -0.01122 0.00577 0.03447 0.03359 0.00707 0.00013 0.02617 0.01424 0.05144 -0.00937 -0.03063 0.00258 -0.00219 0.03365 -0.04820 0.00557 -0.01400 0.03265 0.04408 -0.02203 0.02313 0.02183 0.01202 -0.01434 0.03268 0.00570 0.02505 0.00038 -0.01090 0.02745 0.01817 -0.01338 -0.01128 0.00792 0.01634 0.01670 -0.00564 0.01026 0.05036
-0.01849 -0.00207 -0.00273 -0.02084 0.01454 0.09347 0.04125 0.01860 0.05293 0.01486 0.03103 -0.02124 0.02512 -0.00381 0.00038 -0.00563 -0.01278 0.02020 -0.01594 -0.00782 -0.02405 -0.00160 0.02929 -0.00653 -0.00570 -0.05258 0.01413 0.01183 -0.00672 0.07429 -0.00174 -0.02134 0.03564 -0.00347 -0.03040 0.01908 0.04173 -0.00038 0.29907 0.02396 -0.01412 0.00167 -0.01137 0.01023 0.01477 0.03554 -0.02142 -0.05129 0.03538 0.02553
-0.01030 0.04553 0.01245 0.03109 0.01428 -0.00058 0.03533 -0.02297 0.02258 -0.01076 0.02389 0.00651 0.03264 0.02409 -0.03892 0.03164 -0.00888 0.04480 0.01521 0.06334 0.02435 -0.00595 0.00222 -0.03165 -0.00487 0.02151 0.07952 -0.02608 0.01125 0.01450 -0.02128 -0.00072 -0.01233 0.01341 0.02768 -0.01457 -0.01199 0.01090 -0.02396 0.45275 0.05589 -0.01898 -0.02584 -0.06153 -0.00192 0.02207 0.04125 -0.00397 -0.00519 -0.00210
0.02146 0.02775 0.01502 -0.08045 -0.00550 0.03893 -0.05224 0.01539 0.00140 -0.02782 -0.00156 0.00351 0.07278 -0.06979 0.02371 -0.03699 0.03890 -0.04412 0.01554 -0.02409 0.00485 -0.00887 0.04142 0.00540 0.05633 0.03159 -0.05351 -0.07493 -0.00372 0.01174 0.02064 -0.00992 0.05513 -0.00934 0.01100 0.01433 -0.01383 -0.02745 0.01412 -0.05589 0.64583 0.04402 0.04035 0.00994 -0.03422 -0.03455 0.00467 0.01826 -0.00947 0.02022
0.03612 0.01308 0.04164 -0.00449 -0.04931 0.06783 -0.06534 -0.01929 0.03304 -0.05438 -0.07382 0.03900 -0.02753 -0.03556 0.02517 0.00154 0.00064 -0.03949 -0.05605 0.02272 0.02851 0.05811 -0.02031 -0.01302 0.05872 0.02449 0.00548 0.06495 -0.01949 -0.03981 0.05361 0.02377 -0.07294 0.00649 -0.03064 0.04799 -0.00692 -0.01817 -0.00167 0.01898 -0.04402 0.50406 -0.02236 -0.01456 -0.06391 -0.00423 -0.02546 0.03218 -0.00713 -0.07373
-0.00250 0.01528 -0.03778 0.03611 -0.05037 -0.04963 -0.02004 0.03317 0.05945 -0.02783 -0.04669 0.02755 -0.02271 0.01815 0.02666 -0.05637 0.00767 -0.00410 0.00712 -0.03001 -0.03476 0.04436 0.01724 0.00454 -0.01848 -0.03569 0.00240 0.03808 -0.00116 0.00658 0.06097 -0.02692 0.01985 -0.00519 -0.02991 0.03617 0.02335 0.01338 0.01137 0.02584 -0.04035 0.02236 0.48859 0.03749 -0.04243 -0.01359 -0.03151 -0.02008 0.01561 -0.02968
0.01347 -0.01109 -0.04077 -0.01790 -0.01531 0.06999 -0.06355 -0.04401 0.05758 0.01204 0.02332 0.00306 -0.02807 0.01151 -0.00561 -0.01893 -0.03304 0.01519 -0.03777 -0.02225 -0.00623 -0.02155 -0.02059 0.04541 0.04425 -0.00707 0.05316 0.05440 0.02607 0.02998 0.00913 -0.00158 -0.00373 0.01202 -0.00472 0.01600 0.01815 0.01128 -0.01023 0.06153 -0.00994 0.01456 -0.03749 0.15917 0.05927 -0.01463 -0.04811 0.02718 0.03374 0.01364
0.01120 0.00146 0.02263 0.06280 -0.00026 -0.02831 -0.02584 -0.00751 -0.01217 -0.00294 0.02855 0.02492 -0.00429 0.00219 0.01175 0.00961 0.01013 -0.00079 0.02712 0.01153 0.03559 0.01878 -0.01976 0.05180 0.01578 0.04006 0.03304 -0.02961 0.04795 -0.01203 -0.03149 -0.02114 0.00592 0.00133 0.05423 0.01173 -0.04057 -0.00792 -0.01477 0.00192 0.03422 0.06391 0.04243 -0.05927 0.52678 -0.01193 0.01714 -0.00834 0.00422 -0.00737
-0.02741 -0.01957 0.01081 -0.01236 0.04101 -0.01217 0.02880 0.00068 -0.00706 0.02326 0.04111 -0.03090 0.03236 0.02013 -0.01763 0.02038 -0.02411 0.05080 -0.00401 -0.01630 0.03487 0.01980 -0.02401 0.03914 -0.02664 0.02182 0.00159 -0.03473 -0.02793 -0.02087 -0.03870 -0.02387 0.00521 -0.00949 -0.01862 -0.08902 -0.00267 -0.01634 -0.03554 -0.02207 0.03455 0.00423 0.01359 0.01463 0.01193 0.46155 0.03136 0.02490 -0.09070 0.05549
-0.01284 -0.04029 0.00771 -0.06556 0.00763 0.08365 -0.05067 -0.01589 0.00119 0.01478 -0.02709 -0.02320 0.00194 -0.06024 0.00401 0.01571 0.03534 -0.03929 -0.02725 -0.01245 -0.01371 -0.03529 0.02527 0.03081 0.03508 -0.02280 -0.08256 -0.05719 -0.02813 -0.00366 0.01594 0.04185 0.00212 -0.00409 -0.05218 0.00836 -0.01035 -0.01670 0.02142 -0.04125 -0.00467 0.02546 0.03151 0.04811 -0.01714 -0.03136 0.69717 0.06012 -0.02917 0.00680
0.02227 0.03934 -0.01442 -0.03261 -0.02355 -0.06069 0.00311 -0.02112 -0.00223 0.00159 0.01783 -0.04188 0.02914 0.04905 -0.03411 0.01636 -0.01333 -0.02936 0.00260 0.02176 0.02900 -0.00306 0.03486 -0.02699 0.00223 0.03069 -0.02469 -0.02898 -0.01540 -0.04687 -0.05294 0.02718 -0.01072 -0.04040 -0.02985 -0.00812 -0.00245 0.00564 0.05129 0.00397 -0.01826 -0.03218 0.02008 -0.02718 0.00834 -0.02490 -0.06012 0.72456 0.03299 0.04690
-0.06635 0.08977 0.02725 0.07868 0.06597 -0.00599 0.07135 0.02559 -0.01233 -0.00270 0.03234 0.00908 0.03292 0.03738 -0.00047 0.04408 0.01692 0.03503 0.01181 0.03289 0.01490 0.05832 -0.01024 -0.05476 -0.02222 0.00042 0.07343 0.02550 0.04507 0.03290 0.01127 -0.02882 -0.01185 0.02061 0.03981 -0.07016 -0.00099 -0.01026 -0.03538 0.00519 0.00947 0.00713 -0.01561 -0.03374 -0.00422 0.09070 0.02917 -0.03299 0.56431 -0.02785
0.06783 -0.01439 0.04728 0.08972 -0.03141 0.04301 -0.00799 -0.00337 0.02301 0.00384 -0.03876 0.07802 0.00442 0.06381 0.03508 0.01944 0.01248 -0.01719 0.01250 -0.07008 0.07735 0.08488 -0.03752 0.03027 -0.01225 0.07096 -0.01325 -0.00075 0.06021 -0.00862 -0.04164 0.02454 -0.02362 -0.01610 0.00446 0.00135 0.01027 -0.05036 -0.02553 0.00210 -0.02022 0.07373 0.02968 -0.01364 0.00737 -0.05549 -0.00680 -0.04690 0.02785 0.00000
