0.14598 0.01201 0.02174 0.01736 -0.00860 0.00359 -0.03418 -0.00012 -0.01356 0.00515 -0.02132 0.01435 -0.01279 -0.00180 -0.00317 0.00478 -0.00328 -0.00606 0.00184 -0.00444
-0.01201 0.88941 0.00753 0.00331 -0.01341 -0.01689 0.01415 0.01332 -0.00916 -0.01668 -0.00382 -0.00632 0.02006 -0.00790 0.01096 0.01662 -0.01880 0.01847 -0.00106 -0.03627
-0.02174 -0.00753 0.15819 0.00427 -0.00216 0.00267 -0.01495 0.00717 -0.00671 0.00054 -0.00529 0.01497 0.03097 -0.00667 0.01035 0.00211 0.02461 0.01729 -0.00054 -0.03310
-0.01736 -0.00331 -0.00427 0.47539 -0.00016 -0.01941 -0.00790 -0.00049 0.00578 0.00115 -0.01538 0.01016 0.00618 0.01039 -0.00748 0.00553 -0.00310 -0.00609 0.00625 0.00388
0.00860 0.01341 0.00216 0.00016 0.73639 0.00700 -0.00187 0.00217 -0.00517 -0.01104 0.00804 0.01850 -0.00982 -0.00349 -0.01660 -0.01853 -0.00425 0.01052 0.00843 -0.01218
-0.00359 0.01689 -0.00267 0.01941 -0.00700 0.78318 -0.01161 0.00185 0.00283 0.01632 0.00358 -0.00442 -0.00261 0.00163 0.00184 0.00359 -0.01075 -0.01391 -0.01148 0.02476
0.03418 -0.01415 0.01495 0.00790 0.00187 0.01161 0.37795 -0.01836 0.01460 -0.00682 0.02806 0.00866 -0.02095 -0.02725 -0.00595 -0.01162 -0.00328 0.00303 0.00809 0.00347
0.00012 -0.01332 -0.00717 0.00049 -0.00217 -0.00185 0.01836 0.63319 0.02216 0.00880 -0.01608 -0.00090 -0.00123 0.00543 -0.00285 0.01175 0.01110 0.01718 0.00797 -0.02501
0.01356 0.00916 0.00671 -0.00578 0.00517 -0.00283 -0.01460 -0.02216 0.67344 0.00828 0.02519 0.01105 -0.00692 -0.02302 0.00290 0.00273 -0.00341 -0.00964 -0.00906 0.01486
-0.00515 0.01668 -0.00054 -0.00115 0.01104 -0.01632 0.00682 -0.00880 -0.00828 0.12253 -0.01507 0.00545 -0.00555 0.00855 -0.03030 -0.00442 0.01651 -0.01285 -0.01445 0.01837
0.02132 0.00382 0.00529 0.01538 -0.00804 -0.00358 -0.02806 0.01608 -0.02519 0.01507 0.82986 -0.00174 -0.00524 0.01063 0.01627 0.00735 -0.00425 -0.00582 -0.00553 0.00310
-0.01435 0.00632 -0.01497 -0.01016 -0.01850 0.00442 -0.00866 0.00090 -0.01105 -0.00545 0.00174 0.81823 -0.01025 -0.00640 -0.00555 0.00601 -0.00262 -0.00596 -0.01179 0.01108
0.01279 -0.02006 -0.03097 -0.00618 0.00982 0.00261 0.02095 0.00123 0.00692 0.00555 0.00524 0.01025 0.25677 -0.00584 -0.00453 0.00390 0.01503 0.00919 0.01558 -0.01549
0.00180 0.00790 0.00667 -0.01039 0.00349 -0.00163 0.02725 -0.00543 0.02302 -0.00855 -0.01063 0.00640 0.00584 0.78261 0.00039 0.01393 -0.00611 0.00645 -0.00286 -0.01200
0.00317 -0.01096 -0.01035 0.00748 0.01660 -0.00184 0.00595 0.00285 -0.00290 0.03030 -0.01627 0.00555 0.00453 -0.00039 0.10511 0.00117 0.02297 -0.00091 0.00693 -0.00072
-0.00478 -0.01662 -0.00211 -0.00553 0.01853 -0.00359 0.01162 -0.01175 -0.00273 0.00442 -0.00735 -0.00601 -0.00390 -0.01393 -0.00117 0.77716 -0.01271 0.01233 -0.00607 -0.01965
0.00328 0.01880 -0.02461 0.00310 0.00425 0.01075 0.00328 -0.01110 0.00341 -0.01651 0.00425 0.00262 -0.01503 0.00611 -0.02297 0.01271 0.23811 -0.01309 -0.01011 0.02143
0.00606 -0.01847 -0.01729 0.00609 -0.01052 0.01391 -0.00303 -0.01718 0.00964 0.01285 0.00582 0.00596 -0.00919 -0.00645 0.00091 -0.01233 0.01309 1.01621 0.01263 -0.02033
-0.00184 0.00106 0.00054 -0.00625 -0.00843 0.01148 -0.00809 -0.00797 0.00906 0.01445 0.00553 0.01179 -0.01558 0.00286 -0.00693 0.00607 0.01011 -0.01263 0.85587 0.02232
0.00444 0.03627 0.03310 -0.00388 0.01218 -0.02476 -0.00347 0.02501 -0.01486 -0.01837 -0.00310 -0.01108 0.01549 0.01200 0.00072 0.01965 -0.02143 0.02033 -0.02232 0.99372
