0.23197 -0.01308 -0.01398 0.03607 -0.02439 0.03502 -0.02832 -0.03564 -0.00026 0.04201 -0.00288 0.01866 -0.02071 0.00111 0.01737 -0.01763 0.01164 -0.02299 0.02123 -0.05120
0.01308 0.89542 0.00002 0.01728 -0.02854 -0.00047 0.01016 0.00075 -0.00867 0.01005 0.00108 0.00033 0.02765 0.00604 0.02855 0.00820 -0.00739 0.01608 0.01170 -0.03530
0.01398 -0.00002 0.15482 0.02403 -0.01639 0.00436 -0.02072 -0.01267 -0.01157 0.01609 -0.00439 0.02281 0.04317 0.02143 0.04456 0.00825 0.03218 0.01929 0.00910 -0.02549
-0.03607 -0.01728 -0.02403 0.51536 0.00019 -0.00067 0.01269 -0.02041 0.01001 0.02692 -0.00314 -0.00437 0.00788 0.01269 -0.00173 -0.00604 0.00101 -0.02428 0.01344 -0.03379
0.02439 0.02854 0.01639 -0.00019 0.75789 -0.00688 -0.00810 0.01406 -0.00728 -0.03156 -0.00016 0.02139 -0.00800 -0.00052 -0.01158 -0.00746 -0.01324 0.02043 -0.00524 0.01777
-0.03502 0.00047 -0.00436 0.00067 0.00688 0.78339 -0.00751 0.00907 0.00264 -0.00153 -0.00019 -0.01043 -0.02365 -0.01573 -0.02788 -0.01112 -0.01708 -0.01640 -0.02078 0.01473
0.02832 -0.01016 0.02072 -0.01269 0.00810 0.00751 0.37325 -0.01414 0.01536 -0.01422 0.02773 0.00228 -0.02275 -0.03271 -0.01767 -0.01051 -0.00733 0.00680 0.00228 0.00907
0.03564 -0.00075 0.01267 0.02041 -0.01406 -0.00907 0.01414 0.63228 0.01597 0.01920 -0.01480 0.00472 0.01491 0.03153 0.03254 0.02315 0.01467 0.02059 0.01469 -0.01320
0.00026 0.00867 0.01157 -0.01001 0.00728 -0.00264 -0.01536 -0.01597 0.66691 0.00537 0.02698 0.01041 -0.00942 -0.03497 -0.01166 0.00276 -0.00437 -0.00925 -0.00998 0.01021
-0.04201 -0.01005 -0.01609 -0.02692 0.03156 0.00153 0.01422 -0.01920 -0.00537 0.13907 -0.01036 -0.00209 -0.01609 -0.00586 -0.05892 -0.02547 0.01541 -0.01953 -0.02267 -0.00649
0.00288 -0.00108 0.00439 0.00314 0.00016 0.00019 -0.02773 0.01480 -0.02698 0.01036 0.83272 -0.00455 -0.00784 0.00326 -0.00516 0.00595 -0.00909 -0.00702 -0.01081 -0.01371
-0.01866 -0.00033 -0.02281 0.00437 -0.02139 0.01043 -0.00228 -0.00472 -0.01041 0.00209 0.00455 0.82383 -0.00994 -0.00684 -0.00196 0.00171 0.00237 -0.01010 -0.00752 0.00072
0.02071 -0.02765 -0.04317 -0.00788 0.00800 0.02365 0.02275 -0.01491 0.00942 0.01609 0.00784 0.00994 0.26451 -0.00201 0.00013 -0.02005 0.01752 0.00419 0.01723 -0.02162
-0.00111 -0.00604 -0.02143 -0.01269 0.00052 0.01573 0.03271 -0.03153 0.03497 0.00586 -0.00326 0.00684 0.00201 0.84123 -0.00644 -0.00160 0.00024 -0.00369 0.00262 -0.03019
-0.01737 -0.02855 -0.04456 0.00173 0.01158 0.02788 0.01767 -0.03254 0.01166 0.05892 0.00516 0.00196 -0.00013 0.00644 0.23565 -0.02201 0.02823 -0.01861 0.01544 -0.03770
0.01763 -0.00820 -0.00825 0.00604 0.00746 0.01112 0.01051 -0.02315 -0.00276 0.02547 -0.00595 -0.00171 0.02005 0.00160 0.02201 0.77769 -0.00552 0.00901 0.00248 -0.01511
-0.01164 0.00739 -0.03218 -0.00101 0.01324 0.01708 0.00733 -0.01467 0.00437 -0.01541 0.00909 -0.00237 -0.01752 -0.00024 -0.02823 0.00552 0.23592 -0.01363 -0.01521 0.01373
0.02299 -0.01608 -0.01929 0.02428 -0.02043 0.01640 -0.00680 -0.02059 0.00925 0.01953 0.00702 0.01010 -0.00419 0.00369 0.01861 -0.00901 0.01363 1.01410 0.01942 -0.00796
-0.02123 -0.01170 -0.00910 -0.01344 0.00524 0.02078 -0.00228 -0.01469 0.00998 0.02267 0.01081 0.00752 -0.01723 -0.00262 -0.01544 -0.00248 0.01521 -0.01942 0.87074 -0.00045
0.05120 0.03530 0.02549 0.03379 -0.01777 -0.01473 -0.00907 0.01320 -0.01021 0.00649 0.01371 -0.00072 0.02162 0.03019 0.03770 0.01511 -0.01373 0.00796 0.00045 1.02814
