0.15768 0.02352 0.02567 0.00887 -0.00374 0.00244 -0.00312 -0.00021 -0.01108 -0.00069 -0.02150 0.00638 -0.01079 0.00306 -0.00125 0.01098 -0.01013 0.00296 -0.00669 0.00869
-0.02352 0.83996 -0.00739 0.00121 -0.01056 -0.01187 0.01589 0.00949 -0.00705 -0.00538 -0.00394 -0.00607 0.01113 -0.01231 0.00624 0.00309 0.00237 0.01833 0.00004 -0.01842
-0.02567 0.00739 0.14113 0.00632 -0.00049 -0.01247 -0.01171 0.01489 -0.00144 -0.00444 0.00007 0.01248 0.03047 -0.00986 -0.00067 0.00988 0.02194 0.01790 -0.00232 -0.02227
-0.00887 -0.00121 -0.00632 0.48070 -0.00823 -0.01334 -0.00184 -0.00589 0.01408 0.00408 -0.00995 0.01013 0.00145 0.00721 -0.00699 0.00485 -0.00414 -0.00359 0.00522 0.02317
0.00374 0.01056 0.00049 0.00823 0.72242 0.00338 -0.00324 0.00388 -0.00837 -0.00912 0.00504 0.02070 -0.00677 -0.00368 -0.01923 -0.02032 0.00590 0.00919 0.01777 -0.01859
-0.00244 0.01187 0.01247 0.01334 -0.00338 0.71394 -0.00952 0.00667 -0.00158 0.00515 -0.00211 -0.00595 0.01168 0.00444 0.00778 0.01396 -0.02183 -0.01376 -0.01406 0.01728
0.00312 -0.01589 0.01171 0.00184 0.00324 0.00952 0.37775 -0.01668 0.00973 -0.00667 0.01839 0.01323 -0.01923 -0.02430 -0.00706 -0.01167 0.00231 -0.00212 0.01055 0.00771
0.00021 -0.00949 -0.01489 0.00589 -0.00388 -0.00667 0.01668 0.60730 0.02810 0.01183 -0.00362 -0.00164 -0.01307 0.00062 -0.00933 0.00464 0.01418 0.01597 0.00882 -0.01763
0.01108 0.00705 0.00144 -0.01408 0.00837 0.00158 -0.00973 -0.02810 0.66501 0.00656 0.00295 0.01077 -0.00709 -0.01914 0.01534 0.00348 -0.00408 -0.00718 -0.01149 0.01684
0.00069 0.00538 0.00444 -0.00408 0.00912 -0.00515 0.00667 -0.01183 -0.00656 0.08431 -0.01360 0.00491 -0.00529 0.01006 -0.02326 -0.00127 0.00537 -0.01304 -0.01795 0.01719
0.02150 0.00394 -0.00007 0.00995 -0.00504 0.00211 -0.01839 0.00362 -0.00295 0.01360 0.81504 -0.00409 -0.01063 0.00980 0.01437 0.00680 -0.00714 -0.00561 -0.00943 0.00025
-0.00638 0.00607 -0.01248 -0.01013 -0.02070 0.00595 -0.01323 0.00164 -0.01077 -0.00491 0.00409 0.81519 -0.01184 -0.00573 -0.00130 0.00631 -0.00576 -0.00501 -0.01009 0.01045
0.01079 -0.01113 -0.03047 -0.00145 0.00677 -0.01168 0.01923 0.01307 0.00709 0.00529 0.01063 0.01184 0.23329 -0.00553 -0.01561 0.01055 0.01718 0.00977 0.01863 -0.01271
-0.00306 0.01231 0.00986 -0.00721 0.00368 -0.00444 0.02430 -0.00062 0.01914 -0.01006 -0.00980 0.00573 0.00553 0.78212 -0.01782 0.01578 -0.00688 0.00555 -0.00233 -0.00667
0.00125 -0.00624 0.00067 0.00699 0.01923 -0.00778 0.00706 0.00933 -0.01534 0.02326 -0.01437 0.00130 0.01561 0.01782 0.13335 0.00570 0.01663 0.00421 0.00433 0.00102
-0.01098 -0.00309 -0.00988 -0.00485 0.02032 -0.01396 0.01167 -0.00464 -0.00348 0.00127 -0.00680 -0.00631 -0.01055 -0.01578 -0.00570 0.73045 -0.00928 0.01668 -0.00698 0.00290
0.01013 -0.00237 -0.02194 0.00414 -0.00590 0.02183 -0.00231 -0.01418 0.00408 -0.00537 0.00714 0.00576 -0.01718 0.00688 -0.01663 0.00928 0.21997 -0.01850 -0.00372 -0.00257
-0.00296 -0.01833 -0.01790 0.00359 -0.00919 0.01376 0.00212 -0.01597 0.00718 0.01304 0.00561 0.00501 -0.00977 -0.00555 -0.00421 -0.01668 0.01850 1.01260 0.01482 -0.02366
0.00669 -0.00004 0.00232 -0.00522 -0.01777 0.01406 -0.01055 -0.00882 0.01149 0.01795 0.00943 0.01009 -0.01863 0.00233 -0.00433 0.00698 0.00372 -0.01482 0.84549 0.00906
-0.00869 0.01842 0.02227 -0.02317 0.01859 -0.01728 -0.00771 0.01763 -0.01684 -0.01719 -0.00025 -0.01045 0.01271 0.00667 -0.00102 -0.00290 0.00257 0.02366 -0.00906 0.89651
