0.39155 -0.00063 0.00129 0.01325 0.01654 0.00052 -0.01425 0.01622 -0.00749 0.00591 -0.00401 0.00706 -0.00545 -0.00175 0.01155 -0.02157 0.00594 -0.00638 -0.01925 -0.00891
0.00063 0.47855 -0.01017 -0.00321 0.00166 -0.00210 0.00308 -0.00450 -0.00667 -0.00097 -0.01520 0.00849 0.00198 0.00377 -0.00051 0.00146 -0.00935 0.01788 0.00752 0.00334
-0.00129 0.01017 0.27913 -0.00641 -0.00277 -0.00917 -0.00931 0.00426 0.00045 0.01782 0.00496 -0.00048 -0.00108 0.01090 0.00826 0.02702 0.01479 0.00571 -0.00314 -0.00107
-0.01325 0.00321 0.00641 0.25833 -0.00994 -0.00646 0.00175 0.00942 0.01391 0.01216 -0.02396 0.01853 0.01588 -0.01052 0.00557 -0.00679 0.00447 -0.00328 0.00254 -0.01670
-0.01654 -0.00166 0.00277 0.00994 0.15851 -0.00791 -0.01329 0.01179 -0.00280 -0.00004 -0.01179 -0.01576 -0.01223 -0.01253 -0.00789 -0.00588 -0.01372 -0.01212 -0.00150 -0.01566
-0.00052 0.00210 0.00917 0.00646 0.00791 0.93952 0.01393 0.00757 -0.00189 -0.01887 -0.01512 -0.00446 0.00302 -0.00114 -0.01127 -0.00297 0.01301 0.01662 -0.00379 0.01830
0.01425 -0.00308 0.00931 -0.00175 0.01329 -0.01393 0.12718 0.00830 0.02565 0.01029 0.00779 0.01458 0.00387 -0.00671 -0.00046 -0.00411 0.00231 0.01530 -0.00619 -0.01103
-0.01622 0.00450 -0.00426 -0.00942 -0.01179 -0.00757 -0.00830 0.22241 -0.00835 0.01242 -0.00662 0.01387 -0.00396 -0.00926 -0.00707 -0.00817 0.01173 -0.00799 -0.01172 0.00023
0.00749 0.00667 -0.00045 -0.01391 0.00280 0.00189 -0.02565 0.00835 0.73629 -0.01917 -0.00525 0.01483 0.00474 0.00242 0.01186 -0.00468 -0.00051 0.00029 -0.00911 0.00205
-0.00591 0.00097 -0.01782 -0.01216 0.00004 0.01887 -0.01029 -0.01242 0.01917 0.83114 0.01506 0.02268 0.00299 -0.01093 -0.01294 -0.00381 0.01449 0.00542 0.01448 0.01984
0.00401 0.01520 -0.00496 0.02396 0.01179 0.01512 -0.00779 0.00662 0.00525 -0.01506 0.18777 -0.00373 0.00160 0.00072 -0.00574 0.00682 0.00039 -0.00903 -0.00920 -0.00681
-0.00706 -0.00849 0.00048 -0.01853 0.01576 0.00446 -0.01458 -0.01387 -0.01483 -0.02268 0.00373 0.30503 -0.00069 0.01982 -0.00734 0.01695 -0.00854 -0.00772 -0.00574 0.01382
0.00545 -0.00198 0.00108 -0.01588 0.01223 -0.00302 -0.00387 0.00396 -0.00474 -0.00299 -0.00160 0.00069 0.67086 0.01820 0.01659 0.00110 -0.00081 0.00680 0.00266 0.00552
0.00175 -0.00377 -0.01090 0.01052 0.01253 0.00114 0.00671 0.00926 -0.00242 0.01093 -0.00072 -0.01982 -0.01820 0.41954 0.01897 0.00149 0.00321 -0.00694 0.00181 0.00495
-0.01155 0.00051 -0.00826 -0.00557 0.00789 0.01127 0.00046 0.00707 -0.01186 0.01294 0.00574 0.00734 -0.01659 -0.01897 0.69620 -0.00572 0.00145 -0.01480 0.00823 0.01581
0.02157 -0.00146 -0.02702 0.00679 0.00588 0.00297 0.00411 0.00817 0.00468 0.00381 -0.00682 -0.01695 -0.00110 -0.00149 0.00572 0.61453 -0.00531 0.01843 -0.00629 0.00271
-0.00594 0.00935 -0.01479 -0.00447 0.01372 -0.01301 -0.00231 -0.01173 0.00051 -0.01449 -0.00039 0.00854 0.00081 -0.00321 -0.00145 0.00531 0.20386 0.00038 -0.01036 -0.00416
0.00638 -0.01788 -0.00571 0.00328 0.01212 -0.01662 -0.01530 0.00799 -0.00029 -0.00542 0.00903 0.00772 -0.00680 0.00694 0.01480 -0.01843 -0.00038 0.15556 -0.00928 0.00418
0.01925 -0.00752 0.00314 -0.00254 0.00150 0.00379 0.00619 0.01172 0.00911 -0.01448 0.00920 0.00574 -0.00266 -0.00181 -0.00823 0.00629 0.01036 0.00928 0.38451 -0.01112
0.00891 -0.00334 0.00107 0.01670 0.01566 -0.01830 0.01103 -0.00023 -0.00205 -0.01984 0.00681 -0.01382 -0.00552 -0.00495 -0.01581 -0.00271 0.00416 -0.00418 0.01112 0.03394
