0.16624 -0.00160 0.00996 0.02449 -0.01895 0.01413 -0.03838 -0.00896 -0.00975 0.01635 -0.01963 0.02597 -0.01898 -0.00154 -0.00232 -0.00445 0.00822 -0.01245 0.01734 -0.01890
0.00160 0.89687 0.01031 0.01243 -0.02128 -0.01437 0.01061 0.01346 -0.00996 -0.00414 -0.00229 -0.00167 0.02594 -0.00011 0.01910 0.02076 -0.00993 0.01830 0.00593 -0.03495
-0.00996 -0.01031 0.16052 0.01185 -0.00737 0.00704 -0.01857 0.00211 -0.00822 0.00786 -0.00535 0.01956 0.03309 0.00289 0.01899 0.00197 0.03111 0.01910 0.00406 -0.03245
-0.02449 -0.01243 -0.01185 0.47978 -0.00631 -0.01326 -0.00685 -0.00593 0.00700 0.00844 -0.01538 0.01506 0.00321 0.00938 -0.00967 -0.00010 0.00424 -0.01060 0.01822 -0.00864
0.01895 0.02128 0.00737 0.00631 0.74229 0.00327 -0.00410 0.00490 -0.00478 -0.01512 0.00951 0.01703 -0.00824 -0.00144 -0.01110 -0.01433 -0.00983 0.01521 -0.00239 0.00057
-0.01413 0.01437 -0.00704 0.01326 -0.00327 0.78715 -0.00976 0.00117 0.00302 0.01032 0.00241 -0.00687 -0.01216 -0.00437 -0.00641 -0.00329 -0.01440 -0.01514 -0.01438 0.02244
0.03838 -0.01061 0.01857 0.00685 0.00410 0.00976 0.37551 -0.01632 0.01520 -0.00907 0.03055 0.00383 -0.02030 -0.02767 -0.00275 -0.01000 -0.00619 0.00451 0.00400 0.00824
0.00896 -0.01346 -0.00211 0.00593 -0.00490 -0.00117 0.01632 0.63573 0.02043 0.01270 -0.01547 0.00157 0.00202 0.01216 0.00333 0.01277 0.01422 0.01934 0.01007 -0.02382
0.00975 0.00996 0.00822 -0.00700 0.00478 -0.00302 -0.01520 -0.02043 0.67060 0.00734 0.02624 0.01111 -0.00821 -0.02702 -0.00240 0.00295 -0.00414 -0.00990 -0.00869 0.01307
-0.01635 0.00414 -0.00786 -0.00844 0.01512 -0.01032 0.00907 -0.01270 -0.00734 0.12259 -0.01432 0.00366 -0.01160 0.00328 -0.03771 -0.01319 0.02026 -0.01521 -0.01455 0.01033
0.01963 0.00229 0.00535 0.01538 -0.00951 -0.00241 -0.03055 0.01547 -0.02624 0.01432 0.83247 -0.00047 -0.00726 0.00966 0.01206 0.00782 -0.00491 -0.00416 -0.00475 -0.00067
-0.02597 0.00167 -0.01956 -0.01506 -0.01703 0.00687 -0.00383 -0.00157 -0.01111 -0.00366 0.00047 0.81953 -0.01163 -0.00865 -0.01072 0.00301 0.00049 -0.00833 -0.00926 0.00440
0.01898 -0.02594 -0.03309 -0.00321 0.00824 0.01216 0.02030 -0.00202 0.00821 0.01160 0.00726 0.01163 0.26222 -0.00236 0.00141 -0.00301 0.01979 0.00798 0.01762 -0.01708
0.00154 0.00011 -0.00289 -0.00938 0.00144 0.00437 0.02767 -0.01216 0.02702 -0.00328 -0.00966 0.00865 0.00236 0.79718 -0.00397 0.00766 -0.00045 0.00331 0.00104 -0.01679
0.00232 -0.01910 -0.01899 0.00967 0.01110 0.00641 0.00275 -0.00333 0.00240 0.03771 -0.01206 0.01072 -0.00141 0.00397 0.13183 -0.00709 0.03049 -0.00592 0.01526 -0.01169
0.00445 -0.02076 -0.00197 0.00010 0.01433 0.00329 0.01000 -0.01277 -0.00295 0.01319 -0.00782 -0.00301 0.00301 -0.00766 0.00709 0.78606 -0.00589 0.01121 -0.00178 -0.01858
-0.00822 0.00993 -0.03111 -0.00424 0.00983 0.01440 0.00619 -0.01422 0.00414 -0.02026 0.00491 -0.00049 -0.01979 0.00045 -0.03049 0.00589 0.23808 -0.01425 -0.01223 0.01567
0.01245 -0.01830 -0.01910 0.01060 -0.01521 0.01514 -0.00451 -0.01934 0.00990 0.01521 0.00416 0.00833 -0.00798 -0.00331 0.00592 -0.01121 0.01425 1.01556 0.01623 -0.01249
-0.01734 -0.00593 -0.00406 -0.01822 0.00239 0.01438 -0.00400 -0.01007 0.00869 0.01455 0.00475 0.00926 -0.01762 -0.00104 -0.01526 0.00178 0.01223 -0.01623 0.85979 0.01074
0.01890 0.03495 0.03245 0.00864 -0.00057 -0.02244 -0.00824 0.02382 -0.01307 -0.01033 0.00067 -0.00440 0.01708 0.01679 0.01169 0.01858 -0.01567 0.01249 -0.01074 1.01692
