0.16876 0.00953 0.02274 -0.00200 0.00226 0.00504 0.00855 -0.00805 -0.00687 -0.00533 -0.01798 0.01480 -0.01933 -0.00050 -0.00947 -0.00809 -0.01092 -0.00421 0.00114 0.00258
-0.00953 0.80700 -0.00923 0.00232 -0.01114 -0.00681 0.00562 0.00716 -0.00524 -0.00236 -0.00564 -0.00191 0.00499 -0.00964 0.00862 -0.00116 0.00009 0.01176 -0.00662 0.00364
-0.02274 0.00923 0.10224 0.00459 0.00025 0.00110 -0.01515 -0.00616 0.00593 -0.00363 0.00318 0.01130 0.00889 -0.01089 -0.00077 -0.00389 0.00625 0.01504 -0.00777 -0.00606
0.00200 -0.00232 -0.00459 0.48342 -0.01001 -0.01342 -0.01614 -0.00453 0.00859 0.00522 -0.01002 0.00810 0.00563 0.00936 -0.00073 0.00363 -0.00748 0.00178 0.00829 0.02251
-0.00226 0.01114 -0.00025 0.01001 0.71205 0.01064 -0.00195 -0.00103 -0.00376 -0.00601 0.00618 0.01670 -0.01296 -0.00487 -0.01953 -0.01988 0.00288 0.00965 0.00676 -0.01015
-0.00504 0.00681 -0.00110 0.01342 -0.01064 0.61697 -0.00355 0.00964 0.00171 0.00242 0.00077 0.00078 0.00838 0.00423 0.00056 0.02136 -0.00476 -0.00598 -0.00305 -0.00085
-0.00855 -0.00562 0.01515 0.01614 0.00195 0.00355 0.36825 -0.00624 0.00627 -0.00498 0.01047 0.01719 -0.01329 -0.00176 -0.00262 0.00601 0.00739 0.00249 0.00847 0.01198
0.00805 -0.00716 0.00616 0.00453 0.00103 -0.00964 0.00624 0.54997 0.01166 0.01378 -0.01127 -0.00409 0.00285 0.00170 0.00418 -0.00841 0.00054 0.00809 0.00289 -0.00425
0.00687 0.00524 -0.00593 -0.00859 0.00376 -0.00171 -0.00627 -0.01166 0.64001 0.00659 -0.00952 0.01670 -0.00876 -0.01508 0.00541 0.00396 0.00828 -0.00651 -0.00479 0.00774
0.00533 0.00236 0.00363 -0.00522 0.00601 -0.00242 0.00498 -0.01378 -0.00659 0.05431 -0.00643 0.00216 -0.00324 0.00403 -0.02496 0.00107 -0.00185 0.00193 -0.01770 0.00881
0.01798 0.00564 -0.00318 0.01002 -0.00618 -0.00077 -0.01047 0.01127 0.00952 0.00643 0.79399 -0.00249 -0.01455 0.01133 -0.00010 0.01329 -0.00379 -0.00451 -0.00879 -0.00353
-0.01480 0.00191 -0.01130 -0.00810 -0.01670 -0.00078 -0.01719 0.00409 -0.01670 -0.00216 0.00249 0.82180 -0.00466 -0.00502 0.00405 -0.00067 -0.00326 -0.00857 0.00028 0.00380
0.01933 -0.00499 -0.00889 -0.00563 0.01296 -0.00838 0.01329 -0.00285 0.00876 0.00324 0.01455 0.00466 0.19405 -0.00831 -0.01285 0.00092 -0.00566 0.00682 0.00794 0.00926
0.00050 0.00964 0.01089 -0.00936 0.00487 -0.00423 0.00176 -0.00170 0.01508 -0.00403 -0.01133 0.00502 0.00831 0.77646 -0.00789 0.00888 -0.00725 0.00200 -0.00061 -0.00631
0.00947 -0.00862 0.00077 0.00073 0.01953 -0.00056 0.00262 -0.00418 -0.00541 0.02496 0.00010 -0.00405 0.01285 0.00789 0.14372 0.00461 0.00913 0.00915 0.00054 0.00409
0.00809 0.00116 0.00389 -0.00363 0.01988 -0.02136 -0.00601 0.00841 -0.00396 -0.00107 -0.01329 0.00067 -0.00092 -0.00888 -0.00461 0.69890 -0.00695 0.01298 -0.00759 0.01525
0.01092 -0.00009 -0.00625 0.00748 -0.00288 0.00476 -0.00739 -0.00054 -0.00828 0.00185 0.00379 0.00326 0.00566 0.00725 -0.00913 0.00695 0.22259 -0.02265 0.00696 -0.01018
0.00421 -0.01176 -0.01504 -0.00178 -0.00965 0.00598 -0.00249 -0.00809 0.00651 -0.00193 0.00451 0.00857 -0.00682 -0.00200 -0.00915 -0.01298 0.02265 0.99928 0.01497 -0.02142
-0.00114 0.00662 0.00777 -0.00829 -0.00676 0.00305 -0.00847 -0.00289 0.00479 0.01770 0.00879 -0.00028 -0.00794 0.00061 -0.00054 0.00759 -0.00696 -0.01497 0.83808 0.00376
-0.00258 -0.00364 0.00606 -0.02251 0.01015 0.00085 -0.01198 0.00425 -0.00774 -0.00881 0.00353 -0.00380 -0.00926 0.00631 -0.00409 -0.01525 0.01018 0.02142 -0.00376 0.87089
