0.16315 0.02408 0.02609 0.00836 -0.00389 0.00278 0.00814 -0.00048 -0.01131 -0.00091 -0.02017 0.00448 -0.01102 0.00574 -0.00088 0.01198 -0.01211 0.00513 -0.00813 0.01081
-0.02408 0.82410 -0.00772 0.00173 -0.01009 -0.01017 0.01588 0.00983 -0.00479 -0.00183 -0.00387 -0.00540 0.00862 -0.01221 0.00502 0.00008 0.01092 0.01720 0.00047 -0.01216
-0.02609 0.00772 0.13319 0.00620 -0.00008 -0.00886 -0.01084 0.01160 0.00440 -0.00384 0.00297 0.01215 0.01834 -0.01028 -0.00363 0.00418 0.02358 0.01807 -0.00289 -0.02003
-0.00836 -0.00173 -0.00620 0.48019 -0.00920 -0.01339 -0.00207 -0.00598 0.01272 0.00450 -0.00916 0.00695 0.00219 0.00766 -0.00519 0.00513 -0.00706 -0.00201 0.00532 0.02258
0.00389 0.01009 0.00008 0.00920 0.71833 0.00465 -0.00303 0.00318 -0.00605 -0.00826 0.00543 0.02173 -0.00849 -0.00398 -0.02079 -0.02149 0.01085 0.00939 0.01727 -0.01739
-0.00278 0.01017 0.00886 0.01339 -0.00465 0.67481 -0.00944 0.00488 -0.00521 0.00508 -0.00347 -0.00578 0.01521 0.00467 0.00947 0.01668 -0.02394 -0.01268 -0.01336 0.01438
-0.00814 -0.01588 0.01084 0.00207 0.00303 0.00944 0.38007 -0.01657 0.00971 -0.00658 0.01582 0.01612 -0.01945 -0.02294 -0.00859 -0.01196 0.00523 -0.00364 0.01183 0.00699
0.00048 -0.00983 -0.01160 0.00598 -0.00318 -0.00488 0.01657 0.59275 0.03365 0.01271 0.00056 -0.00214 -0.02244 -0.00026 -0.01120 -0.00224 0.01590 0.01525 0.00844 -0.01667
0.01131 0.00479 -0.00440 -0.01272 0.00605 0.00521 -0.00971 -0.03365 0.65749 0.00868 0.00090 0.01226 -0.01058 -0.01897 0.01630 0.00203 -0.00250 -0.00562 -0.00978 0.01453
0.00091 0.00183 0.00384 -0.00450 0.00826 -0.00508 0.00658 -0.01271 -0.00868 0.07148 -0.01271 0.00348 -0.00379 0.00927 -0.02141 -0.00050 -0.00218 -0.01283 -0.01841 0.01211
0.02017 0.00387 -0.00297 0.00916 -0.00543 0.00347 -0.01582 -0.00056 -0.00090 0.01271 0.81016 -0.00436 -0.01142 0.00884 0.01279 0.00850 -0.00935 -0.00485 -0.00995 -0.00040
-0.00448 0.00540 -0.01215 -0.00695 -0.02173 0.00578 -0.01612 0.00214 -0.01226 -0.00348 0.00436 0.81726 -0.01131 -0.00485 0.00109 0.00627 -0.00624 -0.00442 -0.00828 0.00944
0.01102 -0.00862 -0.01834 -0.00219 0.00849 -0.01521 0.01945 0.02244 0.01058 0.00379 0.01142 0.01131 0.22037 -0.00512 -0.01772 0.01300 0.01710 0.00886 0.01751 -0.00985
-0.00574 0.01221 0.01028 -0.00766 0.00398 -0.00467 0.02294 0.00026 0.01897 -0.00927 -0.00884 0.00485 0.00512 0.78481 -0.01784 0.01476 -0.00545 0.00477 -0.00208 -0.00627
0.00088 -0.00502 0.00363 0.00519 0.02079 -0.00947 0.00859 0.01120 -0.01630 0.02141 -0.01279 -0.00109 0.01772 0.01784 0.13886 0.00666 0.01432 0.00411 0.00241 0.00271
-0.01198 -0.00008 -0.00418 -0.00513 0.02149 -0.01668 0.01196 0.00224 -0.00203 0.00050 -0.00850 -0.00627 -0.01300 -0.01476 -0.00666 0.71305 -0.00540 0.01628 -0.00803 0.00831
0.01211 -0.01092 -0.02358 0.00706 -0.01085 0.02394 -0.00523 -0.01590 0.00250 0.00218 0.00935 0.00624 -0.01710 0.00545 -0.01432 0.00540 0.21854 -0.01955 0.00517 -0.01587
-0.00513 -0.01720 -0.01807 0.00201 -0.00939 0.01268 0.00364 -0.01525 0.00562 0.01283 0.00485 0.00442 -0.00886 -0.00477 -0.00411 -0.01628 0.01955 1.01074 0.01441 -0.02205
0.00813 -0.00047 0.00289 -0.00532 -0.01727 0.01336 -0.01183 -0.00844 0.00978 0.01841 0.00995 0.00828 -0.01751 0.00208 -0.00241 0.00803 -0.00517 -0.01441 0.84091 0.00669
-0.01081 0.01216 0.02003 -0.02258 0.01739 -0.01438 -0.00699 0.01667 -0.01453 -0.01211 0.00040 -0.00944 0.00985 0.00627 -0.00271 -0.00831 0.01587 0.02205 -0.00669 0.88191
