0.15226 0.02216 0.02506 0.00955 -0.00348 0.00199 -0.01233 0.00017 -0.01132 0.00028 -0.02200 0.00723 -0.01083 0.00019 -0.00115 0.00960 -0.00852 -0.00007 -0.00590 0.00491
-0.02216 0.85279 -0.00554 0.00106 -0.00987 -0.01164 0.01549 0.00885 -0.00777 -0.01267 -0.00348 -0.00741 0.01277 -0.01235 0.00689 0.00610 -0.00671 0.01860 -0.00188 -0.02461
-0.02506 0.00554 0.14474 0.00592 -0.00046 -0.01084 -0.01285 0.01306 -0.00468 -0.00501 -0.00135 0.01218 0.03581 -0.00971 0.00187 0.01064 0.02099 0.01741 -0.00251 -0.02555
-0.00955 -0.00106 -0.00592 0.48089 -0.00675 -0.01480 -0.00300 -0.00434 0.01280 0.00401 -0.01173 0.01365 0.00207 0.00817 -0.00623 0.00487 -0.00232 -0.00457 0.00644 0.02196
0.00348 0.00987 0.00046 0.00675 0.72561 0.00445 -0.00329 0.00314 -0.00858 -0.01005 0.00581 0.01924 -0.00688 -0.00391 -0.01901 -0.02029 0.00280 0.00945 0.01644 -0.02057
-0.00199 0.01164 0.01084 0.01480 -0.00445 0.73597 -0.00965 0.00716 0.00078 0.00967 -0.00045 -0.00492 0.00723 0.00421 0.00660 0.00984 -0.01832 -0.01364 -0.01287 0.01854
0.01233 -0.01549 0.01285 0.00300 0.00329 0.00965 0.37560 -0.01686 0.01026 -0.00715 0.02089 0.01045 -0.01911 -0.02522 -0.00754 -0.01117 -0.00044 -0.00032 0.00956 0.00861
-0.00017 -0.00885 -0.01306 0.00434 -0.00314 -0.00716 0.01686 0.61399 0.02462 0.00927 -0.00803 -0.00209 -0.00523 0.00144 -0.00793 0.01066 0.01213 0.01580 0.00804 -0.01846
0.01132 0.00777 0.00468 -0.01280 0.00858 -0.00078 -0.01026 -0.02462 0.66840 0.00672 0.00996 0.01045 -0.00567 -0.01970 0.01368 0.00301 -0.00465 -0.00763 -0.01131 0.01717
-0.00028 0.01267 0.00501 -0.00401 0.01005 -0.00967 0.00715 -0.00927 -0.00672 0.09704 -0.01539 0.00621 -0.00488 0.01075 -0.02447 -0.00089 0.00984 -0.01343 -0.01663 0.02120
0.02200 0.00348 0.00135 0.01173 -0.00581 0.00045 -0.02089 0.00803 -0.00996 0.01539 0.81831 -0.00304 -0.00941 0.01064 0.01630 0.00483 -0.00488 -0.00550 -0.00794 0.00059
-0.00723 0.00741 -0.01218 -0.01365 -0.01924 0.00492 -0.01045 0.00209 -0.01045 -0.00621 0.00304 0.81487 -0.01125 -0.00576 -0.00222 0.00716 -0.00618 -0.00639 -0.01213 0.01250
0.01083 -0.01277 -0.03581 -0.00207 0.00688 -0.00723 0.01911 0.00523 0.00567 0.00488 0.00941 0.01125 0.24189 -0.00593 -0.01352 0.00960 0.01666 0.00990 0.01789 -0.01365
-0.00019 0.01235 0.00971 -0.00817 0.00391 -0.00421 0.02522 -0.00144 0.01970 -0.01075 -0.01064 0.00576 0.00593 0.77802 -0.01351 0.01680 -0.00799 0.00585 -0.00322 -0.00720
0.00115 -0.00689 -0.00187 0.00623 0.01901 -0.00660 0.00754 0.00793 -0.01368 0.02447 -0.01630 0.00222 0.01352 0.01351 0.12412 0.00526 0.01816 0.00314 0.00462 0.00001
-0.00960 -0.00610 -0.01064 -0.00487 0.02029 -0.00984 0.01117 -0.01066 -0.00301 0.00089 -0.00483 -0.00716 -0.00960 -0.01680 -0.00526 0.74151 -0.01232 0.01561 -0.00723 -0.00422
0.00852 0.00671 -0.02099 0.00232 -0.00280 0.01832 0.00044 -0.01213 0.00465 -0.00984 0.00488 0.00618 -0.01666 0.00799 -0.01816 0.01232 0.22213 -0.01657 -0.00711 0.01302
0.00007 -0.01860 -0.01741 0.00457 -0.00945 0.01364 0.00032 -0.01580 0.00763 0.01343 0.00550 0.00639 -0.00990 -0.00585 -0.00314 -0.01561 0.01657 1.01346 0.01435 -0.02482
0.00590 0.00188 0.00251 -0.00644 -0.01644 0.01287 -0.00956 -0.00804 0.01131 0.01663 0.00794 0.01213 -0.01789 0.00322 -0.00462 0.00723 0.00711 -0.01435 0.84869 0.01546
-0.00491 0.02461 0.02555 -0.02196 0.02057 -0.01854 -0.00861 0.01846 -0.01717 -0.02120 -0.00059 -0.01250 0.01365 0.00720 -0.00001 0.00422 -0.01302 0.02482 -0.01546 0.91705
