0.14619 0.00695 0.01810 0.02085 -0.01226 0.00669 -0.03691 -0.00269 -0.01288 0.00857 -0.02164 0.01923 -0.01472 -0.00154 -0.00312 0.00207 0.00043 -0.00719 0.00722 -0.00823
-0.00695 0.89123 0.01021 0.00623 -0.01546 -0.01816 0.01353 0.01431 -0.00904 -0.01389 -0.00365 -0.00521 0.02308 -0.00594 0.01489 0.01988 -0.01730 0.01810 0.00068 -0.03590
-0.01810 -0.01021 0.15838 0.00634 -0.00330 0.00449 -0.01566 0.00589 -0.00673 0.00277 -0.00652 0.01648 0.03202 -0.00421 0.01428 0.00176 0.02692 0.01762 0.00074 -0.03382
-0.02085 -0.00623 -0.00634 0.47322 -0.00135 -0.01823 -0.00791 -0.00170 0.00511 0.00277 -0.01692 0.01179 0.00599 0.01076 -0.00857 0.00447 -0.00122 -0.00684 0.00954 -0.00020
0.01226 0.01546 0.00330 0.00135 0.73683 0.00685 -0.00221 0.00233 -0.00386 -0.01140 0.00998 0.01753 -0.01040 -0.00381 -0.01455 -0.01823 -0.00539 0.01149 0.00513 -0.00780
-0.00669 0.01816 -0.00449 0.01823 -0.00685 0.78391 -0.01195 0.00164 0.00203 0.01539 0.00390 -0.00466 -0.00588 0.00062 -0.00186 0.00193 -0.01118 -0.01387 -0.01175 0.02429
0.03691 -0.01353 0.01566 0.00791 0.00221 0.01195 0.37687 -0.01842 0.01611 -0.00692 0.03067 0.00681 -0.02189 -0.02886 -0.00426 -0.01214 -0.00376 0.00364 0.00708 0.00505
0.00269 -0.01431 -0.00589 0.00170 -0.00233 -0.00164 0.01842 0.63340 0.02212 0.00970 -0.01726 -0.00032 0.00076 0.00711 0.00017 0.01208 0.01198 0.01762 0.00826 -0.02525
0.01288 0.00904 0.00673 -0.00511 0.00386 -0.00203 -0.01611 -0.02212 0.67045 0.00886 0.02765 0.01188 -0.00879 -0.02387 -0.00114 0.00190 -0.00286 -0.00912 -0.00796 0.01363
-0.00857 0.01389 -0.00277 -0.00277 0.01140 -0.01539 0.00692 -0.00970 -0.00886 0.12157 -0.01535 0.00523 -0.00676 0.00767 -0.03322 -0.00618 0.01677 -0.01310 -0.01403 0.01623
0.02164 0.00365 0.00652 0.01692 -0.00998 -0.00390 -0.03067 0.01726 -0.02765 0.01535 0.83188 -0.00011 -0.00456 0.01195 0.01377 0.00860 -0.00393 -0.00453 -0.00417 0.00050
-0.01923 0.00521 -0.01648 -0.01179 -0.01753 0.00466 -0.00681 0.00032 -0.01188 -0.00523 0.00011 0.81749 -0.01001 -0.00628 -0.00764 0.00566 -0.00182 -0.00663 -0.01162 0.00910
0.01472 -0.02308 -0.03202 -0.00599 0.01040 0.00588 0.02189 -0.00076 0.00879 0.00676 0.00456 0.01001 0.25648 -0.00585 -0.00056 0.00147 0.01600 0.00823 0.01542 -0.01557
0.00154 0.00594 0.00421 -0.01076 0.00381 -0.00062 0.02886 -0.00711 0.02387 -0.00767 -0.01195 0.00628 0.00585 0.78163 0.00312 0.01297 -0.00510 0.00474 -0.00260 -0.01197
0.00312 -0.01489 -0.01428 0.00857 0.01455 0.00186 0.00426 -0.00017 0.00114 0.03322 -0.01377 0.00764 0.00056 -0.00312 0.10708 -0.00294 0.02607 -0.00175 0.00996 -0.00331
-0.00207 -0.01988 -0.00176 -0.00447 0.01823 -0.00193 0.01214 -0.01208 -0.00190 0.00618 -0.00860 -0.00566 -0.00147 -0.01297 0.00294 0.77943 -0.01131 0.01127 -0.00542 -0.01906
-0.00043 0.01730 -0.02692 0.00122 0.00539 0.01118 0.00376 -0.01198 0.00286 -0.01677 0.00393 0.00182 -0.01600 0.00510 -0.02607 0.01131 0.23751 -0.01304 -0.01044 0.01988
0.00719 -0.01810 -0.01762 0.00684 -0.01149 0.01387 -0.00364 -0.01762 0.00912 0.01310 0.00453 0.00663 -0.00823 -0.00474 0.00175 -0.01127 0.01304 1.01583 0.01317 -0.01824
-0.00722 -0.00068 -0.00074 -0.00954 -0.00513 0.01175 -0.00708 -0.00826 0.00796 0.01403 0.00417 0.01162 -0.01542 0.00260 -0.00996 0.00542 0.01044 -0.01317 0.85600 0.01832
0.00823 0.03590 0.03382 0.00020 0.00780 -0.02429 -0.00505 0.02525 -0.01363 -0.01623 -0.00050 -0.00910 0.01557 0.01197 0.00331 0.01906 -0.01988 0.01824 -0.01832 0.99910
