0.15040 0.02122 0.02499 0.01058 -0.00373 0.00173 -0.01814 0.00058 -0.01210 0.00073 -0.02236 0.00786 -0.01042 -0.00006 -0.00034 0.00919 -0.00787 -0.00117 -0.00517 0.00276
-0.02122 0.85891 -0.00520 0.00113 -0.00968 -0.01122 0.01605 0.00845 -0.00742 -0.01444 -0.00338 -0.00775 0.01208 -0.01237 0.00675 0.00694 -0.00968 0.01825 -0.00304 -0.02691
-0.02499 0.00520 0.14482 0.00520 -0.00001 -0.01086 -0.01262 0.01335 -0.00588 -0.00577 -0.00361 0.01195 0.03603 -0.00954 0.00288 0.01198 0.02031 0.01674 -0.00314 -0.02662
-0.01058 -0.00113 -0.00520 0.48053 -0.00593 -0.01600 -0.00493 -0.00316 0.01109 0.00334 -0.01300 0.01436 0.00347 0.00909 -0.00518 0.00529 -0.00219 -0.00459 0.00783 0.01963
0.00373 0.00968 0.00001 0.00593 0.72726 0.00539 -0.00238 0.00252 -0.00783 -0.00982 0.00647 0.01883 -0.00811 -0.00429 -0.01950 -0.02061 0.00193 0.00910 0.01444 -0.02013
-0.00173 0.01122 0.01086 0.01600 -0.00539 0.74369 -0.01060 0.00751 0.00098 0.01204 0.00093 -0.00442 0.00782 0.00422 0.00652 0.00848 -0.01658 -0.01312 -0.01180 0.01900
0.01814 -0.01605 0.01262 0.00493 0.00238 0.01060 0.37505 -0.01771 0.01167 -0.00630 0.02316 0.01069 -0.02028 -0.02645 -0.00910 -0.01200 -0.00043 0.00104 0.00990 0.00800
-0.00058 -0.00845 -0.01335 0.00316 -0.00252 -0.00751 0.01771 0.61583 0.02383 0.00790 -0.01143 -0.00230 -0.00500 0.00184 -0.00758 0.01298 0.01117 0.01540 0.00735 -0.01904
0.01210 0.00742 0.00588 -0.01109 0.00783 -0.00098 -0.01167 -0.02383 0.66855 0.00757 0.01623 0.01067 -0.00513 -0.02017 0.01282 0.00202 -0.00422 -0.00733 -0.01046 0.01660
-0.00073 0.01444 0.00577 -0.00334 0.00982 -0.01204 0.00630 -0.00790 -0.00757 0.10261 -0.01582 0.00668 -0.00330 0.01117 -0.02459 -0.00048 0.01132 -0.01287 -0.01522 0.02058
0.02236 0.00338 0.00361 0.01300 -0.00647 -0.00093 -0.02316 0.01143 -0.01623 0.01582 0.81907 -0.00247 -0.00596 0.01155 0.01794 0.00479 -0.00422 -0.00496 -0.00684 0.00067
-0.00786 0.00775 -0.01195 -0.01436 -0.01883 0.00442 -0.01069 0.00230 -0.01067 -0.00668 0.00247 0.81460 -0.01045 -0.00549 -0.00195 0.00762 -0.00627 -0.00638 -0.01219 0.01299
0.01042 -0.01208 -0.03603 -0.00347 0.00811 -0.00782 0.02028 0.00500 0.00513 0.00330 0.00596 0.01045 0.24260 -0.00613 -0.01278 0.01165 0.01526 0.00907 0.01648 -0.01287
0.00006 0.01237 0.00954 -0.00909 0.00429 -0.00422 0.02645 -0.00184 0.02017 -0.01117 -0.01155 0.00549 0.00613 0.77527 -0.01094 0.01730 -0.00845 0.00568 -0.00386 -0.00762
0.00034 -0.00675 -0.00288 0.00518 0.01950 -0.00652 0.00910 0.00758 -0.01282 0.02459 -0.01794 0.00195 0.01278 0.01094 0.11881 0.00563 0.01820 0.00195 0.00405 0.00020
-0.00919 -0.00694 -0.01198 -0.00529 0.02061 -0.00848 0.01200 -0.01298 -0.00202 0.00048 -0.00479 -0.00762 -0.01165 -0.01730 -0.00563 0.74570 -0.01336 0.01444 -0.00796 -0.00730
0.00787 0.00968 -0.02031 0.00219 -0.00193 0.01658 0.00043 -0.01117 0.00422 -0.01132 0.00422 0.00627 -0.01526 0.00845 -0.01820 0.01336 0.22388 -0.01523 -0.00687 0.01726
0.00117 -0.01825 -0.01674 0.00459 -0.00910 0.01312 -0.00104 -0.01540 0.00733 0.01287 0.00496 0.00638 -0.00907 -0.00568 -0.00195 -0.01444 0.01523 1.01358 0.01363 -0.02479
0.00517 0.00304 0.00314 -0.00783 -0.01444 0.01180 -0.00990 -0.00735 0.01046 0.01522 0.00684 0.01219 -0.01648 0.00386 -0.00405 0.00796 0.00687 -0.01363 0.84998 0.01910
-0.00276 0.02691 0.02662 -0.01963 0.02013 -0.01900 -0.00800 0.01904 -0.01660 -0.02058 -0.00067 -0.01299 0.01287 0.00762 -0.00020 0.00730 -0.01726 0.02479 -0.01910 0.92875
