0.14580 0.01474 0.02286 0.01615 -0.00745 0.00258 -0.03266 0.00051 -0.01377 0.00416 -0.02195 0.01285 -0.01198 -0.00128 -0.00303 0.00591 -0.00423 -0.00455 -0.00041 -0.00318
-0.01474 0.88426 0.00467 0.00233 -0.01193 -0.01510 0.01522 0.01197 -0.00822 -0.01810 -0.00256 -0.00718 0.01776 -0.00965 0.00915 0.01405 -0.01850 0.01824 -0.00226 -0.03568
-0.02286 -0.00467 0.15556 0.00413 -0.00159 0.00016 -0.01408 0.00758 -0.00562 -0.00122 -0.00348 0.01396 0.03143 -0.00815 0.00828 0.00384 0.02318 0.01690 -0.00136 -0.03224
-0.01615 -0.00233 -0.00413 0.47622 -0.00188 -0.01917 -0.00816 -0.00061 0.00646 0.00150 -0.01530 0.01197 0.00577 0.01055 -0.00709 0.00559 -0.00262 -0.00528 0.00683 0.00606
0.00745 0.01193 0.00159 0.00188 0.73489 0.00707 -0.00155 0.00209 -0.00558 -0.01080 0.00823 0.01839 -0.00954 -0.00397 -0.01764 -0.01906 -0.00332 0.00985 0.01025 -0.01438
-0.00258 0.01510 -0.00016 0.01917 -0.00707 0.77699 -0.01198 0.00326 0.00198 0.01671 0.00182 -0.00397 -0.00012 0.00276 0.00362 0.00385 -0.01106 -0.01339 -0.01110 0.02408
0.03266 -0.01522 0.01408 0.00816 0.00155 0.01198 0.37799 -0.01877 0.01452 -0.00632 0.02808 0.00939 -0.02124 -0.02765 -0.00752 -0.01211 -0.00248 0.00294 0.00907 0.00359
-0.00051 -0.01197 -0.00758 0.00061 -0.00209 -0.00326 0.01877 0.62976 0.02329 0.00790 -0.01451 -0.00147 -0.00144 0.00420 -0.00430 0.01291 0.01054 0.01638 0.00764 -0.02424
0.01377 0.00822 0.00562 -0.00646 0.00558 -0.00198 -0.01452 -0.02329 0.67263 0.00872 0.02416 0.01109 -0.00719 -0.02252 0.00544 0.00161 -0.00312 -0.00884 -0.00916 0.01521
-0.00416 0.01810 0.00122 -0.00150 0.01080 -0.01671 0.00632 -0.00790 -0.00872 0.11978 -0.01660 0.00607 -0.00447 0.00979 -0.02880 -0.00302 0.01611 -0.01257 -0.01453 0.01903
0.02195 0.00256 0.00348 0.01530 -0.00823 -0.00182 -0.02808 0.01451 -0.02416 0.01660 0.82623 -0.00135 -0.00683 0.01094 0.01755 0.00461 -0.00288 -0.00508 -0.00506 0.00288
-0.01285 0.00718 -0.01396 -0.01197 -0.01839 0.00397 -0.00939 0.00147 -0.01109 -0.00607 0.00135 0.81758 -0.01003 -0.00586 -0.00420 0.00672 -0.00372 -0.00611 -0.01252 0.01211
0.01198 -0.01776 -0.03143 -0.00577 0.00954 0.00012 0.02124 0.00144 0.00719 0.00447 0.00683 0.01003 0.25353 -0.00641 -0.00697 0.00642 0.01450 0.00907 0.01551 -0.01481
0.00128 0.00965 0.00815 -0.01055 0.00397 -0.00276 0.02765 -0.00420 0.02252 -0.00979 -0.01094 0.00586 0.00641 0.77936 -0.00147 0.01539 -0.00730 0.00632 -0.00366 -0.01113
0.00303 -0.00915 -0.00828 0.00709 0.01764 -0.00362 0.00752 0.00430 -0.00544 0.02880 -0.01755 0.00420 0.00697 0.00147 0.10824 0.00317 0.02146 -0.00033 0.00541 0.00026
-0.00591 -0.01405 -0.00384 -0.00559 0.01906 -0.00385 0.01211 -0.01291 -0.00161 0.00302 -0.00461 -0.00672 -0.00642 -0.01539 -0.00317 0.77157 -0.01348 0.01251 -0.00685 -0.01883
0.00423 0.01850 -0.02318 0.00262 0.00332 0.01106 0.00248 -0.01054 0.00312 -0.01611 0.00288 0.00372 -0.01450 0.00730 -0.02146 0.01348 0.23546 -0.01316 -0.00954 0.02179
0.00455 -0.01824 -0.01690 0.00528 -0.00985 0.01339 -0.00294 -0.01638 0.00884 0.01257 0.00508 0.00611 -0.00907 -0.00632 0.00033 -0.01251 0.01316 1.01575 0.01216 -0.02152
0.00041 0.00226 0.00136 -0.00683 -0.01025 0.01110 -0.00907 -0.00764 0.00916 0.01453 0.00506 0.01252 -0.01551 0.00366 -0.00541 0.00685 0.00954 -0.01216 0.85479 0.02405
0.00318 0.03568 0.03224 -0.00606 0.01438 -0.02408 -0.00359 0.02424 -0.01521 -0.01903 -0.00288 -0.01211 0.01481 0.01113 -0.00026 0.01883 -0.02179 0.02152 -0.02405 0.98341
