0.14668 0.01747 0.02405 0.01435 -0.00575 0.00164 -0.02881 0.00112 -0.01393 0.00259 -0.02262 0.01050 -0.01078 -0.00061 -0.00165 0.00742 -0.00576 -0.00409 -0.00266 -0.00123
-0.01747 0.87733 0.00160 0.00155 -0.01050 -0.01412 0.01617 0.01091 -0.00770 -0.01780 -0.00345 -0.00769 0.01557 -0.01079 0.00783 0.01215 -0.01690 0.01796 -0.00313 -0.03392
-0.02405 -0.00160 0.15228 0.00423 -0.00093 -0.00349 -0.01321 0.00950 -0.00553 -0.00269 -0.00442 0.01318 0.03229 -0.00879 0.00621 0.00663 0.02208 0.01659 -0.00209 -0.03106
-0.01435 -0.00155 -0.00423 0.47762 -0.00297 -0.01859 -0.00739 -0.00107 0.00748 0.00157 -0.01485 0.01255 0.00555 0.01038 -0.00602 0.00571 -0.00255 -0.00549 0.00719 0.01002
0.00575 0.01050 0.00093 0.00297 0.73303 0.00692 -0.00135 0.00207 -0.00601 -0.01005 0.00774 0.01867 -0.00949 -0.00432 -0.01881 -0.01976 -0.00172 0.00953 0.01200 -0.01638
-0.00164 0.01412 0.00349 0.01859 -0.00692 0.76920 -0.01209 0.00476 0.00136 0.01552 0.00242 -0.00396 0.00339 0.00346 0.00507 0.00503 -0.01255 -0.01305 -0.01108 0.02286
0.02881 -0.01617 0.01321 0.00739 0.00135 0.01209 0.37736 -0.01897 0.01426 -0.00573 0.02724 0.01035 -0.02158 -0.02795 -0.00927 -0.01266 -0.00153 0.00295 0.00997 0.00456
-0.00112 -0.01091 -0.00950 0.00107 -0.00207 -0.00476 0.01897 0.62588 0.02387 0.00771 -0.01494 -0.00178 -0.00292 0.00337 -0.00575 0.01375 0.01059 0.01580 0.00746 -0.02308
0.01393 0.00770 0.00553 -0.00748 0.00601 -0.00136 -0.01426 -0.02387 0.67140 0.00866 0.02408 0.01102 -0.00672 -0.02199 0.00793 0.00094 -0.00331 -0.00810 -0.00936 0.01568
-0.00259 0.01780 0.00269 -0.00157 0.01005 -0.01552 0.00573 -0.00771 -0.00866 0.11561 -0.01607 0.00655 -0.00370 0.01050 -0.02713 -0.00236 0.01558 -0.01238 -0.01435 0.01908
0.02262 0.00345 0.00442 0.01485 -0.00774 -0.00242 -0.02724 0.01494 -0.02408 0.01607 0.82474 -0.00171 -0.00490 0.01167 0.01876 0.00497 -0.00345 -0.00494 -0.00553 0.00264
-0.01050 0.00769 -0.01318 -0.01255 -0.01867 0.00396 -0.01035 0.00178 -0.01102 -0.00655 0.00171 0.81661 -0.00991 -0.00554 -0.00296 0.00721 -0.00464 -0.00608 -0.01261 0.01279
0.01078 -0.01557 -0.03229 -0.00555 0.00949 -0.00339 0.02158 0.00292 0.00672 0.00370 0.00490 0.00991 0.24984 -0.00653 -0.00920 0.00934 0.01428 0.00880 0.01546 -0.01398
0.00061 0.01079 0.00879 -0.01038 0.00432 -0.00346 0.02795 -0.00337 0.02199 -0.01050 -0.01167 0.00554 0.00653 0.77637 -0.00389 0.01643 -0.00791 0.00602 -0.00411 -0.01027
0.00165 -0.00783 -0.00621 0.00602 0.01881 -0.00507 0.00927 0.00575 -0.00793 0.02713 -0.01876 0.00296 0.00920 0.00389 0.11070 0.00478 0.01993 0.00002 0.00432 0.00075
-0.00742 -0.01215 -0.00663 -0.00571 0.01976 -0.00503 0.01266 -0.01375 -0.00094 0.00236 -0.00497 -0.00721 -0.00934 -0.01643 -0.00478 0.76434 -0.01363 0.01268 -0.00745 -0.01680
0.00576 0.01690 -0.02208 0.00255 0.00172 0.01255 0.00153 -0.01059 0.00331 -0.01558 0.00345 0.00464 -0.01428 0.00791 -0.01993 0.01363 0.23205 -0.01333 -0.00870 0.02163
0.00409 -0.01796 -0.01659 0.00549 -0.00953 0.01305 -0.00295 -0.01580 0.00810 0.01238 0.00494 0.00608 -0.00880 -0.00602 -0.00002 -0.01268 0.01333 1.01508 0.01193 -0.02321
0.00266 0.00313 0.00209 -0.00719 -0.01200 0.01108 -0.00997 -0.00746 0.00936 0.01435 0.00553 0.01261 -0.01546 0.00411 -0.00432 0.00745 0.00870 -0.01193 0.85337 0.02459
0.00123 0.03392 0.03106 -0.01002 0.01638 -0.02286 -0.00456 0.02308 -0.01568 -0.01908 -0.00264 -0.01279 0.01398 0.01027 -0.00075 0.01680 -0.02163 0.02321 -0.02459 0.97072
