0.15439 0.02292 0.02525 0.00903 -0.00362 0.00229 -0.00913 -0.00012 -0.01122 -0.00027 -0.02185 0.00710 -0.01084 0.00156 -0.00081 0.01028 -0.00916 0.00151 -0.00613 0.00692
-0.02292 0.84614 -0.00644 0.00108 -0.01006 -0.01211 0.01586 0.00924 -0.00724 -0.00885 -0.00397 -0.00686 0.01219 -0.01243 0.00639 0.00454 -0.00242 0.01836 -0.00097 -0.02132
-0.02525 0.00644 0.14306 0.00630 -0.00053 -0.01204 -0.01227 0.01428 -0.00299 -0.00455 -0.00120 0.01238 0.03416 -0.00977 0.00056 0.01008 0.02159 0.01764 -0.00230 -0.02391
-0.00903 -0.00108 -0.00630 0.48084 -0.00770 -0.01387 -0.00267 -0.00524 0.01342 0.00408 -0.01082 0.01288 0.00155 0.00777 -0.00636 0.00486 -0.00283 -0.00402 0.00608 0.02289
0.00362 0.01006 0.00053 0.00770 0.72388 0.00381 -0.00312 0.00353 -0.00830 -0.00928 0.00540 0.01975 -0.00670 -0.00387 -0.01933 -0.02041 0.00431 0.00916 0.01698 -0.01975
-0.00229 0.01211 0.01204 0.01387 -0.00381 0.72601 -0.00969 0.00712 -0.00072 0.00679 -0.00095 -0.00545 0.00939 0.00445 0.00742 0.01243 -0.02035 -0.01367 -0.01355 0.01798
0.00913 -0.01586 0.01227 0.00267 0.00312 0.00969 0.37584 -0.01682 0.01026 -0.00672 0.01990 0.01180 -0.01929 -0.02490 -0.00770 -0.01154 0.00090 -0.00104 0.01010 0.00814
0.00012 -0.00924 -0.01428 0.00524 -0.00353 -0.00712 0.01682 0.61087 0.02651 0.01076 -0.00648 -0.00184 -0.00849 0.00097 -0.00874 0.00756 0.01326 0.01588 0.00848 -0.01800
0.01122 0.00724 0.00299 -0.01342 0.00830 0.00072 -0.01026 -0.02651 0.66593 0.00674 0.00815 0.01078 -0.00691 -0.01908 0.01485 0.00301 -0.00421 -0.00715 -0.01125 0.01692
0.00027 0.00885 0.00455 -0.00408 0.00928 -0.00679 0.00672 -0.01076 -0.00674 0.08999 -0.01428 0.00581 -0.00545 0.01054 -0.02367 -0.00108 0.00816 -0.01296 -0.01715 0.01950
0.02185 0.00397 0.00120 0.01082 -0.00540 0.00095 -0.01990 0.00648 -0.00815 0.01428 0.81649 -0.00351 -0.00955 0.01064 0.01584 0.00628 -0.00602 -0.00555 -0.00870 0.00055
-0.00710 0.00686 -0.01238 -0.01288 -0.01975 0.00545 -0.01180 0.00184 -0.01078 -0.00581 0.00351 0.81447 -0.01156 -0.00579 -0.00163 0.00683 -0.00608 -0.00584 -0.01127 0.01150
0.01084 -0.01219 -0.03416 -0.00155 0.00670 -0.00939 0.01929 0.00849 0.00691 0.00545 0.00955 0.01156 0.23758 -0.00592 -0.01487 0.00943 0.01716 0.00977 0.01837 -0.01340
-0.00156 0.01243 0.00977 -0.00777 0.00387 -0.00445 0.02490 -0.00097 0.01908 -0.01054 -0.01064 0.00579 0.00592 0.77899 -0.01464 0.01645 -0.00757 0.00563 -0.00282 -0.00683
0.00081 -0.00639 -0.00056 0.00636 0.01933 -0.00742 0.00770 0.00874 -0.01485 0.02367 -0.01584 0.00163 0.01487 0.01464 0.12715 0.00562 0.01734 0.00344 0.00438 0.00060
-0.01028 -0.00454 -0.01008 -0.00486 0.02041 -0.01243 0.01154 -0.00756 -0.00301 0.00108 -0.00628 -0.00683 -0.00943 -0.01645 -0.00562 0.73621 -0.01110 0.01609 -0.00711 -0.00035
0.00916 0.00242 -0.02159 0.00283 -0.00431 0.02035 -0.00090 -0.01326 0.00421 -0.00816 0.00602 0.00608 -0.01716 0.00757 -0.01734 0.01110 0.22040 -0.01733 -0.00585 0.00551
-0.00151 -0.01836 -0.01764 0.00402 -0.00916 0.01367 0.00104 -0.01588 0.00715 0.01296 0.00555 0.00584 -0.00977 -0.00563 -0.00344 -0.01609 0.01733 1.01297 0.01474 -0.02418
0.00613 0.00097 0.00230 -0.00608 -0.01698 0.01355 -0.01010 -0.00848 0.01125 0.01715 0.00870 0.01127 -0.01837 0.00282 -0.00438 0.00711 0.00585 -0.01474 0.84729 0.01187
-0.00692 0.02132 0.02391 -0.02289 0.01975 -0.01798 -0.00814 0.01800 -0.01692 -0.01950 -0.00055 -0.01150 0.01340 0.00683 -0.00060 0.00035 -0.00551 0.02418 -0.01187 0.90582
