0.14693 0.01855 0.02421 0.01322 -0.00518 0.00183 -0.02676 0.00078 -0.01335 0.00225 -0.02269 0.01005 -0.01073 -0.00034 -0.00086 0.00774 -0.00613 -0.00268 -0.00332 -0.00088
-0.01855 0.87059 -0.00113 0.00172 -0.01027 -0.01248 0.01615 0.01004 -0.00744 -0.01602 -0.00284 -0.00789 0.01379 -0.01154 0.00727 0.01029 -0.01405 0.01822 -0.00352 -0.03255
-0.02421 0.00113 0.14912 0.00462 -0.00063 -0.00622 -0.01303 0.01163 -0.00577 -0.00380 -0.00379 0.01257 0.03329 -0.00913 0.00489 0.00902 0.02152 0.01667 -0.00268 -0.03026
-0.01322 -0.00172 -0.00462 0.47786 -0.00448 -0.01761 -0.00728 -0.00186 0.00850 0.00239 -0.01455 0.01433 0.00487 0.01019 -0.00536 0.00533 -0.00203 -0.00480 0.00855 0.01263
0.00518 0.01027 0.00063 0.00448 0.73054 0.00639 -0.00151 0.00239 -0.00667 -0.00992 0.00756 0.01839 -0.00904 -0.00442 -0.01927 -0.01996 -0.00037 0.00927 0.01222 -0.01782
-0.00183 0.01248 0.00622 0.01761 -0.00639 0.75951 -0.01163 0.00539 0.00119 0.01437 0.00141 -0.00392 0.00539 0.00384 0.00577 0.00533 -0.01412 -0.01307 -0.01103 0.02183
0.02676 -0.01615 0.01303 0.00728 0.00151 0.01163 0.37611 -0.01852 0.01353 -0.00582 0.02644 0.01035 -0.02125 -0.02781 -0.00972 -0.01246 -0.00115 0.00251 0.00992 0.00614
-0.00078 -0.01004 -0.01163 0.00186 -0.00239 -0.00539 0.01852 0.62225 0.02407 0.00791 -0.01325 -0.00199 -0.00453 0.00278 -0.00656 0.01382 0.01108 0.01570 0.00739 -0.02217
0.01335 0.00744 0.00577 -0.00850 0.00667 -0.00119 -0.01353 -0.02407 0.67000 0.00834 0.02188 0.01095 -0.00613 -0.02149 0.00982 0.00085 -0.00373 -0.00776 -0.00964 0.01616
-0.00225 0.01602 0.00380 -0.00239 0.00992 -0.01437 0.00582 -0.00791 -0.00834 0.11085 -0.01644 0.00695 -0.00339 0.01092 -0.02608 -0.00198 0.01406 -0.01253 -0.01414 0.01972
0.02269 0.00284 0.00379 0.01455 -0.00756 -0.00141 -0.02644 0.01325 -0.02188 0.01644 0.82208 -0.00161 -0.00558 0.01181 0.01886 0.00376 -0.00328 -0.00464 -0.00551 0.00164
-0.01005 0.00789 -0.01257 -0.01433 -0.01839 0.00392 -0.01035 0.00199 -0.01095 -0.00695 0.00161 0.81564 -0.00989 -0.00538 -0.00240 0.00753 -0.00568 -0.00643 -0.01254 0.01338
0.01073 -0.01379 -0.03329 -0.00487 0.00904 -0.00539 0.02125 0.00453 0.00613 0.00339 0.00558 0.00989 0.24655 -0.00647 -0.01072 0.01131 0.01458 0.00889 0.01553 -0.01373
0.00034 0.01154 0.00913 -0.01019 0.00442 -0.00384 0.02781 -0.00278 0.02149 -0.01092 -0.01181 0.00538 0.00647 0.77446 -0.00632 0.01705 -0.00827 0.00585 -0.00423 -0.00944
0.00086 -0.00727 -0.00489 0.00536 0.01927 -0.00577 0.00972 0.00656 -0.00982 0.02608 -0.01886 0.00240 0.01072 0.00632 0.11325 0.00538 0.01918 0.00065 0.00399 0.00047
-0.00774 -0.01029 -0.00902 -0.00533 0.01996 -0.00533 0.01246 -0.01382 -0.00085 0.00198 -0.00376 -0.00753 -0.01131 -0.01705 -0.00538 0.75703 -0.01330 0.01330 -0.00786 -0.01466
0.00613 0.01405 -0.02152 0.00203 0.00037 0.01412 0.00115 -0.01108 0.00373 -0.01406 0.00328 0.00568 -0.01458 0.00827 -0.01918 0.01330 0.22835 -0.01380 -0.00752 0.02155
0.00268 -0.01822 -0.01667 0.00480 -0.00927 0.01307 -0.00251 -0.01570 0.00776 0.01253 0.00464 0.00643 -0.00889 -0.00585 -0.00065 -0.01330 0.01380 1.01421 0.01258 -0.02420
0.00332 0.00352 0.00268 -0.00855 -0.01222 0.01103 -0.00992 -0.00739 0.00964 0.01414 0.00551 0.01254 -0.01553 0.00423 -0.00399 0.00786 0.00752 -0.01258 0.85196 0.02451
0.00088 0.03255 0.03026 -0.01263 0.01782 -0.02183 -0.00614 0.02217 -0.01616 -0.01972 -0.00164 -0.01338 0.01373 0.00944 -0.00047 0.01466 -0.02155 0.02420 -0.02451 0.95533
