0.90659 -0.01654 -0.01023 0.00991 0.02168 -0.01308 0.01497 0.01678 -0.00896 -0.00020 0.01050 0.00988 -0.00453 -0.01634 0.00580 -0.01721 0.00559 0.00305 -0.00634 -0.01206
0.01654 0.61817 -0.01970 -0.00573 0.00373 0.00739 0.00630 -0.00825 0.01250 -0.00615 -0.00623 0.00566 0.00819 -0.01351 -0.01397 -0.00758 0.00743 0.00379 0.00657 0.00750
0.01023 0.01970 0.55269 0.00352 -0.00492 0.00458 -0.01570 0.00455 0.00954 -0.00004 -0.02880 0.01318 0.02046 -0.00103 0.01286 0.02666 0.00069 0.00615 -0.00186 -0.00154
-0.00991 0.00573 -0.00352 0.09675 0.00756 -0.00285 -0.00007 0.00362 -0.00547 -0.00270 -0.01527 0.00814 -0.00413 -0.00139 -0.00144 0.00464 0.00479 -0.00087 0.00836 0.00672
-0.02168 -0.00373 0.00492 -0.00756 0.71587 0.00254 0.00615 0.01808 -0.00286 -0.00128 0.01099 -0.00729 -0.01297 0.00216 -0.00008 -0.00245 -0.01488 0.00925 0.00005 0.01625
0.01308 -0.00739 -0.00458 0.00285 -0.00254 0.62286 0.01054 0.02215 -0.01395 0.00803 -0.01211 0.00751 0.01894 0.00346 0.00944 -0.00535 0.00663 -0.00787 0.00167 0.01396
-0.01497 -0.00630 0.01570 0.00007 -0.00615 -0.01054 0.89764 -0.00118 -0.00782 -0.02579 -0.00913 -0.00738 0.01844 -0.01379 0.00521 0.00979 0.01773 0.00847 -0.00625 0.00677
-0.01678 0.00825 -0.00455 -0.00362 -0.01808 -0.02215 0.00118 0.00451 0.00274 -0.00998 0.01203 -0.00849 0.00764 0.00046 -0.00018 0.00619 -0.00848 0.00604 -0.00268 -0.00801
0.00896 -0.01250 -0.00954 0.00547 0.00286 0.01395 0.00782 -0.00274 0.77733 0.00625 -0.00448 0.00758 0.00836 0.01169 0.00729 0.00330 0.01032 0.00820 -0.01007 -0.00454
0.00020 0.00615 0.00004 0.00270 0.00128 -0.00803 0.02579 0.00998 -0.00625 0.24774 -0.00601 -0.03124 0.00097 0.00392 -0.00713 -0.00719 0.00112 -0.00852 -0.00978 -0.00908
-0.01050 0.00623 0.02880 0.01527 -0.01099 0.01211 0.00913 -0.01203 0.00448 0.00601 0.99502 0.00608 0.00604 -0.00020 0.00728 0.01504 0.00109 0.00399 -0.00602 -0.00236
-0.00988 -0.00566 -0.01318 -0.00814 0.00729 -0.00751 0.00738 0.00849 -0.00758 0.03124 -0.00608 0.66066 -0.02190 -0.00405 0.00083 -0.02206 -0.00176 -0.01223 0.00761 -0.00071
0.00453 -0.00819 -0.02046 0.00413 0.01297 -0.01894 -0.01844 -0.00764 -0.00836 -0.00097 -0.00604 0.02190 0.56101 -0.00741 -0.01376 0.01622 -0.00197 0.00563 0.01673 -0.00108
0.01634 0.01351 0.00103 0.00139 -0.00216 -0.00346 0.01379 -0.00046 -0.01169 -0.00392 0.00020 0.00405 0.00741 0.32181 -0.01374 0.01334 0.00955 0.00058 0.00025 -0.00041
-0.00580 0.01397 -0.01286 0.00144 0.00008 -0.00944 -0.00521 0.00018 -0.00729 0.00713 -0.00728 -0.00083 0.01376 0.01374 0.49183 -0.01077 -0.00728 0.01493 0.02690 0.01288
0.01721 0.00758 -0.02666 -0.00464 0.00245 0.00535 -0.00979 -0.00619 -0.00330 0.00719 -0.01504 0.02206 -0.01622 -0.01334 0.01077 0.48353 0.00523 -0.00213 -0.00268 0.00400
-0.00559 -0.00743 -0.00069 -0.00479 0.01488 -0.00663 -0.01773 0.00848 -0.01032 -0.00112 -0.00109 0.00176 0.00197 -0.00955 0.00728 -0.00523 0.90633 -0.00785 -0.01317 0.02277
-0.00305 -0.00379 -0.00615 0.00087 -0.00925 0.00787 -0.00847 -0.00604 -0.00820 0.00852 -0.00399 0.01223 -0.00563 -0.00058 -0.01493 0.00213 0.00785 0.84934 0.00010 0.01035
0.00634 -0.00657 0.00186 -0.00836 -0.00005 -0.00167 0.00625 0.00268 0.01007 0.00978 0.00602 -0.00761 -0.01673 -0.00025 -0.02690 0.00268 0.01317 -0.00010 0.54596 -0.00800
0.01206 -0.00750 0.00154 -0.00672 -0.01625 -0.01396 -0.00677 0.00801 0.00454 0.00908 0.00236 0.00071 0.00108 0.00041 -0.01288 -0.00400 -0.02277 -0.01035 0.00800 0.04311
