1.00127 -0.03177 -0.04449 -0.01480 0.00669 -0.02405 -0.01808 0.02972 -0.00100 -0.05258 0.01262 -0.05547 -0.04673 0.09332 0.01795 -0.01465 -0.01181 -0.04481 0.04895 -0.02918
0.03177 0.00000 -0.07101 0.12314 0.05620 0.05253 -0.18272 -0.02814 -0.02683 -0.26883 -0.00023 -0.01350 0.21647 0.10216 -0.09649 0.01033 0.32267 0.09469 0.20718 -0.18011
0.04449 0.07101 0.20819 -0.04226 0.06557 0.16650 0.09257 0.19613 -0.01633 -0.10916 -0.01733 0.15708 -0.21955 0.17785 -0.10577 0.09799 -0.12989 -0.10202 -0.13649 -0.04611
0.01480 -0.12314 0.04226 0.00000 -0.03207 0.03857 -0.11170 0.00403 0.01196 -0.00245 0.00022 -0.23771 0.05159 0.13305 0.17959 -0.36909 -0.00191 -0.03501 -0.09504 -0.01833
-0.00669 -0.05620 -0.06557 0.03207 0.89563 -0.01120 0.11050 0.09410 0.00964 -0.04754 0.00225 -0.03781 -0.06104 0.07972 0.08570 -0.07277 0.02426 0.09722 -0.06143 0.02157
0.02405 -0.05253 -0.16650 -0.03857 0.01120 0.00000 -0.13498 0.09816 -0.01841 -0.21598 -0.00182 -0.13071 0.21154 -0.05344 -0.29315 0.04944 0.13220 0.01356 -0.03287 0.23655
0.01808 0.18272 -0.09257 0.11170 -0.11050 0.13498 1.03557 -0.31293 -0.00573 -0.03954 -0.00272 0.11580 0.12756 0.17535 -0.07006 0.08548 0.03079 -0.09074 -0.24672 -0.07262
-0.02972 0.02814 -0.19613 -0.00403 -0.09410 -0.09816 0.31293 0.00000 0.04225 0.13635 -0.00994 -0.02825 0.40925 0.21927 -0.02906 0.20975 -0.28287 0.00016 -0.03461 -0.12075
0.00100 0.02683 0.01633 -0.01196 -0.00964 0.01841 0.00573 -0.04225 0.99897 0.07253 -0.02055 0.04162 0.03404 -0.03312 -0.00125 -0.03074 -0.02422 0.07335 -0.08211 0.01145
0.05258 0.26883 0.10916 0.00245 0.04754 0.21598 0.03954 -0.13635 -0.07253 0.00000 -0.02186 0.21338 0.17371 -0.22532 -0.11473 -0.15060 0.01649 0.03190 -0.00787 0.18928
-0.01262 0.00023 0.01733 -0.00022 -0.00225 0.00182 0.00272 0.00994 0.02055 0.02186 1.00611 0.00946 0.00041 -0.02542 -0.01067 0.00034 -0.00244 0.01394 -0.00460 0.00539
0.05547 0.01350 -0.15708 0.23771 0.03781 0.13071 -0.11580 0.02825 -0.04162 -0.21338 -0.00946 0.38019 -0.00666 0.10838 0.06908 -0.05054 -0.11994 0.02828 0.10002 -0.14851
0.04673 -0.21647 0.21955 -0.05159 0.06104 -0.21154 -0.12756 -0.40925 -0.03404 -0.17371 -0.00041 0.00666 0.59519 -0.19176 -0.08488 -0.14958 -0.08264 -0.01582 -0.05433 -0.16125
-0.09332 -0.10216 -0.17785 -0.13305 -0.07972 0.05344 -0.17535 -0.21927 0.03312 0.22532 0.02542 -0.10838 0.19176 0.00000 0.16734 -0.02297 -0.09852 0.08903 -0.19227 -0.10940
-0.01795 0.09649 0.10577 -0.17959 -0.08570 0.29315 0.07006 0.02906 0.00125 0.11473 0.01067 -0.06908 0.08488 -0.16734 0.00000 -0.31296 -0.22382 -0.07768 0.17110 -0.10194
0.01465 -0.01033 -0.09799 0.36909 0.07277 -0.04944 -0.08548 -0.20975 0.03074 0.15060 -0.00034 0.05054 0.14958 0.02297 0.31296 0.00000 0.20981 -0.07423 -0.08539 0.00002
0.01181 -0.32267 0.12989 0.00191 -0.02426 -0.13220 -0.03079 0.28287 0.02422 -0.01649 0.00244 0.11994 0.08264 0.09852 0.22382 -0.20981 0.85652 -0.08054 -0.45581 0.08405
0.04481 -0.09469 0.10202 0.03501 -0.09722 -0.01356 0.09074 -0.00016 -0.07335 -0.03190 -0.01394 -0.02828 0.01582 -0.08903 0.07768 0.07423 0.08054 0.95171 0.00308 0.02414
-0.04895 -0.20718 0.13649 0.09504 0.06143 0.03287 0.24672 0.03461 0.08211 0.00787 0.00460 -0.10002 0.05433 0.19227 -0.17110 0.08539 0.45581 -0.00308 0.00000 -0.18498
0.02918 0.18011 0.04611 0.01833 -0.02157 -0.23655 0.07262 0.12075 -0.01145 -0.18928 -0.00539 0.14851 0.16125 0.10940 0.10194 -0.00002 -0.08405 -0.02414 0.18498 0.00000
