1.01449 -0.06850 -0.04595 0.02159 -0.00801 -0.04485 -0.03388 -0.00338 -0.00388 -0.04223 0.01638 -0.05359 -0.03638 0.14927 -0.01205 0.00551 0.00231 -0.02420 -0.00767 -0.10208
0.06850 0.09889 -0.11523 0.22873 0.05042 0.05727 -0.16833 -0.07632 -0.09882 -0.20406 -0.01356 0.06831 0.30495 0.04065 -0.14854 0.01013 0.35417 0.10833 0.14887 -0.17938
0.04595 0.11523 0.28662 -0.01821 0.03598 0.18413 0.08364 0.06471 0.01119 -0.09414 -0.01797 0.04957 -0.04891 -0.00672 0.07806 0.21108 -0.05369 -0.16998 0.03428 0.12121
-0.02159 -0.22873 0.01821 0.00000 -0.05183 -0.05939 -0.10942 0.12029 0.03217 -0.01002 0.01202 -0.30461 0.10535 0.19874 0.19287 -0.33858 0.08576 -0.09303 0.11757 -0.13087
0.00801 -0.05042 -0.03598 0.05183 0.90089 -0.01318 0.09303 0.04261 0.02598 -0.01539 0.00631 -0.00221 -0.20315 0.07450 -0.06969 0.11410 -0.08926 0.07729 -0.09701 -0.09787
0.04485 -0.05727 -0.18413 0.05939 0.01318 0.00000 -0.10475 0.02269 -0.10816 -0.17733 -0.01459 -0.05529 0.18519 -0.00578 -0.19774 -0.03714 0.08970 0.16593 -0.06228 0.23903
0.03388 0.16833 -0.08364 0.10942 -0.09303 0.10475 1.00156 -0.35634 -0.01144 -0.01062 -0.00767 0.09885 0.15518 0.18215 -0.05046 0.16274 0.11132 -0.05686 -0.29171 -0.16953
0.00338 0.07632 -0.06471 -0.12029 -0.04261 -0.02269 0.35634 0.00000 0.13602 0.09320 -0.00459 -0.07934 0.44415 0.01955 0.06825 0.20059 -0.23465 -0.04915 0.00538 -0.16362
0.00388 0.09882 -0.01119 -0.03217 -0.02598 0.10816 0.01144 -0.13602 0.99057 0.07710 -0.01872 0.13826 0.03063 0.01521 -0.05261 0.12242 -0.08701 0.02328 -0.20621 -0.03705
0.04223 0.20406 0.09414 0.01002 0.01539 0.17733 0.01062 -0.09320 -0.07710 0.00000 -0.02365 0.14813 0.19184 -0.29054 0.06151 -0.18318 0.05903 -0.01850 -0.13016 0.26948
-0.01638 0.01356 0.01797 -0.01202 -0.00631 0.01459 0.00767 0.00459 0.01872 0.02365 1.00651 0.01893 -0.00438 -0.02614 -0.00038 0.01307 -0.01814 0.01581 -0.00129 0.01463
0.05359 -0.06831 -0.04957 0.30461 0.00221 0.05529 -0.09885 0.07934 -0.13826 -0.14813 -0.01893 0.41906 0.02127 0.03019 0.17401 -0.02446 -0.04789 0.11766 0.18575 -0.16612
0.03638 -0.30495 0.04891 -0.10535 0.20315 -0.18519 -0.15518 -0.44415 -0.03063 -0.19184 0.00438 -0.02127 0.68051 -0.24261 -0.06932 -0.03946 -0.14636 -0.01653 -0.07514 -0.02065
-0.14927 -0.04065 0.00672 -0.19874 -0.07450 0.00578 -0.18215 -0.01955 -0.01521 0.29054 0.02614 -0.03019 0.24261 0.00000 0.03985 -0.04561 -0.05753 0.07577 -0.12768 -0.11845
0.01205 0.14854 -0.07806 -0.19287 0.06969 0.19774 0.05046 -0.06825 0.05261 -0.06151 0.00038 -0.17401 0.06932 -0.03985 0.00000 -0.32323 -0.10733 -0.05790 0.00391 0.13300
-0.00551 -0.01013 -0.21108 0.33858 -0.11410 0.03714 -0.16274 -0.20059 -0.12242 0.18318 -0.01307 0.02446 0.03946 0.04561 0.32323 0.00000 0.19804 0.11601 0.00353 0.07117
-0.00231 -0.35417 0.05369 -0.08576 0.08926 -0.08970 -0.11132 0.23465 0.08701 -0.05903 0.01814 0.04789 0.14636 0.05753 0.10733 -0.19804 0.84197 -0.17835 -0.44292 0.09243
0.02420 -0.10833 0.16998 0.09303 -0.07729 -0.16593 0.05686 0.04915 -0.02328 0.01850 -0.01581 -0.11766 0.01653 -0.07577 0.05790 -0.11601 0.17835 0.89781 -0.01028 -0.06529
0.00767 -0.14887 -0.03428 -0.11757 0.09701 0.06228 0.29171 -0.00538 0.20621 0.13016 0.00129 -0.18575 0.07514 0.12768 -0.00391 -0.00353 0.44292 0.01028 0.08302 -0.07001
0.10208 0.17938 -0.12121 0.13087 0.09787 -0.23903 0.16953 0.16362 0.03705 -0.26948 -0.01463 0.16612 0.02065 0.11845 -0.13300 -0.07117 -0.09243 0.06529 0.07001 0.00000
