1.00521 -0.05019 -0.04001 -0.01449 0.00690 -0.03384 -0.01997 0.07398 -0.00561 -0.05941 0.01073 -0.05018 -0.06085 0.09955 -0.01210 -0.00746 -0.00836 -0.04634 0.05775 -0.04262
0.05019 0.00000 -0.09436 -0.00305 0.03896 -0.01313 -0.21015 0.06861 -0.02519 -0.25952 0.00387 -0.09205 0.15504 0.03881 -0.10239 0.04685 0.27515 0.07229 0.22506 -0.29691
0.04001 0.09436 0.19653 -0.02815 0.06074 0.11087 0.10139 0.08574 -0.01653 -0.16789 -0.01854 0.19760 -0.22057 0.32515 -0.10895 -0.07417 -0.09308 -0.08772 -0.20633 -0.11410
0.01449 0.00305 0.02815 0.00000 -0.02773 -0.05116 -0.08002 -0.07405 0.00246 -0.05433 0.00020 -0.20848 0.06250 0.11162 0.15953 -0.42912 0.04442 -0.01871 -0.12684 0.01890
-0.00690 -0.03896 -0.06074 0.02773 0.90711 -0.00360 0.14069 0.09145 0.00664 -0.08142 0.00316 -0.01330 -0.02211 0.05445 0.06479 -0.04080 0.03565 0.08899 -0.02491 0.02685
0.03384 0.01313 -0.11087 0.05116 0.00360 0.00000 -0.14325 0.05553 -0.02636 -0.21337 0.00540 -0.10610 0.27816 -0.15075 -0.32522 0.07331 0.14314 0.02244 -0.04776 0.24314
0.01997 0.21015 -0.10139 0.08002 -0.14069 0.14325 1.11582 -0.27642 -0.01399 -0.04277 0.00411 0.12734 0.15525 0.08491 0.02515 0.01271 -0.03232 -0.09593 -0.22645 0.00633
-0.07398 -0.06861 -0.08574 0.07405 -0.09145 -0.05553 0.27642 0.00000 0.05049 0.12225 -0.01567 0.06294 0.34649 0.37334 -0.06758 0.12417 -0.31041 -0.01483 0.00176 -0.06513
0.00561 0.02519 0.01653 -0.00246 -0.00664 0.02636 0.01399 -0.05049 0.99444 0.06738 -0.01629 0.02989 0.03670 -0.04268 -0.00040 0.00250 -0.00582 0.09061 -0.05210 0.01793
0.05941 0.25952 0.16789 0.05433 0.08142 0.21337 0.04277 -0.12225 -0.06738 0.00000 -0.01671 0.27365 0.18721 -0.13376 -0.10805 -0.11227 0.04038 0.06005 -0.05930 0.13779
-0.01073 -0.00387 0.01854 -0.00020 -0.00316 -0.00540 -0.00411 0.01567 0.01629 0.01671 1.00270 0.00347 -0.00029 -0.01673 0.00114 0.00302 0.00546 0.00754 0.00223 0.00315
0.05018 0.09205 -0.19760 0.20848 0.01330 0.10610 -0.12734 -0.06294 -0.02989 -0.27365 -0.00347 0.35181 0.00983 0.15197 0.01832 -0.09093 -0.11457 0.04412 0.02826 -0.19903
0.06085 -0.15504 0.22057 -0.06250 0.02211 -0.27816 -0.15525 -0.34649 -0.03670 -0.18721 0.00029 -0.00983 0.54599 -0.14961 -0.03668 -0.08767 -0.09851 -0.01507 -0.05011 -0.20632
-0.09955 -0.03881 -0.32515 -0.11162 -0.05445 0.15075 -0.08491 -0.37334 0.04268 0.13376 0.01673 -0.15197 0.14961 0.00000 0.13689 -0.02508 -0.09381 0.12550 -0.24430 -0.09831
0.01210 0.10239 0.10895 -0.15953 -0.06479 0.32522 -0.02515 0.06758 0.00040 0.10805 -0.00114 -0.01832 0.03668 -0.13689 0.00000 -0.30601 -0.31108 -0.06977 0.10678 -0.11203
0.00746 -0.04685 0.07417 0.42912 0.04080 -0.07331 -0.01271 -0.12417 -0.00250 0.11227 -0.00302 0.09093 0.08767 0.02508 0.30601 0.00000 0.23514 -0.04310 0.08659 -0.07186
0.00836 -0.27515 0.09308 -0.04442 -0.03565 -0.14314 0.03232 0.31041 0.00582 -0.04038 -0.00546 0.11457 0.09851 0.09381 0.31108 -0.23514 0.75780 -0.05120 -0.39647 0.07684
0.04634 -0.07229 0.08772 0.01871 -0.08899 -0.02244 0.09593 0.01483 -0.09061 -0.06005 -0.00754 -0.04412 0.01507 -0.12550 0.06977 0.04310 0.05120 0.95864 0.07172 0.01490
-0.05775 -0.22506 0.20633 0.12684 0.02491 0.04776 0.22645 -0.00176 0.05210 0.05930 -0.00223 -0.02826 0.05011 0.24430 -0.10678 -0.08659 0.39647 -0.07172 0.00000 -0.14884
0.04262 0.29691 0.11410 -0.01890 -0.02685 -0.24314 -0.00633 0.06513 -0.01793 -0.13779 -0.00315 0.19903 0.20632 0.09831 0.11203 0.07186 -0.07684 -0.01490 0.14884 0.00000
