0.99777 -0.04095 -0.03833 -0.01153 0.00066 -0.02573 -0.02877 0.05110 -0.00892 -0.04437 0.01433 -0.05128 -0.05461 0.08806 -0.00425 -0.00456 -0.01715 -0.04030 0.05873 -0.03171
0.04095 0.00000 -0.08092 0.09198 0.05815 0.04154 -0.18486 -0.02341 -0.01841 -0.26382 0.00158 -0.03674 0.19880 0.10632 -0.06760 0.02149 0.31504 0.08204 0.21356 -0.19049
0.03833 0.08092 0.21411 -0.02916 0.07045 0.16063 0.08794 0.16379 -0.02004 -0.11533 -0.01640 0.17049 -0.21130 0.21978 -0.08869 0.04636 -0.12873 -0.09735 -0.15883 -0.05786
0.01153 -0.09198 0.02916 0.00000 -0.02849 0.03656 -0.11259 -0.05706 0.00819 -0.02251 0.00422 -0.22862 0.06826 0.15958 0.21602 -0.40141 -0.00706 -0.03157 -0.12191 -0.01599
-0.00066 -0.05815 -0.07045 0.02849 0.91031 -0.01584 0.11031 0.10861 0.01114 -0.05128 -0.00027 -0.04185 -0.05547 0.06797 0.04959 -0.04029 0.03133 0.10716 -0.05464 0.02940
0.02573 -0.04154 -0.16063 -0.03656 0.01584 0.00000 -0.12986 0.08899 -0.01487 -0.21267 0.00384 -0.12996 0.22358 -0.07242 -0.27989 0.06357 0.14687 0.00427 -0.02603 0.24388
0.02877 0.18486 -0.08794 0.11259 -0.11031 0.12986 1.05617 -0.29208 0.00108 -0.03351 -0.00153 0.11483 0.12393 0.15191 -0.07190 0.08686 0.02865 -0.09031 -0.22547 -0.04944
-0.05110 0.02341 -0.16379 0.05706 -0.10861 -0.08899 0.29208 0.00000 0.02942 0.13089 -0.00323 0.01440 0.38823 0.24592 -0.09196 0.15657 -0.31152 0.01054 -0.05074 -0.12376
0.00892 0.01841 0.02004 -0.00819 -0.01114 0.01487 -0.00108 -0.02942 1.00226 0.07093 -0.01861 0.04180 0.02928 -0.03095 -0.00673 -0.02666 -0.02372 0.08070 -0.06704 0.00786
0.04437 0.26382 0.11533 0.02251 0.05128 0.21267 0.03351 -0.13089 -0.07093 0.00000 -0.02117 0.22040 0.17254 -0.21168 -0.15899 -0.13355 0.00653 0.03473 -0.01591 0.17576
-0.01433 -0.00158 0.01640 -0.00422 0.00027 -0.00384 0.00153 0.00323 0.01861 0.02117 1.00611 0.00399 -0.00090 -0.02026 0.00980 -0.00777 -0.00169 0.01229 0.00237 0.00964
0.05128 0.03674 -0.17049 0.22862 0.04185 0.12996 -0.11483 -0.01440 -0.04180 -0.22040 -0.00399 0.39025 0.02116 0.13119 0.09215 -0.07764 -0.11753 0.01797 0.08002 -0.15586
0.05461 -0.19880 0.21130 -0.06826 0.05547 -0.22358 -0.12393 -0.38823 -0.02928 -0.17254 0.00090 -0.02116 0.59806 -0.17433 -0.06003 -0.09379 -0.06144 -0.02231 -0.02639 -0.16146
-0.08806 -0.10632 -0.21978 -0.15958 -0.06797 0.07242 -0.15191 -0.24592 0.03095 0.21168 0.02026 -0.13119 0.17433 0.00000 0.18981 -0.05078 -0.09730 0.08187 -0.19634 -0.11146
0.00425 0.06760 0.08869 -0.21602 -0.04959 0.27989 0.07190 0.09196 0.00673 0.15899 -0.00980 -0.09215 0.06003 -0.18981 0.00000 -0.26313 -0.22554 -0.08731 0.20833 -0.11199
0.00456 -0.02149 -0.04636 0.40141 0.04029 -0.06357 -0.08686 -0.15657 0.02666 0.13355 0.00777 0.07764 0.09379 0.05078 0.26313 0.00000 0.21124 -0.05210 -0.05052 -0.03296
0.01715 -0.31504 0.12873 0.00706 -0.03133 -0.14687 -0.02865 0.31152 0.02372 -0.00653 0.00169 0.11753 0.06144 0.09730 0.22554 -0.21124 0.84404 -0.07033 -0.43913 0.08295
0.04030 -0.08204 0.09735 0.03157 -0.10716 -0.00427 0.09031 -0.01054 -0.08070 -0.03473 -0.01229 -0.01797 0.02231 -0.08187 0.08731 0.05210 0.07033 0.96702 0.01455 0.03074
-0.05873 -0.21356 0.15883 0.12191 0.05464 0.02603 0.22547 0.05074 0.06704 0.01591 -0.00237 -0.08002 0.02639 0.19634 -0.20833 0.05052 0.43913 -0.01455 0.00000 -0.19437
0.03171 0.19049 0.05786 0.01599 -0.02940 -0.24388 0.04944 0.12376 -0.00786 -0.17576 -0.00964 0.15586 0.16146 0.11146 0.11199 0.03296 -0.08295 -0.03074 0.19437 0.00000
