1.00343 -0.03797 -0.03975 -0.01699 0.00302 -0.02794 -0.02577 0.05775 -0.00585 -0.04184 0.01223 -0.05535 -0.06041 0.08373 -0.00965 -0.00606 -0.01018 -0.04144 0.05947 -0.03020
0.03797 0.00000 -0.07481 0.04889 0.04789 0.03479 -0.19216 0.02280 -0.01782 -0.26974 0.00400 -0.05278 0.17147 0.06925 -0.07033 0.05076 0.29967 0.08211 0.22311 -0.23397
0.03975 0.07481 0.21677 -0.02905 0.07019 0.13863 0.08479 0.14049 -0.02216 -0.13425 -0.02001 0.17844 -0.22323 0.28165 -0.10689 -0.02822 -0.12151 -0.08632 -0.18935 -0.09114
0.01699 -0.04889 0.02905 0.00000 -0.03055 0.00532 -0.09942 -0.08408 0.00625 -0.04748 0.00316 -0.21561 0.06392 0.14122 0.20705 -0.43181 0.00502 -0.02023 -0.13111 -0.00783
-0.00302 -0.04789 -0.07019 0.03055 0.91423 0.00174 0.12228 0.08719 0.00843 -0.07179 0.00189 -0.02899 -0.04043 0.06241 0.04765 -0.04934 0.02913 0.10247 -0.03556 0.03668
0.02794 -0.03479 -0.13863 -0.00532 -0.00174 0.00000 -0.14372 0.08276 -0.02064 -0.21394 0.00419 -0.12476 0.23686 -0.10892 -0.29722 0.09531 0.13730 0.00225 -0.03302 0.22760
0.02577 0.19216 -0.08479 0.09942 -0.12228 0.14372 1.08213 -0.28620 -0.00779 -0.02814 -0.00224 0.11566 0.12203 0.11734 -0.04047 0.06087 -0.00309 -0.08771 -0.21728 -0.01118
-0.05775 -0.02280 -0.14049 0.08408 -0.08719 -0.08276 0.28620 0.00000 0.04278 0.14271 -0.00589 0.04734 0.37109 0.30997 -0.06156 0.09789 -0.31419 0.00655 -0.03405 -0.06430
0.00585 0.01782 0.02216 -0.00625 -0.00843 0.02064 0.00779 -0.04278 1.00248 0.06691 -0.01735 0.03682 0.03226 -0.04122 0.00000 -0.00844 -0.02068 0.08717 -0.05856 0.01523
0.04184 0.26974 0.13425 0.04748 0.07179 0.21394 0.02814 -0.14271 -0.06691 0.00000 -0.02125 0.23867 0.18461 -0.18476 -0.14518 -0.13546 0.01083 0.04343 -0.03668 0.16069
-0.01223 -0.00400 0.02001 -0.00316 -0.00189 -0.00419 0.00224 0.00589 0.01735 0.02125 1.00391 0.00476 0.00204 -0.01962 0.00339 0.00212 0.00252 0.01212 -0.00042 0.00603
0.05535 0.05278 -0.17844 0.21561 0.02899 0.12476 -0.11566 -0.04734 -0.03682 -0.23867 -0.00476 0.36847 0.02332 0.13599 0.05424 -0.09724 -0.11830 0.02860 0.05349 -0.17946
0.06041 -0.17147 0.22323 -0.06392 0.04043 -0.23686 -0.12203 -0.37109 -0.03226 -0.18461 -0.00204 -0.02332 0.58247 -0.17593 -0.04250 -0.10119 -0.07697 -0.01922 -0.01354 -0.18443
-0.08373 -0.06925 -0.28165 -0.14122 -0.06241 0.10892 -0.11734 -0.30997 0.04122 0.18476 0.01962 -0.13599 0.17593 0.00000 0.17324 -0.05112 -0.09280 0.10303 -0.22415 -0.09684
0.00965 0.07033 0.10689 -0.20705 -0.04765 0.29722 0.04047 0.06156 -0.00000 0.14518 -0.00339 -0.05424 0.04250 -0.17324 0.00000 -0.29396 -0.26971 -0.08410 0.16044 -0.14710
0.00606 -0.05076 0.02822 0.43181 0.04934 -0.09531 -0.06087 -0.09789 0.00844 0.13546 -0.00212 0.09724 0.10119 0.05112 0.29396 0.00000 0.20825 -0.04062 -0.00785 -0.05424
0.01018 -0.29967 0.12151 -0.00502 -0.02913 -0.13730 0.00309 0.31419 0.02068 -0.01083 -0.00252 0.11830 0.07697 0.09280 0.26971 -0.20825 0.80168 -0.05476 -0.42128 0.08910
0.04144 -0.08211 0.08632 0.02023 -0.10247 -0.00225 0.08771 -0.00655 -0.08717 -0.04343 -0.01212 -0.02860 0.01922 -0.10303 0.08410 0.04062 0.05476 0.97587 0.04610 0.04106
-0.05947 -0.22311 0.18935 0.13111 0.03556 0.03302 0.21728 0.03405 0.05856 0.03668 0.00042 -0.05349 0.01354 0.22415 -0.16044 0.00785 0.42128 -0.04610 0.00000 -0.18107
0.03020 0.23397 0.09114 0.00783 -0.03668 -0.22760 0.01118 0.06430 -0.01523 -0.16069 -0.00603 0.17946 0.18443 0.09684 0.14710 0.05424 -0.08910 -0.04106 0.18107 0.00000
