0.99311 -0.05873 -0.03906 -0.01776 0.00994 -0.02125 -0.02786 0.06211 -0.00629 -0.04577 0.00858 -0.05036 -0.06513 0.10801 -0.01739 0.00385 -0.01427 -0.04506 0.05506 -0.03382
0.05873 0.00000 -0.11945 -0.04168 0.05196 -0.01027 -0.23041 0.07419 -0.01425 -0.23802 0.01187 -0.12619 0.14357 -0.01269 -0.11704 0.05522 0.25058 0.06248 0.17712 -0.28658
0.03906 0.11945 0.17894 -0.03994 0.03025 0.05686 0.11835 0.03433 -0.00949 -0.17860 -0.03420 0.19804 -0.17119 0.30595 -0.08422 -0.11490 -0.07423 -0.11053 -0.20697 -0.11611
0.01776 0.04168 0.03994 0.00000 -0.02477 -0.11855 -0.04815 -0.07319 -0.00513 0.00778 -0.00009 -0.17207 0.07788 0.07174 0.10667 -0.39730 0.08771 -0.01761 -0.14876 0.03446
-0.00994 -0.05196 -0.03025 0.02477 0.91414 -0.02134 0.14322 0.08858 0.00578 -0.09403 0.00302 -0.01429 -0.03352 0.03208 0.04854 -0.03469 0.04565 0.08796 0.01011 0.02708
0.02125 0.01027 -0.05686 0.11855 0.02134 0.00000 -0.12187 0.10605 -0.03105 -0.20565 0.00962 -0.06321 0.21951 -0.16542 -0.33520 0.10687 0.16308 0.03354 -0.05515 0.17905
0.02786 0.23041 -0.11835 0.04815 -0.14322 0.12187 1.12438 -0.23779 -0.00870 -0.03291 0.00206 0.13760 0.13802 0.03864 0.02619 -0.01755 -0.05681 -0.09346 -0.23478 0.00353
-0.06211 -0.07419 -0.03433 0.07319 -0.08858 -0.10605 0.23779 0.00000 0.04376 0.12065 -0.01123 0.07936 0.36707 0.35436 -0.01717 0.11304 -0.31831 -0.00224 0.03265 -0.04771
0.00629 0.01425 0.00949 0.00513 -0.00578 0.03105 0.00870 -0.04376 0.99837 0.05074 -0.01500 0.02432 0.03474 -0.04511 0.01225 0.00104 -0.00232 0.09195 -0.03341 0.03475
0.04577 0.23802 0.17860 -0.00778 0.09403 0.20565 0.03291 -0.12065 -0.05074 0.00000 -0.02150 0.26417 0.12463 -0.06580 -0.09555 -0.05286 0.06658 0.05209 -0.00797 0.11901
-0.00858 -0.01187 0.03420 0.00009 -0.00302 -0.00962 -0.00206 0.01123 0.01500 0.02150 1.00545 0.00488 -0.00056 -0.02555 0.00334 0.00303 0.00396 0.00669 0.00859 0.00497
0.05036 0.12619 -0.19804 0.17207 0.01429 0.06321 -0.13760 -0.07936 -0.02432 -0.26417 -0.00488 0.30282 0.03335 0.13782 -0.01037 -0.09020 -0.11893 0.04996 0.01111 -0.20169
0.06513 -0.14357 0.17119 -0.07788 0.03352 -0.21951 -0.13802 -0.36707 -0.03474 -0.12463 0.00056 -0.03335 0.44434 -0.13457 0.04217 0.00030 -0.08575 -0.01179 -0.09954 -0.13392
-0.10801 0.01269 -0.30595 -0.07174 -0.03208 0.16542 -0.03864 -0.35436 0.04511 0.06580 0.02555 -0.13782 0.13457 0.00000 0.11584 0.01923 -0.07811 0.13032 -0.20844 -0.11740
0.01739 0.11704 0.08422 -0.10667 -0.04854 0.33520 -0.02619 0.01717 -0.01225 0.09555 -0.00334 0.01037 -0.04217 -0.11584 0.00000 -0.25184 -0.30341 -0.05035 -0.02181 -0.12007
-0.00385 -0.05522 0.11490 0.39730 0.03469 -0.10687 0.01755 -0.11304 -0.00104 0.05286 -0.00303 0.09020 -0.00030 -0.01923 0.25184 0.00000 0.20323 -0.02754 0.15686 -0.15591
0.01427 -0.25058 0.07423 -0.08771 -0.04565 -0.16308 0.05681 0.31831 0.00232 -0.06658 -0.00396 0.11893 0.08575 0.07811 0.30341 -0.20323 0.70702 -0.03231 -0.38214 0.05001
0.04506 -0.06248 0.11053 0.01761 -0.08796 -0.03354 0.09346 0.00224 -0.09195 -0.05209 -0.00669 -0.04996 0.01179 -0.13032 0.05035 0.02754 0.03231 0.96815 0.07940 0.00908
-0.05506 -0.17712 0.20697 0.14876 -0.01011 0.05515 0.23478 -0.03265 0.03341 0.00797 -0.00859 -0.01111 0.09954 0.20844 0.02181 -0.15686 0.38214 -0.07940 0.00000 -0.08389
0.03382 0.28658 0.11611 -0.03446 -0.02708 -0.17905 -0.00353 0.04771 -0.03475 -0.11901 -0.00497 0.20169 0.13392 0.11740 0.12007 0.15591 -0.05001 -0.00908 0.08389 0.00000
