1.01269 -0.04260 -0.05387 0.02029 -0.00223 -0.03020 -0.03245 -0.00185 0.00221 -0.03979 0.01436 -0.04905 -0.03447 0.12952 -0.01689 0.00771 0.00202 -0.03039 -0.00032 -0.06661
0.04260 0.06212 -0.08673 0.19642 0.03250 0.03834 -0.16595 -0.08151 -0.07280 -0.20803 -0.01613 0.06041 0.30801 0.03830 -0.16439 -0.00479 0.35579 0.12613 0.15849 -0.17432
0.05387 0.08673 0.25415 -0.05690 0.04787 0.22086 0.08664 0.12116 0.00714 -0.08675 -0.01781 0.06871 -0.08450 0.01507 0.04561 0.22409 -0.09705 -0.16579 0.01649 0.12151
-0.02029 -0.19642 0.05690 0.00000 -0.04503 -0.04478 -0.11443 0.08613 0.03609 -0.00168 0.00381 -0.30548 0.11687 0.16079 0.19780 -0.33100 0.09291 -0.08992 0.08799 -0.08487
0.00223 -0.03250 -0.04787 0.04503 0.89535 -0.04330 0.08685 0.05983 0.02872 -0.00610 0.00758 -0.01745 -0.19068 0.08731 -0.04650 0.09620 -0.04949 0.06211 -0.08662 -0.10752
0.03020 -0.03834 -0.22086 0.04478 0.04330 0.00000 -0.12472 0.05858 -0.06203 -0.22031 -0.01097 -0.10758 0.18921 -0.00456 -0.15377 -0.01219 0.12629 0.10757 -0.02370 0.27888
0.03245 0.16595 -0.08664 0.11443 -0.08685 0.12472 1.00432 -0.36349 -0.00890 -0.03053 -0.00087 0.11153 0.15042 0.20455 -0.07120 0.15978 0.08751 -0.06814 -0.31220 -0.16960
0.00185 0.08151 -0.12116 -0.08613 -0.05983 -0.05858 0.36349 0.00000 0.08801 0.11953 0.00387 -0.06557 0.40939 0.06881 0.02173 0.21921 -0.23236 -0.04426 0.02074 -0.18710
-0.00221 0.07280 -0.00714 -0.03609 -0.02872 0.06203 0.00890 -0.08801 0.98695 0.08528 -0.01788 0.10293 0.02420 0.00701 -0.04683 0.06965 -0.06413 0.03533 -0.16445 -0.03762
0.03979 0.20803 0.08675 0.00168 0.00610 0.22031 0.03053 -0.11953 -0.08528 0.00000 -0.02697 0.18059 0.17487 -0.27725 0.01400 -0.13481 0.02908 -0.00565 -0.09740 0.25128
-0.01436 0.01613 0.01781 -0.00381 -0.00758 0.01097 0.00087 -0.00387 0.01788 0.02697 1.00764 0.01908 -0.00316 -0.03647 -0.00249 0.00968 -0.01077 0.01674 -0.00162 0.01116
0.04905 -0.06041 -0.06871 0.30548 0.01745 0.10758 -0.11153 0.06557 -0.10293 -0.18059 -0.01908 0.39150 0.00387 0.04698 0.16207 0.01053 -0.06677 0.08602 0.18560 -0.13586
0.03447 -0.30801 0.08450 -0.11687 0.19068 -0.18921 -0.15042 -0.40939 -0.02420 -0.17487 0.00316 -0.00387 0.64340 -0.22556 -0.11967 -0.07589 -0.17190 -0.01136 -0.10163 -0.05213
-0.12952 -0.03830 -0.01507 -0.16079 -0.08731 0.00456 -0.20455 -0.06881 -0.00701 0.27725 0.03647 -0.04698 0.22556 0.00000 0.09254 -0.02806 -0.05034 0.07912 -0.13099 -0.15227
0.01689 0.16439 -0.04561 -0.19780 0.04650 0.15377 0.07120 -0.02173 0.04683 -0.01400 0.00249 -0.16207 0.11967 -0.09254 0.00000 -0.34148 -0.08675 -0.06887 0.00803 0.10918
-0.00771 0.00479 -0.22409 0.33100 -0.09620 0.01219 -0.15978 -0.21921 -0.06965 0.13481 -0.00968 -0.01053 0.07589 0.02806 0.34148 0.00000 0.24109 0.07272 -0.00587 0.10653
-0.00202 -0.35579 0.09705 -0.09291 0.04949 -0.12629 -0.08751 0.23236 0.06413 -0.02908 0.01077 0.06677 0.17190 0.05034 0.08675 -0.24109 0.86432 -0.14520 -0.46751 0.07601
0.03039 -0.12613 0.16579 0.08992 -0.06211 -0.10757 0.06814 0.04426 -0.03533 0.00565 -0.01674 -0.08602 0.01136 -0.07912 0.06887 -0.07272 0.14520 0.91135 -0.01768 -0.03189
0.00032 -0.15849 -0.01649 -0.08799 0.08662 0.02370 0.31220 -0.02074 0.16445 0.09740 0.00162 -0.18560 0.10163 0.13099 -0.00803 0.00587 0.46751 0.01768 0.03588 -0.09086
0.06661 0.17432 -0.12151 0.08487 0.10752 -0.27888 0.16960 0.18710 0.03762 -0.25128 -0.01116 0.13586 0.05213 0.15227 -0.10918 -0.10653 -0.07601 0.03189 0.09086 0.00000
