1.01411 -0.14662 -0.06575 0.03761 0.00170 -0.06840 -0.05028 -0.00626 -0.00770 -0.10291 0.01645 -0.09608 -0.03442 0.15645 0.03264 -0.01081 0.02831 -0.03233 -0.03823 -0.11934
0.14662 0.21045 -0.14838 0.09506 0.07118 0.00921 -0.15180 0.12635 -0.18748 -0.10990 -0.00271 -0.01026 0.26617 0.05971 -0.18853 -0.07022 0.30608 0.00435 0.15361 -0.20127
0.06575 0.14838 0.34251 -0.00755 0.02291 0.13055 0.06056 -0.00504 0.01524 -0.09483 -0.02156 0.03686 -0.01305 -0.05864 0.06608 0.18860 -0.02733 -0.17640 0.00472 0.14000
-0.03761 -0.09506 0.00755 0.00000 -0.08493 -0.03653 -0.17400 0.06967 0.05152 -0.00960 0.01802 -0.18245 0.06708 0.21653 0.11662 -0.13453 0.04044 -0.02136 0.11642 -0.20728
-0.00170 -0.07118 -0.02291 0.08493 0.92201 -0.00809 0.09932 0.06907 0.03180 -0.02352 0.00887 0.01325 -0.24063 0.10590 -0.09989 0.14216 -0.15634 0.09083 -0.04453 -0.10659
0.06840 -0.00921 -0.13055 0.03653 0.00809 0.00000 -0.05729 -0.05694 -0.17109 -0.01986 -0.02593 0.00229 0.20847 -0.02625 -0.30876 0.03782 0.08741 0.14944 -0.08453 0.08539
0.05028 0.15180 -0.06056 0.17400 -0.09932 0.05729 0.94370 -0.31511 0.01572 0.02580 -0.00986 0.09736 0.11664 0.20450 -0.00773 0.18029 0.10243 -0.03919 -0.19993 -0.20335
0.00626 -0.12635 0.00504 -0.06967 -0.06907 0.05694 0.31511 0.00000 0.22975 -0.06132 0.00081 -0.10781 0.43308 0.04433 0.22706 0.16807 -0.32020 0.01585 -0.01329 -0.06126
0.00770 0.18748 -0.01524 -0.05152 -0.03180 0.17109 -0.01572 -0.22975 1.02050 0.06038 -0.03682 0.18577 0.07340 -0.05113 -0.06639 0.15778 -0.07377 0.02434 -0.26514 0.03710
0.10291 0.10990 0.09483 0.00960 0.02352 0.01986 -0.02580 0.06132 -0.06038 0.00000 -0.00311 0.07092 0.17067 -0.29223 0.12240 -0.35303 0.07094 -0.03417 -0.10566 0.31326
-0.01645 0.00271 0.02156 -0.01802 -0.00887 0.02593 0.00986 -0.00081 0.03682 0.00311 1.00768 0.01245 -0.00646 -0.01753 -0.01623 0.00036 -0.01411 0.01879 -0.00472 0.03033
0.09608 0.01026 -0.03686 0.18245 -0.01325 -0.00229 -0.09736 0.10781 -0.18577 -0.07092 -0.01245 0.48396 0.02171 -0.03784 0.12460 -0.04921 -0.05095 0.08095 0.14018 -0.15356
0.03442 -0.26617 0.01305 -0.06708 0.24063 -0.20847 -0.11664 -0.43308 -0.07340 -0.17067 0.00646 -0.02171 0.72434 -0.23489 -0.04551 -0.00632 -0.11917 -0.05631 -0.04290 0.00485
-0.15645 -0.05971 0.05864 -0.21653 -0.10590 0.02625 -0.20450 -0.04433 0.05113 0.29223 0.01753 0.03784 0.23489 0.00000 0.06283 -0.05513 -0.07536 0.15177 -0.05392 -0.10826
-0.03264 0.18853 -0.06608 -0.11662 0.09989 0.30876 0.00773 -0.22706 0.06639 -0.12240 0.01623 -0.12460 0.04551 -0.06283 0.00000 -0.15676 -0.12926 -0.01851 -0.00239 0.20536
0.01081 0.07022 -0.18860 0.13453 -0.14216 -0.03782 -0.18029 -0.16807 -0.15778 0.35303 -0.00036 0.04921 0.00632 0.05513 0.15676 0.00000 0.18242 0.11314 0.03329 -0.07778
-0.02831 -0.30608 0.02733 -0.04044 0.15634 -0.08741 -0.10243 0.32020 0.07377 -0.07094 0.01411 0.05095 0.11917 0.07536 0.12926 -0.18242 0.81010 -0.20427 -0.35073 0.10854
0.03233 -0.00435 0.17640 0.02136 -0.09083 -0.14944 0.03919 -0.01585 -0.02434 0.03417 -0.01879 -0.08095 0.05631 -0.15177 0.01851 -0.11314 0.20427 0.91821 -0.05327 -0.01312
0.03823 -0.15361 -0.00472 -0.11642 0.04453 0.08453 0.19993 0.01329 0.26514 0.10566 0.00472 -0.14018 0.04290 0.05392 0.00239 -0.03329 0.35073 0.05327 0.19859 0.03600
0.11934 0.20127 -0.14000 0.20728 0.10659 -0.08539 0.20335 0.06126 -0.03710 -0.31326 -0.03033 0.15356 -0.00485 0.10826 -0.20536 0.07778 -0.10854 0.01312 -0.03600 0.00000
