0.99959 -0.06040 -0.03007 -0.01584 0.01244 -0.01845 -0.01773 0.05815 -0.01001 -0.04612 0.00771 -0.04968 -0.06026 0.10822 -0.00988 0.00894 -0.00961 -0.04481 0.05848 -0.02931
0.06040 0.00000 -0.13412 -0.02815 0.03073 -0.01504 -0.26183 0.04456 -0.02031 -0.24787 0.01076 -0.15045 0.15868 -0.04349 -0.10326 0.02349 0.22154 0.04999 0.14486 -0.29010
0.03007 0.13412 0.17026 -0.05085 0.01414 0.04029 0.11862 0.03274 -0.01531 -0.17886 -0.03492 0.20951 -0.17128 0.31456 -0.07914 -0.11219 -0.06074 -0.10544 -0.21638 -0.12772
0.01584 0.02815 0.05085 0.00000 -0.02554 -0.13922 -0.03322 -0.03852 -0.00834 0.04494 0.00268 -0.16149 0.07694 0.07018 0.08803 -0.37636 0.10295 -0.00879 -0.13583 0.03285
-0.01244 -0.03073 -0.01414 0.02554 0.91855 -0.02123 0.15337 0.05934 0.00679 -0.08512 0.00565 -0.00710 -0.00901 0.00883 0.04891 -0.02806 0.05081 0.07481 0.00812 0.02834
0.01845 0.01504 -0.04029 0.13922 0.02123 0.00000 -0.09483 0.14273 -0.02090 -0.17500 0.01035 -0.01784 0.21261 -0.15311 -0.35619 0.10181 0.18432 0.03671 -0.06568 0.13533
0.01773 0.26183 -0.11862 0.03322 -0.15337 0.09483 1.09397 -0.23361 -0.00791 -0.01882 0.00272 0.15969 0.14604 0.00359 -0.00760 -0.03587 -0.06283 -0.09753 -0.25336 -0.03704
-0.05815 -0.04456 -0.03274 0.03852 -0.05934 -0.14273 0.23361 0.00000 0.03153 0.11418 -0.01027 0.06383 0.35200 0.33719 -0.03372 0.11638 -0.32253 -0.00673 0.03408 -0.04546
0.01001 0.02031 0.01531 0.00834 -0.00679 0.02090 0.00791 -0.03153 1.00339 0.04790 -0.01372 0.02652 0.03915 -0.05279 0.01984 -0.00201 -0.00040 0.08720 -0.02926 0.03502
0.04612 0.24787 0.17886 -0.04494 0.08512 0.17500 0.01882 -0.11418 -0.04790 0.00000 -0.02293 0.26132 0.08615 -0.03101 -0.15895 -0.07338 0.06919 0.05130 0.01571 0.07647
-0.00771 -0.01076 0.03492 -0.00268 -0.00565 -0.01035 -0.00272 0.01027 0.01372 0.02293 1.00448 0.00425 -0.00473 -0.02296 -0.00347 0.00376 0.00470 0.01009 0.01099 -0.00020
0.04968 0.15045 -0.20951 0.16149 0.00710 0.01784 -0.15969 -0.06383 -0.02652 -0.26132 -0.00425 0.29413 0.03372 0.13467 -0.03656 -0.12666 -0.12755 0.05557 -0.00250 -0.22051
0.06026 -0.15868 0.17128 -0.07694 0.00901 -0.21261 -0.14604 -0.35200 -0.03915 -0.08615 0.00473 -0.03372 0.37897 -0.13205 0.05086 0.00433 -0.05340 0.00578 -0.06914 -0.11275
-0.10822 0.04349 -0.31456 -0.07018 -0.00883 0.15311 -0.00359 -0.33719 0.05279 0.03101 0.02296 -0.13467 0.13205 0.00000 0.08682 0.01776 -0.06375 0.12463 -0.19655 -0.11051
0.00988 0.10326 0.07914 -0.08803 -0.04891 0.35619 0.00760 0.03372 -0.01984 0.15895 0.00347 0.03656 -0.05086 -0.08682 0.00000 -0.20689 -0.25006 -0.01998 -0.06660 -0.08298
-0.00894 -0.02349 0.11219 0.37636 0.02806 -0.10181 0.03587 -0.11638 0.00201 0.07338 -0.00376 0.12666 -0.00433 -0.01776 0.20689 0.00000 0.20363 -0.02524 0.12162 -0.18075
0.00961 -0.22154 0.06074 -0.10295 -0.05081 -0.18432 0.06283 0.32253 0.00040 -0.06919 -0.00470 0.12755 0.05340 0.06375 0.25006 -0.20363 0.65903 -0.02833 -0.37913 0.00918
0.04481 -0.04999 0.10544 0.00879 -0.07481 -0.03671 0.09753 0.00673 -0.08720 -0.05130 -0.01009 -0.05557 -0.00578 -0.12463 0.01998 0.02524 0.02833 0.95809 0.07084 -0.00898
-0.05848 -0.14486 0.21638 0.13583 -0.00812 0.06568 0.25336 -0.03408 0.02926 -0.01571 -0.01099 0.00250 0.06914 0.19655 0.06660 -0.12162 0.37913 -0.07084 0.00000 -0.06750
0.02931 0.29010 0.12772 -0.03285 -0.02834 -0.13533 0.03704 0.04546 -0.03502 -0.07647 0.00020 0.22051 0.11275 0.11051 0.08298 0.18075 -0.00918 0.00898 0.06750 0.00000
