1.00748 -0.03613 -0.04542 -0.00362 -0.00042 -0.02345 -0.02561 0.02943 0.00186 -0.05564 0.01479 -0.05032 -0.04543 0.10457 -0.01165 0.00456 -0.01272 -0.04176 0.04226 -0.04255
0.03613 0.00000 -0.07610 0.16516 0.06468 0.05439 -0.17584 -0.02788 -0.03062 -0.26556 -0.00352 0.00397 0.25555 0.09684 -0.13089 -0.01018 0.33874 0.09364 0.21261 -0.15508
0.04542 0.07610 0.20995 -0.06467 0.05973 0.18061 0.08975 0.19613 -0.01262 -0.10409 -0.01276 0.14651 -0.18750 0.13287 -0.06326 0.14954 -0.13703 -0.12303 -0.09007 -0.00382
0.00362 -0.16516 0.06467 0.00000 -0.04398 0.03024 -0.11582 0.03395 0.01342 -0.00112 0.00435 -0.24237 0.06882 0.14666 0.22626 -0.36125 0.00470 -0.04340 -0.06814 -0.04221
0.00042 -0.06468 -0.05973 0.04398 0.90945 -0.03593 0.11080 0.10753 0.02255 -0.01743 0.00178 -0.05115 -0.09704 0.07491 0.06800 -0.01231 0.01673 0.09515 -0.05882 -0.00741
0.02345 -0.05439 -0.18061 -0.03024 0.03593 0.00000 -0.12333 0.09646 -0.01914 -0.22748 0.00021 -0.13467 0.21888 -0.04567 -0.23273 -0.01110 0.13152 0.02421 -0.01267 0.25996
0.02561 0.17584 -0.08975 0.11582 -0.11080 0.12333 1.02381 -0.33069 0.00147 -0.03013 -0.00169 0.11516 0.13473 0.19613 -0.09472 0.13023 0.05994 -0.09094 -0.27014 -0.12034
-0.02943 0.02788 -0.19613 -0.03395 -0.10753 -0.09646 0.33069 0.00000 0.03212 0.12324 -0.00272 -0.03416 0.37387 0.21009 -0.07594 0.20752 -0.28289 0.03218 -0.04893 -0.16488
-0.00186 0.03062 0.01262 -0.01342 -0.02255 0.01914 -0.00147 -0.03212 0.99663 0.07953 -0.01891 0.05299 0.03030 -0.02557 -0.01323 -0.01334 -0.02957 0.06906 -0.09650 0.00018
0.05564 0.26556 0.10409 0.00112 0.01743 0.22748 0.03013 -0.12324 -0.07953 0.00000 -0.02119 0.21989 0.15966 -0.24455 -0.12914 -0.13936 0.01125 0.03424 -0.01883 0.21031
-0.01479 0.00352 0.01276 -0.00435 -0.00178 -0.00021 0.00169 0.00272 0.01891 0.02119 1.00629 0.00684 -0.00048 -0.02357 0.00157 -0.00585 -0.00480 0.01311 -0.00186 0.00472
0.05032 -0.00397 -0.14651 0.24237 0.05115 0.13467 -0.11516 0.03416 -0.05299 -0.21989 -0.00684 0.38604 0.00572 0.10405 0.13569 -0.04901 -0.11798 0.01950 0.12889 -0.13297
0.04543 -0.25555 0.18750 -0.06882 0.09704 -0.21888 -0.13473 -0.37387 -0.03030 -0.15966 0.00048 -0.00572 0.61499 -0.20348 -0.11958 -0.10240 -0.09308 -0.01715 -0.04975 -0.13785
-0.10457 -0.09684 -0.13287 -0.14666 -0.07491 0.04567 -0.19613 -0.21009 0.02557 0.24455 0.02357 -0.10405 0.20348 0.00000 0.18372 -0.03405 -0.09661 0.06776 -0.18235 -0.12441
0.01165 0.13089 0.06326 -0.22626 -0.06800 0.23273 0.09472 0.07594 0.01323 0.12914 -0.00157 -0.13569 0.11958 -0.18372 0.00000 -0.25687 -0.13385 -0.08476 0.20564 -0.03397
-0.00456 0.01018 -0.14954 0.36125 0.01231 0.01110 -0.13023 -0.20752 0.01334 0.13936 0.00585 0.04901 0.10240 0.03405 0.25687 0.00000 0.20000 -0.03825 -0.09955 0.04810
0.01272 -0.33874 0.13703 -0.00470 -0.01673 -0.13152 -0.05994 0.28289 0.02957 -0.01125 0.00480 0.11798 0.09308 0.09661 0.13385 -0.20000 0.88764 -0.08601 -0.46630 0.07350
0.04176 -0.09364 0.12303 0.04340 -0.09515 -0.02421 0.09094 -0.03218 -0.06906 -0.03424 -0.01311 -0.01950 0.01715 -0.06776 0.08476 0.03825 0.08601 0.95654 -0.03299 -0.00879
-0.04226 -0.21261 0.09007 0.06814 0.05882 0.01267 0.27014 0.04893 0.09650 0.01883 0.00186 -0.12889 0.04975 0.18235 -0.20564 0.09955 0.46630 0.03299 0.00000 -0.16798
0.04255 0.15508 0.00382 0.04221 0.00741 -0.25996 0.12034 0.16488 -0.00018 -0.21031 -0.00472 0.13297 0.13785 0.12441 0.03397 -0.04810 -0.07350 0.00879 0.16798 0.00000
