0.99850 -0.02783 -0.03801 -0.01162 0.00008 -0.00318 -0.02150 0.02686 -0.02457 -0.12491 0.01232 -0.04981 -0.04967 0.11599 -0.00330 -0.00285 -0.02127 -0.04859 0.02235 -0.03033
0.02783 0.00000 -0.11815 0.02429 0.01421 -0.01715 -0.12339 0.05415 -0.00165 -0.19197 0.00406 -0.12989 0.09028 -0.28466 -0.00610 0.23785 0.19056 0.03166 0.00667 -0.32418
0.03801 0.11815 0.00000 -0.01788 -0.04077 -0.04848 0.19404 0.03734 -0.05150 -0.06794 -0.04069 0.26727 0.00379 0.26755 -0.08374 -0.05150 0.09816 -0.13485 -0.26012 -0.16432
0.01162 -0.02429 0.01788 0.00000 -0.01408 -0.21527 -0.06061 -0.09664 -0.00802 0.10090 0.00248 -0.23673 -0.02390 0.05545 0.03650 -0.26332 0.28026 -0.00002 -0.14191 0.11869
-0.00008 -0.01421 0.04077 0.01408 0.91064 -0.02104 0.11435 0.04159 0.01584 -0.01174 -0.00024 -0.01779 -0.02264 -0.03928 0.01489 -0.03894 0.05029 0.05554 0.01973 0.01838
0.00318 0.01715 0.04848 0.21527 0.02104 0.00000 -0.04283 0.27886 -0.00635 -0.06365 0.00257 0.15683 0.11973 -0.10142 -0.26509 -0.05181 0.25903 -0.01164 0.03746 0.04723
0.02150 0.12339 -0.19404 0.06061 -0.11435 0.04283 1.11389 -0.12783 -0.01156 0.22626 0.00239 0.15551 0.10742 -0.12943 -0.03745 0.04239 0.00211 -0.13702 -0.10511 -0.00372
-0.02686 -0.05415 -0.03734 0.09664 -0.04159 -0.27886 0.12783 0.00000 0.01359 -0.00255 -0.00899 0.10999 0.35669 0.31969 0.01433 0.13593 -0.30289 -0.01129 -0.02143 0.00606
0.02457 0.00165 0.05150 0.00802 -0.01584 0.00635 0.01156 -0.01359 1.00702 0.07580 -0.01507 0.01972 0.01904 -0.06096 -0.00002 0.00198 0.00954 0.06468 -0.01319 0.01781
0.12491 0.19197 0.06794 -0.10090 0.01174 0.06365 -0.22626 0.00255 -0.07580 0.00000 -0.01006 0.17055 -0.03888 -0.08849 -0.17460 -0.11533 -0.10210 -0.01146 0.10880 -0.09174
-0.01232 -0.00406 0.04069 -0.00248 0.00024 -0.00257 -0.00239 0.00899 0.01507 0.01006 1.00515 -0.00427 -0.00114 -0.01050 0.00108 -0.00617 0.00434 0.01503 0.00892 0.00756
0.04981 0.12989 -0.26727 0.23673 0.01779 -0.15683 -0.15551 -0.10999 -0.01972 -0.17055 0.00427 0.00000 0.04838 -0.13138 -0.03660 -0.09626 -0.17225 0.03458 -0.02852 -0.25992
0.04967 -0.09028 -0.00379 0.02390 0.02264 -0.11973 -0.10742 -0.35669 -0.01904 0.03888 0.00114 -0.04838 0.00000 -0.05526 0.02284 0.08527 -0.03483 0.02927 -0.03401 -0.17112
-0.11599 0.28466 -0.26755 -0.05545 0.03928 0.10142 0.12943 -0.31969 0.06096 0.08849 0.01050 0.13138 0.05526 0.00000 -0.01383 -0.02613 -0.00539 0.05288 -0.13506 -0.15961
0.00330 0.00610 0.08374 -0.03650 -0.01489 0.26509 0.03745 -0.01433 0.00002 0.17460 -0.00108 0.03660 -0.02284 0.01383 0.00000 -0.08736 -0.32199 0.00026 -0.11041 0.00411
0.00285 -0.23785 0.05150 0.26332 0.03894 0.05181 -0.04239 -0.13593 -0.00198 0.11533 0.00617 0.09626 -0.08527 0.02613 0.08736 0.00000 -0.08228 0.00048 0.11381 -0.13977
0.02127 -0.19056 -0.09816 -0.28026 -0.05029 -0.25903 -0.00211 0.30289 -0.00954 0.10210 -0.00434 0.17225 0.03483 0.00539 0.32199 0.08228 0.22197 -0.00042 -0.19811 -0.11228
0.04859 -0.03166 0.13485 0.00002 -0.05554 0.01164 0.13702 0.01129 -0.06468 0.01146 -0.01503 -0.03458 -0.02927 -0.05288 -0.00026 -0.00048 0.00042 0.93138 0.05723 -0.00059
-0.02235 -0.00667 0.26012 0.14191 -0.01973 -0.03746 0.10511 0.02143 0.01319 -0.10880 -0.00892 0.02852 0.03401 0.13506 0.11041 -0.11381 0.19811 -0.05723 0.00000 -0.13793
0.03033 0.32418 0.16432 -0.11869 -0.01838 -0.04723 0.00372 -0.00606 -0.01781 0.09174 -0.00756 0.25992 0.17112 0.15961 -0.00411 0.13977 0.11228 0.00059 0.13793 0.00000
