1.00328 -0.03017 -0.04138 -0.00329 0.00016 -0.00581 -0.01588 0.01839 -0.02347 -0.11984 0.01225 -0.04956 -0.04758 0.10431 -0.00893 0.00612 -0.00662 -0.05004 0.02039 -0.03106
0.03017 0.00000 -0.12320 0.04912 0.02787 0.00590 -0.10563 0.02785 0.00364 -0.17296 0.00374 -0.11012 0.07833 -0.29367 0.02362 0.26576 0.20726 0.02401 -0.02045 -0.29435
0.04138 0.12320 0.00000 -0.01830 -0.05509 -0.07220 0.18897 0.04814 -0.05452 -0.05367 -0.04101 0.27642 0.03062 0.25501 -0.09564 -0.04343 0.09929 -0.12114 -0.25147 -0.16248
0.00329 -0.04912 0.01830 0.00000 0.00018 -0.20001 -0.07026 -0.09361 0.00195 0.06923 0.00512 -0.23863 -0.06346 0.06833 0.00566 -0.20563 0.27828 -0.01024 -0.14304 0.09000
-0.00016 -0.02787 0.05509 -0.00018 0.91947 -0.02462 0.10444 0.04772 0.01395 -0.01874 -0.00021 -0.02196 -0.03105 -0.03938 0.02228 -0.04014 0.04018 0.06312 0.02657 0.01484
0.00581 -0.00590 0.07220 0.20001 0.02462 0.00000 -0.04791 0.25457 0.00311 -0.09209 0.00381 0.15745 0.09195 -0.09734 -0.24492 -0.02760 0.29071 -0.00825 0.04027 0.05067
0.01588 0.10563 -0.18897 0.07026 -0.10444 0.04791 1.10235 -0.13737 -0.00771 0.22784 0.00305 0.12478 0.09837 -0.13409 -0.05688 0.06225 -0.00782 -0.12430 -0.08263 -0.00115
-0.01839 -0.02785 -0.04814 0.09361 -0.04772 -0.25457 0.13737 0.00000 0.00756 -0.00146 -0.00682 0.14017 0.31411 0.30471 0.02633 0.11244 -0.23200 0.00891 -0.05598 0.01883
0.02347 -0.00364 0.05452 -0.00195 -0.01395 -0.00311 0.00771 -0.00756 1.00817 0.07005 -0.01702 0.01380 0.00960 -0.05382 -0.00403 0.00040 0.00101 0.06434 -0.00372 0.01071
0.11984 0.17296 0.05367 -0.06923 0.01874 0.09209 -0.22784 0.00146 -0.07005 0.00000 -0.00773 0.17583 -0.05144 -0.13713 -0.14505 -0.12096 -0.09717 -0.02640 0.10343 -0.08079
-0.01225 -0.00374 0.04101 -0.00512 0.00021 -0.00381 -0.00305 0.00682 0.01702 0.00773 1.00432 -0.00235 -0.00119 -0.00834 0.00050 -0.00397 -0.00124 0.01787 0.00830 0.00415
0.04956 0.11012 -0.27642 0.23863 0.02196 -0.15745 -0.12478 -0.14017 -0.01380 -0.17583 0.00235 0.00000 0.04181 -0.16529 -0.02691 -0.07679 -0.15014 0.02146 -0.02820 -0.26223
0.04758 -0.07833 -0.03062 0.06346 0.03105 -0.09195 -0.09837 -0.31411 -0.00960 0.05144 0.00119 -0.04181 0.00000 -0.05099 0.05154 0.11600 -0.04110 0.02603 -0.04639 -0.14871
-0.10431 0.29367 -0.25501 -0.06833 0.03938 0.09734 0.13409 -0.30471 0.05382 0.13713 0.00834 0.16529 0.05099 0.00000 -0.03381 -0.01902 -0.02278 0.05975 -0.11390 -0.18389
0.00893 -0.02362 0.09564 -0.00566 -0.02228 0.24492 0.05688 -0.02633 0.00403 0.14505 -0.00050 0.02691 -0.05154 0.03381 0.00000 -0.06086 -0.29614 0.01211 -0.11479 0.03837
-0.00612 -0.26576 0.04343 0.20563 0.04014 0.02760 -0.06225 -0.11244 -0.00040 0.12096 0.00397 0.07679 -0.11600 0.01902 0.06086 0.00000 -0.11817 -0.00431 0.11016 -0.12606
0.00662 -0.20726 -0.09929 -0.27828 -0.04018 -0.29071 0.00782 0.23200 -0.00101 0.09717 0.00124 0.15014 0.04110 0.02278 0.29614 0.11817 0.20226 -0.01510 -0.17901 -0.09199
0.05004 -0.02401 0.12114 0.01024 -0.06312 0.00825 0.12430 -0.00891 -0.06434 0.02640 -0.01787 -0.02146 -0.02603 -0.05975 -0.01211 0.00431 0.01510 0.94759 0.04479 -0.00273
-0.02039 0.02045 0.25147 0.14304 -0.02657 -0.04027 0.08263 0.05598 0.00372 -0.10343 -0.00830 0.02820 0.04639 0.11390 0.11479 -0.11016 0.17901 -0.04479 0.00000 -0.12164
0.03106 0.29435 0.16248 -0.09000 -0.01484 -0.05067 0.00115 -0.01883 -0.01071 0.08079 -0.00415 0.26223 0.14871 0.18389 -0.03837 0.12606 0.09199 0.00273 0.12164 0.00000
