1.01696 -0.08847 -0.05181 0.03410 -0.00693 -0.04752 -0.04341 -0.00125 0.00122 -0.03676 0.01596 -0.05867 -0.04134 0.14912 -0.00690 0.00397 -0.00182 -0.02284 -0.01409 -0.10895
0.08847 0.12767 -0.14173 0.22563 0.06978 0.05152 -0.16330 -0.03137 -0.13345 -0.18329 -0.01165 0.04335 0.28814 0.05533 -0.17007 -0.00686 0.34418 0.07391 0.15857 -0.19187
0.05181 0.14173 0.30779 0.00317 0.02351 0.16631 0.06684 0.02549 0.02701 -0.08609 -0.02131 0.05158 -0.03216 -0.04078 0.08269 0.21088 -0.03729 -0.15467 0.02878 0.13441
-0.03410 -0.22563 -0.00317 0.00000 -0.06438 -0.06147 -0.11078 0.09672 0.02750 -0.02594 0.01507 -0.29872 0.08844 0.25257 0.19247 -0.30464 0.06917 -0.08125 0.12190 -0.19626
0.00693 -0.06978 -0.02351 0.06438 0.91117 -0.01100 0.09509 0.04722 0.02774 -0.02590 0.00721 -0.00111 -0.21254 0.08447 -0.07776 0.11680 -0.10568 0.08336 -0.08562 -0.10696
0.04752 -0.05152 -0.16631 0.06147 0.01100 0.00000 -0.09230 -0.00486 -0.13830 -0.12235 -0.02076 -0.02060 0.18283 -0.02379 -0.24287 -0.00604 0.08160 0.17134 -0.10207 0.20914
0.04341 0.16330 -0.06684 0.11078 -0.09509 0.09230 0.98396 -0.34055 -0.00888 0.00791 -0.01097 0.09717 0.15443 0.16902 -0.03151 0.16335 0.11941 -0.05028 -0.28538 -0.16529
0.00125 0.03137 -0.02549 -0.09672 -0.04722 0.00486 0.34055 0.00000 0.18430 0.05136 -0.00981 -0.08336 0.45948 0.00814 0.11380 0.19881 -0.23891 -0.02850 0.00891 -0.13939
-0.00122 0.13345 -0.02701 -0.02750 -0.02774 0.13830 0.00888 -0.18430 0.98610 0.07084 -0.02442 0.15761 0.04238 0.00918 -0.05273 0.14436 -0.08874 0.02076 -0.22583 -0.02012
0.03676 0.18329 0.08609 0.02594 0.02590 0.12235 -0.00791 -0.05136 -0.07084 0.00000 -0.02173 0.11350 0.18807 -0.29390 0.05644 -0.22560 0.08002 -0.03085 -0.12583 0.27752
-0.01596 0.01165 0.02131 -0.01507 -0.00721 0.02076 0.01097 0.00981 0.02442 0.02173 1.00630 0.02194 -0.00556 -0.02668 0.00277 0.01071 -0.02113 0.01723 -0.00744 0.02568
0.05867 -0.04335 -0.05158 0.29872 0.00111 0.02060 -0.09717 0.08336 -0.15761 -0.11350 -0.02194 0.43704 0.02252 0.01513 0.17214 -0.01829 -0.03245 0.11710 0.17721 -0.17408
0.04134 -0.28814 0.03216 -0.08844 0.21254 -0.18283 -0.15443 -0.45948 -0.04238 -0.18807 0.00556 -0.02252 0.70803 -0.25619 -0.04777 -0.00719 -0.11964 -0.02497 -0.07833 0.01055
-0.14912 -0.05533 0.04078 -0.25257 -0.08447 0.02379 -0.16902 -0.00814 -0.00918 0.29390 0.02668 -0.01513 0.25619 0.00000 0.03211 -0.07255 -0.07781 0.09035 -0.12512 -0.11305
0.00690 0.17007 -0.08269 -0.19247 0.07776 0.24287 0.03151 -0.11380 0.05273 -0.05644 -0.00277 -0.17214 0.04777 -0.03211 0.00000 -0.27097 -0.10355 -0.05682 -0.00067 0.14415
-0.00397 0.00686 -0.21088 0.30464 -0.11680 0.00604 -0.16335 -0.19881 -0.14436 0.22560 -0.01071 0.01829 0.00719 0.07255 0.27097 0.00000 0.18225 0.11653 0.03560 0.01489
0.00182 -0.34418 0.03729 -0.06917 0.10568 -0.08160 -0.11941 0.23891 0.08874 -0.08002 0.02113 0.03245 0.11964 0.07781 0.10355 -0.18225 0.84830 -0.19221 -0.41168 0.08908
0.02284 -0.07391 0.15467 0.08125 -0.08336 -0.17134 0.05028 0.02850 -0.02076 0.03085 -0.01723 -0.11710 0.02497 -0.09035 0.05682 -0.11653 0.19221 0.89897 -0.01683 -0.05312
0.01409 -0.15857 -0.02878 -0.12190 0.08562 0.10207 0.28538 -0.00891 0.22583 0.12583 0.00744 -0.17721 0.07833 0.12512 0.00067 -0.03560 0.41168 0.01683 0.10446 -0.06453
0.10895 0.19187 -0.13441 0.19626 0.10696 -0.20914 0.16529 0.13939 0.02012 -0.27752 -0.02568 0.17408 -0.01055 0.11305 -0.14415 -0.01489 -0.08908 0.05312 0.06453 0.00000
