0.99982 -0.04510 -0.03906 -0.01848 0.00480 -0.02842 -0.02143 0.06543 -0.00709 -0.04475 0.01159 -0.05147 -0.05723 0.08912 -0.00023 0.00193 -0.00839 -0.04452 0.05782 -0.03268
0.04510 0.00000 -0.08344 0.01205 0.05337 0.01043 -0.20729 0.07349 -0.02169 -0.25003 0.00767 -0.07674 0.15322 0.06724 -0.09598 0.05498 0.28505 0.09389 0.23286 -0.26356
0.03906 0.08344 0.21095 -0.02367 0.06718 0.12854 0.09393 0.10702 -0.02056 -0.14675 -0.01944 0.18620 -0.21573 0.29717 -0.09810 -0.05052 -0.10532 -0.08687 -0.19639 -0.09904
0.01848 -0.01205 0.02367 0.00000 -0.02385 -0.01504 -0.09403 -0.08984 0.00825 -0.05786 0.00120 -0.21168 0.05612 0.12819 0.19934 -0.43181 0.02088 -0.02157 -0.13208 0.00100
-0.00480 -0.05337 -0.06718 0.02385 0.93423 0.00391 0.13252 0.08819 0.00301 -0.07845 0.00218 -0.03295 -0.03359 0.05159 0.06246 -0.03788 0.03750 0.08684 -0.01404 0.03661
0.02842 -0.01043 -0.12854 0.01504 -0.00391 0.00000 -0.14862 0.06217 -0.01556 -0.22188 0.00611 -0.11022 0.23516 -0.12309 -0.30023 0.09501 0.14403 0.00885 -0.03897 0.23454
0.02143 0.20729 -0.09393 0.09403 -0.13252 0.14862 1.09519 -0.28797 -0.01248 -0.03118 0.00051 0.12110 0.12663 0.10951 -0.02240 0.04162 -0.01526 -0.09424 -0.22216 0.00024
-0.06543 -0.07349 -0.10702 0.08984 -0.08819 -0.06217 0.28797 0.00000 0.03790 0.14440 -0.01529 0.05103 0.35697 0.32272 -0.05465 0.10382 -0.31368 -0.01464 -0.02053 -0.04922
0.00709 0.02169 0.02056 -0.00825 -0.00301 0.01556 0.01248 -0.03790 1.00452 0.07168 -0.01876 0.03623 0.03344 -0.03508 -0.00659 -0.00360 -0.01642 0.08778 -0.05780 0.01478
0.04475 0.25003 0.14675 0.05786 0.07845 0.22188 0.03118 -0.14440 -0.07168 0.00000 -0.02234 0.25153 0.20266 -0.16466 -0.10342 -0.11134 0.01349 0.05202 -0.05251 0.15395
-0.01159 -0.00767 0.01944 -0.00120 -0.00218 -0.00611 -0.00051 0.01529 0.01876 0.02234 1.00397 0.00227 -0.00281 -0.01830 0.00467 0.00282 0.00370 0.00772 0.00795 0.00606
0.05147 0.07674 -0.18620 0.21168 0.03295 0.11022 -0.12110 -0.05103 -0.03623 -0.25153 -0.00227 0.36894 0.02469 0.13969 0.04977 -0.10546 -0.11339 0.04016 0.04597 -0.18702
0.05723 -0.15322 0.21573 -0.05612 0.03359 -0.23516 -0.12663 -0.35697 -0.03344 -0.20266 0.00281 -0.02469 0.57575 -0.16938 -0.00064 -0.07625 -0.06882 -0.02111 -0.00577 -0.17847
-0.08912 -0.06724 -0.29717 -0.12819 -0.05159 0.12309 -0.10951 -0.32272 0.03508 0.16466 0.01830 -0.13969 0.16938 0.00000 0.16038 -0.04515 -0.09719 0.11593 -0.23506 -0.09549
0.00023 0.09598 0.09810 -0.19934 -0.06246 0.30023 0.02240 0.05465 0.00659 0.10342 -0.00467 -0.04977 0.00064 -0.16038 0.00000 -0.28498 -0.26505 -0.10128 0.15972 -0.12062
-0.00193 -0.05498 0.05052 0.43181 0.03788 -0.09501 -0.04162 -0.10382 0.00360 0.11134 -0.00282 0.10546 0.07625 0.04515 0.28498 0.00000 0.22251 -0.04553 0.02003 -0.05412
0.00839 -0.28505 0.10532 -0.02088 -0.03750 -0.14403 0.01526 0.31368 0.01642 -0.01349 -0.00370 0.11339 0.06882 0.09719 0.26505 -0.22251 0.78800 -0.05317 -0.40700 0.08358
0.04452 -0.09389 0.08687 0.02157 -0.08684 -0.00885 0.09424 0.01464 -0.08778 -0.05202 -0.00772 -0.04016 0.02111 -0.11593 0.10128 0.04553 0.05317 0.97005 0.07203 0.04616
-0.05782 -0.23286 0.19639 0.13208 0.01404 0.03897 0.22216 0.02053 0.05780 0.05251 -0.00795 -0.04597 0.00577 0.23506 -0.15972 -0.02003 0.40700 -0.07203 0.00000 -0.17167
0.03268 0.26356 0.09904 -0.00100 -0.03661 -0.23454 -0.00024 0.04922 -0.01478 -0.15395 -0.00606 0.18702 0.17847 0.09549 0.12062 0.05412 -0.08358 -0.04616 0.17167 0.00000
