1.00056 -0.05533 -0.03881 -0.01953 0.00912 -0.02231 -0.02993 0.07085 -0.00778 -0.04359 0.00995 -0.05254 -0.06805 0.10441 -0.00741 0.00493 -0.01713 -0.04502 0.05622 -0.03091
0.05533 0.00000 -0.11573 -0.02060 0.02519 0.00245 -0.23926 0.06674 -0.02004 -0.25813 0.01207 -0.09881 0.14200 0.01879 -0.09316 0.10018 0.26580 0.05505 0.17191 -0.28661
0.03881 0.11573 0.18795 -0.02702 0.04684 0.07203 0.11691 0.04656 -0.01296 -0.18192 -0.02656 0.19620 -0.19370 0.31238 -0.08715 -0.11891 -0.08468 -0.09754 -0.19897 -0.11243
0.01953 0.02060 0.02702 0.00000 -0.02949 -0.08869 -0.06379 -0.06277 -0.00266 -0.03378 0.00004 -0.20197 0.04361 0.09107 0.12101 -0.42414 0.06783 -0.01772 -0.12767 0.02922
-0.00912 -0.02519 -0.04684 0.02949 0.90404 -0.02482 0.14664 0.08119 0.00564 -0.09232 0.00354 -0.01162 -0.03181 0.03961 0.04647 -0.04905 0.04204 0.08402 -0.00395 0.00738
0.02231 -0.00245 -0.07203 0.08869 0.02482 0.00000 -0.14574 0.11752 -0.03988 -0.21960 0.01326 -0.10571 0.22169 -0.16776 -0.34388 0.09528 0.14570 0.03856 -0.00385 0.20563
0.02993 0.23926 -0.11691 0.06379 -0.14664 0.14574 1.10463 -0.28440 -0.01355 -0.03913 0.00286 0.13776 0.15159 0.06787 0.01813 -0.01830 -0.04261 -0.08757 -0.26473 0.00690
-0.07085 -0.06674 -0.04656 0.06277 -0.08119 -0.11752 0.28440 0.00000 0.05566 0.14038 -0.01734 0.07983 0.36599 0.36787 -0.06845 0.08860 -0.31085 -0.01189 0.04701 -0.08079
0.00778 0.02004 0.01296 0.00266 -0.00564 0.03988 0.01355 -0.05566 1.00029 0.06139 -0.01432 0.02450 0.03713 -0.04453 0.01077 0.00943 -0.00880 0.08833 -0.04258 0.03480
0.04359 0.25813 0.18192 0.03378 0.09232 0.21960 0.03913 -0.14038 -0.06139 0.00000 -0.01938 0.27618 0.17632 -0.11178 -0.05683 -0.06945 0.04692 0.05579 -0.04625 0.14045
-0.00995 -0.01207 0.02656 -0.00004 -0.00354 -0.01326 -0.00286 0.01734 0.01432 0.01938 1.00317 0.00360 -0.00230 -0.02002 -0.00058 0.00216 0.00560 0.00249 0.00958 0.00168
0.05254 0.09881 -0.19620 0.20197 0.01162 0.10571 -0.13776 -0.07983 -0.02450 -0.27618 -0.00360 0.32685 0.03017 0.14862 0.02598 -0.07045 -0.11719 0.03738 0.01775 -0.18212
0.06805 -0.14200 0.19370 -0.04361 0.03181 -0.22169 -0.15159 -0.36599 -0.03713 -0.17632 0.00230 -0.03017 0.47650 -0.15828 0.04858 -0.00891 -0.08498 -0.01584 -0.08148 -0.14381
-0.10441 -0.01879 -0.31238 -0.09107 -0.03961 0.16776 -0.06787 -0.36787 0.04453 0.11178 0.02002 -0.14862 0.15828 0.00000 0.12824 0.01482 -0.08707 0.11808 -0.22212 -0.11543
0.00741 0.09316 0.08715 -0.12101 -0.04647 0.34388 -0.01813 0.06845 -0.01077 0.05683 0.00058 -0.02598 -0.04858 -0.12824 0.00000 -0.28163 -0.27657 -0.05262 0.09802 -0.06463
-0.00493 -0.10018 0.11891 0.42414 0.04905 -0.09528 0.01830 -0.08860 -0.00943 0.06945 -0.00216 0.07045 0.00891 -0.01482 0.28163 0.00000 0.21781 -0.01574 0.21008 -0.12574
0.01713 -0.26580 0.08468 -0.06783 -0.04204 -0.14570 0.04261 0.31085 0.00880 -0.04692 -0.00560 0.11719 0.08498 0.08707 0.27657 -0.21781 0.73374 -0.03576 -0.38786 0.05869
0.04502 -0.05505 0.09754 0.01772 -0.08402 -0.03856 0.08757 0.01189 -0.08833 -0.05579 -0.00249 -0.03738 0.01584 -0.11808 0.05262 0.01574 0.03576 0.97691 0.07221 0.00751
-0.05622 -0.17191 0.19897 0.12767 0.00395 0.00385 0.26473 -0.04701 0.04258 0.04625 -0.00958 -0.01775 0.08148 0.22212 -0.09802 -0.21008 0.38786 -0.07221 0.00000 -0.15138
0.03091 0.28661 0.11243 -0.02922 -0.00738 -0.20563 -0.00690 0.08079 -0.03480 -0.14045 -0.00168 0.18212 0.14381 0.11543 0.06463 0.12574 -0.05869 -0.00751 0.15138 0.00000
