0.99898 -0.02825 -0.04673 -0.01257 -0.00055 -0.00191 -0.02994 0.02550 -0.02282 -0.12518 0.01258 -0.04658 -0.05045 0.11427 -0.00333 -0.00506 -0.01314 -0.04770 0.01886 -0.03014
0.02825 0.00000 -0.10872 0.05351 0.01114 -0.01008 -0.12150 0.02907 -0.00715 -0.15797 0.00563 -0.11022 0.08800 -0.30940 0.01165 0.27675 0.20870 0.05090 -0.01574 -0.30724
0.04673 0.10872 0.00000 -0.01846 -0.04588 -0.06208 0.19054 0.03249 -0.04815 -0.05840 -0.04059 0.27423 0.02389 0.26548 -0.08904 -0.03698 0.10203 -0.13135 -0.26453 -0.15897
0.01257 -0.05351 0.01846 0.00000 -0.00506 -0.20755 -0.05963 -0.11022 -0.00273 0.06895 0.00158 -0.24554 -0.06761 0.06816 0.01873 -0.19416 0.28483 -0.00445 -0.12444 0.08661
0.00055 -0.01114 0.04588 0.00506 0.91533 -0.02107 0.11505 0.04981 0.02061 -0.02506 0.00174 -0.02500 -0.02525 -0.03800 0.02428 -0.04497 0.03392 0.04848 0.03126 0.01535
0.00191 0.01008 0.06208 0.20755 0.02107 0.00000 -0.06139 0.25387 -0.00508 -0.09357 0.00079 0.15084 0.10636 -0.09592 -0.24028 -0.02918 0.29350 -0.00879 0.04290 0.05347
0.02994 0.12150 -0.19054 0.05963 -0.11505 0.06139 1.09792 -0.13198 -0.00564 0.23195 -0.00174 0.13452 0.10647 -0.13931 -0.04542 0.04414 -0.00683 -0.11456 -0.09317 0.00880
-0.02550 -0.02907 -0.03249 0.11022 -0.04981 -0.25387 0.13198 0.00000 0.00784 -0.00660 -0.00013 0.13761 0.34351 0.30755 0.02473 0.11051 -0.27057 0.01597 -0.07084 0.02380
0.02282 0.00715 0.04815 0.00273 -0.02061 0.00508 0.00564 -0.00784 1.00138 0.07552 -0.01658 0.02080 0.01771 -0.05666 -0.00199 -0.00866 0.00568 0.06388 -0.01380 0.01634
0.12518 0.15797 0.05840 -0.06895 0.02506 0.09357 -0.23195 0.00660 -0.07552 0.00000 -0.01189 0.17403 -0.04651 -0.12055 -0.13330 -0.09494 -0.08428 -0.01914 0.10480 -0.06992
-0.01258 -0.00563 0.04059 -0.00158 -0.00174 -0.00079 0.00174 0.00013 0.01658 0.01189 1.00381 0.00330 0.00323 -0.01313 0.00169 -0.00109 0.00312 0.01512 0.00059 0.00784
0.04658 0.11022 -0.27423 0.24554 0.02500 -0.15084 -0.13452 -0.13761 -0.02080 -0.17403 -0.00330 0.00000 0.05485 -0.15710 -0.01849 -0.06278 -0.15024 0.02593 -0.03680 -0.25011
0.05045 -0.08800 -0.02389 0.06761 0.02525 -0.10636 -0.10647 -0.34351 -0.01771 0.04651 -0.00323 -0.05485 0.00000 -0.05615 0.05040 0.14143 -0.01817 0.02907 -0.04078 -0.15723
-0.11427 0.30940 -0.26548 -0.06816 0.03800 0.09592 0.13931 -0.30755 0.05666 0.12055 0.01313 0.15710 0.05615 0.00000 -0.03086 -0.04480 -0.02456 0.05174 -0.12376 -0.17709
0.00333 -0.01165 0.08904 -0.01873 -0.02428 0.24028 0.04542 -0.02473 0.00199 0.13330 -0.00169 0.01849 -0.05040 0.03086 0.00000 -0.07228 -0.30745 0.00448 -0.10568 0.00368
0.00506 -0.27675 0.03698 0.19416 0.04497 0.02918 -0.04414 -0.11051 0.00866 0.09494 0.00109 0.06278 -0.14143 0.04480 0.07228 0.00000 -0.08968 -0.01647 0.15828 -0.14584
0.01314 -0.20870 -0.10203 -0.28483 -0.03392 -0.29350 0.00683 0.27057 -0.00568 0.08428 -0.00312 0.15024 0.01817 0.02456 0.30745 0.08968 0.21263 -0.02169 -0.17650 -0.11327
0.04770 -0.05090 0.13135 0.00445 -0.04848 0.00879 0.11456 -0.01597 -0.06388 0.01914 -0.01512 -0.02593 -0.02907 -0.05174 -0.00448 0.01647 0.02169 0.94087 0.03525 0.00576
-0.01886 0.01574 0.26453 0.12444 -0.03126 -0.04290 0.09317 0.07084 0.01380 -0.10480 -0.00059 0.03680 0.04078 0.12376 0.10568 -0.15828 0.17650 -0.03525 0.00000 -0.12478
0.03014 0.30724 0.15897 -0.08661 -0.01535 -0.05347 -0.00880 -0.02380 -0.01634 0.06992 -0.00784 0.25011 0.15723 0.17709 -0.00368 0.14584 0.11327 -0.00576 0.12478 0.00000
