0.90299 -0.07330 -0.03019 -0.00922 0.09612 -0.06664 0.03868 0.06959 -0.06854 -0.03847 0.01386 -0.04744 -0.06775 -0.02596 -0.04605 -0.04960 0.01640 -0.03120 0.05080 0.00928
0.07330 0.55088 -0.05131 -0.04639 -0.00705 -0.00352 -0.08128 -0.06262 -0.01567 -0.11695 -0.00630 0.02580 0.07541 -0.02493 -0.02956 -0.00302 -0.03098 0.01645 0.07452 0.04259
0.03019 0.05131 0.49931 0.01114 -0.02544 0.01370 -0.01503 -0.02547 0.00365 -0.00128 -0.02142 0.04422 0.06102 -0.00269 0.04784 0.09574 0.01805 -0.00842 -0.01345 0.00012
0.00922 0.04639 -0.01114 0.00000 -0.02528 0.04883 -0.00536 -0.02923 0.01960 0.00075 -0.00942 0.04176 0.04709 0.01356 0.04188 0.04204 0.04540 -0.01236 -0.03221 0.00180
-0.09612 0.00705 0.02544 0.02528 0.63018 0.00205 0.07410 0.05765 0.01318 0.02269 0.00917 -0.00965 -0.03324 0.01085 -0.00602 -0.01487 0.09260 0.01517 -0.03425 0.00302
0.06664 0.00352 -0.01370 -0.04883 -0.00205 0.49250 -0.04395 -0.06045 -0.02266 -0.04226 -0.00175 0.02132 0.05251 0.00737 0.01736 0.00513 0.05111 0.00355 0.08182 0.04034
-0.03868 0.08128 0.01503 0.00536 -0.07410 0.04395 0.79665 -0.05472 0.07598 0.06002 -0.00148 0.07999 0.11388 0.06841 0.07833 0.04344 0.00584 0.00615 -0.08955 -0.07244
-0.06959 0.06262 0.02547 0.02923 -0.05765 0.06045 0.05472 0.00000 0.03938 0.06603 -0.00425 0.02868 0.06510 0.07262 0.05979 -0.00243 -0.02834 -0.01049 -0.07877 -0.11041
0.06854 0.01567 -0.00365 -0.01960 -0.01318 0.02266 -0.07598 -0.03938 0.74570 0.01736 -0.00669 0.08121 0.02924 0.01059 0.01010 0.01113 -0.08548 0.01126 0.01125 -0.02025
0.03847 0.11695 0.00128 -0.00075 -0.02269 0.04226 -0.06002 -0.06603 -0.01736 0.18770 -0.01078 0.11557 0.08010 0.00102 0.03530 0.03129 -0.05160 0.00477 -0.01318 -0.00550
-0.01386 0.00630 0.02142 0.00942 -0.00917 0.00175 0.00148 0.00425 0.00669 0.01078 1.00240 0.00330 -0.00397 -0.00188 -0.00227 -0.00225 0.00125 0.01127 -0.00728 -0.00610
0.04744 -0.02580 -0.04422 -0.04176 0.00965 -0.02132 -0.07999 -0.02868 -0.08121 -0.11557 -0.00330 0.58292 0.01361 -0.02713 0.02500 -0.02132 -0.02365 -0.02241 0.11644 0.04639
0.06775 -0.07541 -0.06102 -0.04709 0.03324 -0.05251 -0.11388 -0.06510 -0.02924 -0.08010 0.00397 -0.01361 0.50447 -0.03583 -0.06522 0.01545 -0.05865 0.02444 0.09425 0.06587
0.02596 0.02493 0.00269 -0.01356 -0.01085 -0.00737 -0.06841 -0.07262 -0.01059 -0.00102 0.00188 0.02713 0.03583 0.26407 -0.03551 0.04475 -0.05379 0.02488 0.01713 -0.00112
0.04605 0.02956 -0.04784 -0.04188 0.00602 -0.01736 -0.07833 -0.05979 -0.01010 -0.03530 0.00227 -0.02500 0.06522 0.03551 0.36213 -0.04553 0.00964 0.00427 0.10461 0.02360
0.04960 0.00302 -0.09574 -0.04204 0.01487 -0.00513 -0.04344 0.00243 -0.01113 -0.03129 0.00225 0.02132 -0.01545 -0.04475 0.04553 0.32461 0.04634 -0.02285 0.03303 0.03430
-0.01640 0.03098 -0.01805 -0.04540 -0.09260 -0.05111 -0.00584 0.02834 0.08548 0.05160 -0.00125 0.02365 0.05865 0.05379 -0.00964 -0.04634 0.79301 -0.00646 -0.09236 -0.03146
0.03120 -0.01645 0.00842 0.01236 -0.01517 -0.00355 -0.00615 0.01049 -0.01126 -0.00477 -0.01127 0.02241 -0.02444 -0.02488 -0.00427 0.02285 0.00646 0.80252 -0.00472 0.00574
-0.05080 -0.07452 0.01345 0.03221 0.03425 -0.08182 0.08955 0.07877 -0.01125 0.01318 0.00728 -0.11644 -0.09425 -0.01713 -0.10461 -0.03303 0.09236 0.00472 0.47011 0.00819
-0.00928 -0.04259 -0.00012 -0.00180 -0.00302 -0.04034 0.07244 0.11041 0.02025 0.00550 0.00610 -0.04639 -0.06587 0.00112 -0.02360 -0.03430 0.03146 -0.00574 -0.00819 0.01022
