1.01204 -0.04607 -0.05015 -0.00980 0.06178 -0.01836 0.00500 0.02501 -0.04887 -0.03480 0.01364 -0.04166 -0.04307 -0.00707 -0.02049 -0.01685 0.00791 -0.03167 0.04157 0.02990
0.04607 0.54068 -0.05108 -0.04733 -0.01059 0.03356 -0.07880 -0.09108 -0.00974 -0.16826 -0.00973 0.06633 0.12011 -0.03015 0.00969 0.00993 -0.03718 0.02205 0.06375 0.05803
0.05015 0.05108 0.49341 0.00948 -0.02236 0.01577 0.00462 -0.01353 0.00579 -0.00432 -0.02088 0.04217 0.07006 0.00169 0.05495 0.08489 0.02755 -0.02834 -0.02126 0.00070
0.00980 0.04733 -0.00948 0.00000 -0.02835 0.04899 -0.01894 -0.02079 0.02098 0.00125 -0.01015 0.04308 0.04575 0.01488 0.03629 0.04329 0.03818 -0.01074 -0.02976 -0.00189
-0.06178 0.01059 0.02236 0.02835 0.63958 -0.01259 0.05664 0.08380 0.00538 0.03755 0.01343 -0.01048 -0.06032 0.00544 -0.02550 -0.01272 0.08110 0.01566 0.00326 -0.00330
0.01836 -0.03356 -0.01577 -0.04899 0.01259 0.49881 -0.03498 -0.05198 -0.01856 -0.07017 -0.00269 0.00514 0.04935 0.00732 0.01616 0.00168 0.04812 0.02083 0.07054 0.04163
-0.00500 0.07880 -0.00462 0.01894 -0.05664 0.03498 0.77334 -0.04925 0.06066 0.05626 -0.00268 0.08394 0.11468 0.06633 0.07410 0.05265 0.00889 -0.01040 -0.09783 -0.06882
-0.02501 0.09108 0.01353 0.02079 -0.08380 0.05198 0.04925 0.00000 0.04511 0.08998 -0.00654 0.02726 0.14706 0.11186 0.06335 0.02287 -0.01794 -0.02792 -0.08818 -0.11856
0.04887 0.00974 -0.00579 -0.02098 -0.00538 0.01856 -0.06066 -0.04511 0.75300 0.00993 -0.01181 0.07867 0.04899 0.02102 0.01386 0.00412 -0.07977 0.00565 -0.02511 -0.02072
0.03480 0.16826 0.00432 -0.00125 -0.03755 0.07017 -0.05626 -0.08998 -0.00993 0.19533 -0.01396 0.14528 0.12418 0.00645 0.06905 0.03135 -0.04116 -0.00276 -0.05725 0.01156
-0.01364 0.00973 0.02088 0.01015 -0.01343 0.00269 0.00268 0.00654 0.01181 0.01396 1.00386 0.00489 0.00000 -0.00268 0.00101 0.00016 0.00291 0.01389 -0.00833 -0.00320
0.04166 -0.06633 -0.04217 -0.04308 0.01048 -0.00514 -0.08394 -0.02726 -0.07867 -0.14528 -0.00489 0.58156 -0.00405 -0.03696 0.01757 -0.01742 -0.04211 -0.01497 0.14443 0.04385
0.04307 -0.12011 -0.07006 -0.04575 0.06032 -0.04935 -0.11468 -0.14706 -0.04899 -0.12418 -0.00000 0.00405 0.51865 -0.10027 -0.05040 0.04333 -0.07204 0.02731 0.10363 0.10515
0.00707 0.03015 -0.00169 -0.01488 -0.00544 -0.00732 -0.06633 -0.11186 -0.02102 -0.00645 0.00268 0.03696 0.10027 0.25218 -0.01076 0.05621 -0.05014 0.01985 0.00514 0.01543
0.02049 -0.00969 -0.05495 -0.03629 0.02550 -0.01616 -0.07410 -0.06335 -0.01386 -0.06905 -0.00101 -0.01757 0.05040 0.01076 0.36444 -0.03119 -0.00308 0.00991 0.11288 0.04905
0.01685 -0.00993 -0.08489 -0.04329 0.01272 -0.00168 -0.05265 -0.02287 -0.00412 -0.03135 -0.00016 0.01742 -0.04333 -0.05621 0.03119 0.28909 0.03594 -0.00431 0.04986 0.03508
-0.00791 0.03718 -0.02755 -0.03818 -0.08110 -0.04812 -0.00889 0.01794 0.07977 0.04116 -0.00291 0.04211 0.07204 0.05014 0.00308 -0.03594 0.79412 -0.01701 -0.09894 -0.02404
0.03167 -0.02205 0.02834 0.01074 -0.01566 -0.02083 0.01040 0.02792 -0.00565 0.00276 -0.01389 0.01497 -0.02731 -0.01985 -0.00991 0.00431 0.01701 0.81451 -0.01407 0.00008
-0.04157 -0.06375 0.02126 0.02976 -0.00326 -0.07054 0.09783 0.08818 0.02511 0.05725 0.00833 -0.14443 -0.10363 -0.00514 -0.11288 -0.04986 0.09894 0.01407 0.47643 -0.01338
-0.02990 -0.05803 -0.00070 0.00189 0.00330 -0.04163 0.06882 0.11856 0.02072 -0.01156 0.00320 -0.04385 -0.10515 -0.01543 -0.04905 -0.03508 0.02404 -0.00008 0.01338 0.00000
