1.00614 -0.03892 -0.04186 -0.01537 0.00141 -0.02547 -0.02595 0.05334 -0.00435 -0.04801 0.01318 -0.05408 -0.05299 0.08657 -0.00137 -0.00275 -0.01231 -0.04140 0.05897 -0.03018
0.03892 0.00000 -0.07690 0.07052 0.04667 0.04891 -0.18158 -0.01451 -0.01286 -0.27715 0.00259 -0.03905 0.18357 0.09622 -0.06009 0.03872 0.31086 0.07650 0.21269 -0.21121
0.04186 0.07690 0.21878 -0.02683 0.07036 0.15405 0.08577 0.15867 -0.01830 -0.12808 -0.01837 0.17519 -0.21779 0.24969 -0.09785 0.00670 -0.12446 -0.09219 -0.17505 -0.07511
0.01537 -0.07052 0.02683 0.00000 -0.02870 0.02343 -0.10523 -0.07066 0.00870 -0.03041 0.00143 -0.22296 0.07078 0.15249 0.22219 -0.41707 -0.00023 -0.02426 -0.13051 -0.00923
-0.00141 -0.04667 -0.07036 0.02870 0.89963 -0.00790 0.11463 0.09314 0.00873 -0.06346 0.00102 -0.03259 -0.05396 0.07194 0.04107 -0.05716 0.02788 0.10770 -0.04817 0.03134
0.02547 -0.04891 -0.15405 -0.02343 0.00790 0.00000 -0.13151 0.09563 -0.01287 -0.21631 0.00127 -0.13503 0.22049 -0.09357 -0.29129 0.10294 0.14492 -0.00359 -0.02049 0.24596
0.02595 0.18158 -0.08577 0.10523 -0.11463 0.13151 1.07590 -0.27599 0.00409 -0.04044 -0.00229 0.11176 0.11606 0.13501 -0.06061 0.06882 0.01189 -0.09139 -0.20755 -0.03069
-0.05334 0.01451 -0.15867 0.07066 -0.09314 -0.09563 0.27599 0.00000 0.02457 0.14955 -0.00811 0.03264 0.39677 0.28543 -0.07713 0.11698 -0.31778 0.01796 -0.05841 -0.10612
0.00435 0.01286 0.01830 -0.00870 -0.00873 0.01287 -0.00409 -0.02457 0.99891 0.07026 -0.02006 0.03601 0.02700 -0.03682 -0.00722 -0.01711 -0.02088 0.08593 -0.05596 0.00960
0.04801 0.27715 0.12808 0.03041 0.06346 0.21631 0.04044 -0.14955 -0.07026 0.00000 -0.01772 0.23336 0.19133 -0.20506 -0.14074 -0.14454 0.01325 0.03932 -0.02720 0.17099
-0.01318 -0.00259 0.01837 -0.00143 -0.00102 -0.00127 0.00229 0.00811 0.02006 0.01772 1.00437 0.00403 0.00148 -0.02061 0.00858 0.00296 0.00165 0.01244 0.00347 0.01068
0.05408 0.03905 -0.17519 0.22296 0.03259 0.13503 -0.11176 -0.03264 -0.03601 -0.23336 -0.00403 0.38175 0.02025 0.13457 0.07700 -0.08221 -0.11572 0.01770 0.06758 -0.16405
0.05299 -0.18357 0.21779 -0.07078 0.05396 -0.22049 -0.11606 -0.39677 -0.02700 -0.19133 -0.00148 -0.02025 0.57221 -0.17708 -0.04490 -0.10252 -0.06606 -0.02853 -0.01861 -0.16498
-0.08657 -0.09622 -0.24969 -0.15249 -0.07194 0.09357 -0.13501 -0.28543 0.03682 0.20506 0.02061 -0.13457 0.17708 0.00000 0.18695 -0.04225 -0.09892 0.09669 -0.20845 -0.09971
0.00137 0.06009 0.09785 -0.22219 -0.04107 0.29129 0.06061 0.07713 0.00722 0.14074 -0.00858 -0.07700 0.04490 -0.18695 0.00000 -0.28553 -0.25441 -0.08824 0.19599 -0.11842
0.00275 -0.03872 -0.00670 0.41707 0.05716 -0.10294 -0.06882 -0.11698 0.01711 0.14454 -0.00296 0.08221 0.10252 0.04225 0.28553 0.00000 0.21304 -0.03743 -0.02100 -0.03527
0.01231 -0.31086 0.12446 0.00023 -0.02788 -0.14492 -0.01189 0.31778 0.02088 -0.01325 -0.00165 0.11572 0.06606 0.09892 0.25441 -0.21304 0.81977 -0.06785 -0.43036 0.08272
0.04140 -0.07650 0.09219 0.02426 -0.10770 0.00359 0.09139 -0.01796 -0.08593 -0.03932 -0.01244 -0.01770 0.02853 -0.09669 0.08824 0.03743 0.06785 0.97138 0.02549 0.03879
-0.05897 -0.21269 0.17505 0.13051 0.04817 0.02049 0.20755 0.05841 0.05596 0.02720 -0.00347 -0.06758 0.01861 0.20845 -0.19599 0.02100 0.43036 -0.02549 0.00000 -0.19698
0.03018 0.21121 0.07511 0.00923 -0.03134 -0.24596 0.03069 0.10612 -0.00960 -0.17099 -0.01068 0.16405 0.16498 0.09971 0.11842 0.03527 -0.08272 -0.03879 0.19698 0.00000
