1.05393 -0.09542 -0.06723 -0.05290 0.02439 -0.00988 0.01089 -0.00840 -0.00858 -0.08657 0.01280 -0.06549 -0.05238 0.10115 -0.03385 0.02498 -0.02375 -0.03436 0.00079 -0.06162
0.09542 0.48167 -0.06426 -0.05741 0.05483 0.02392 -0.02713 -0.06841 -0.04862 -0.28731 -0.00522 0.03024 0.18341 -0.06045 0.00582 -0.04653 0.00116 0.00546 0.03329 0.11739
0.06723 0.06426 0.45490 0.01874 -0.00418 0.02540 0.03027 0.00168 -0.00087 -0.01297 -0.01669 0.03112 0.06706 -0.01159 0.04975 0.05374 0.04120 -0.06339 -0.00863 0.01463
0.05290 0.05741 -0.01874 0.00000 -0.01035 0.04963 -0.01796 0.02401 -0.00008 -0.00944 -0.00711 0.02730 0.04885 0.03431 0.02283 0.00611 0.04438 -0.03291 -0.04194 0.00150
-0.02439 -0.05483 0.00418 0.01035 0.71427 -0.02241 0.03122 0.12361 0.01125 0.02222 0.01646 -0.04566 -0.12965 0.05881 -0.05193 0.01284 0.02590 0.01327 0.02056 -0.04557
0.00988 -0.02392 -0.02540 -0.04963 0.02241 0.52576 -0.01889 -0.05095 -0.04630 -0.01334 -0.00242 -0.04873 0.05533 0.02899 -0.01838 0.03209 0.08059 0.04182 0.06914 -0.01030
-0.01089 0.02713 -0.03027 0.01796 -0.03122 0.01889 0.91402 -0.01707 0.03599 0.06102 0.00245 0.05388 0.05722 0.14557 0.04561 0.08691 0.01883 -0.04177 -0.12285 -0.13391
0.00840 0.06841 -0.00168 -0.02401 -0.12361 0.05095 0.01707 0.00000 0.05831 0.15019 -0.00343 0.03696 0.30456 0.12568 0.05884 0.05816 -0.01477 -0.01918 -0.04914 -0.21143
0.00858 0.04862 0.00087 0.00008 -0.01125 0.04630 -0.03599 -0.05831 0.86637 0.07252 -0.01660 0.10834 0.09482 0.00868 0.04246 0.01423 -0.06951 0.00115 -0.09582 -0.03196
0.08657 0.28731 0.01297 0.00944 -0.02222 0.01334 -0.06102 -0.15019 -0.07252 0.07200 -0.01354 0.16864 0.17529 -0.10474 0.04973 -0.07175 0.01792 -0.02802 0.03154 0.15492
-0.01280 0.00522 0.01669 0.00711 -0.01646 0.00242 -0.00245 0.00343 0.01660 0.01354 1.00456 0.00246 -0.00772 0.00087 0.00099 0.00879 -0.00070 0.01543 0.00183 -0.00530
0.06549 -0.03024 -0.03112 -0.02730 0.04566 0.04873 -0.05388 -0.03696 -0.10834 -0.16864 -0.00246 0.60288 0.00143 -0.07673 0.02003 -0.03087 -0.04040 -0.01737 0.13219 0.08304
0.05238 -0.18341 -0.06706 -0.04885 0.12965 -0.05533 -0.05722 -0.30456 -0.09482 -0.17529 0.00772 -0.00143 0.62548 -0.14527 -0.07896 0.04772 -0.06541 0.02443 0.03660 0.12371
-0.10115 0.06045 0.01159 -0.03431 -0.05881 -0.02899 -0.14557 -0.12568 -0.00868 0.10474 -0.00087 0.07673 0.14527 0.26046 0.00049 0.10003 -0.06073 0.03953 0.03834 -0.05593
0.03385 -0.00582 -0.04975 -0.02283 0.05193 0.01838 -0.04561 -0.05884 -0.04246 -0.04973 -0.00099 -0.02003 0.07896 -0.00049 0.36120 -0.03283 -0.00628 0.01077 0.03860 0.04022
-0.02498 0.04653 -0.05374 -0.00611 -0.01284 -0.03209 -0.08691 -0.05816 -0.01423 0.07175 -0.00879 0.03087 -0.04772 -0.10003 0.03283 0.23737 0.04902 0.01081 0.06738 0.04063
0.02375 -0.00116 -0.04120 -0.04438 -0.02590 -0.08059 -0.01883 0.01477 0.06951 -0.01792 0.00070 0.04040 0.06541 0.06073 0.00628 -0.04902 0.81948 -0.05021 -0.15514 -0.02302
0.03436 -0.00546 0.06339 0.03291 -0.01327 -0.04182 0.04177 0.01918 -0.00115 0.02802 -0.01543 0.01737 -0.02443 -0.03953 -0.01077 -0.01081 0.05021 0.85167 -0.03665 0.00255
-0.00079 -0.03329 0.00863 0.04194 -0.02056 -0.06914 0.12285 0.04914 0.09582 -0.03154 -0.00183 -0.13219 -0.03660 -0.03834 -0.03860 -0.06738 0.15514 0.03665 0.56166 0.07628
0.06162 -0.11739 -0.01463 -0.00150 0.04557 0.01030 0.13391 0.21143 0.03196 -0.15492 0.00530 -0.08304 -0.12371 0.05593 -0.04022 -0.04063 0.02302 -0.00255 -0.07628 0.00000
