0.99766 -0.02452 -0.03762 -0.01296 0.00265 -0.00379 -0.01053 0.02902 -0.02359 -0.11691 0.00908 -0.05216 -0.04251 0.11158 0.00139 -0.00495 -0.01891 -0.04888 0.02682 -0.02849
0.02452 0.00000 -0.12901 0.02581 0.01422 0.01800 -0.16948 0.04815 -0.01383 -0.25089 0.00406 -0.15542 0.13863 -0.29062 0.00918 0.25933 0.19361 0.02343 -0.00273 -0.30419
0.03762 0.12901 0.06466 -0.00746 -0.03775 -0.02389 0.18371 0.02649 -0.03446 -0.09097 -0.03535 0.27424 -0.04391 0.27295 -0.06266 -0.06777 0.07213 -0.12852 -0.27641 -0.16235
0.01296 -0.02581 0.00746 0.00000 -0.03526 -0.19975 -0.06368 -0.01316 -0.00704 0.11539 0.00145 -0.20027 -0.01508 0.09964 0.07633 -0.25640 0.26064 0.00890 -0.11676 0.08198
-0.00265 -0.01422 0.03775 0.03526 0.90279 -0.00117 0.13481 0.01825 0.01642 -0.02185 0.00309 -0.00998 -0.00894 -0.04284 0.02728 -0.02442 0.06331 0.05786 0.01121 0.03003
0.00379 -0.01800 0.02389 0.19975 0.00117 0.00000 -0.05271 0.27571 -0.00171 -0.06348 0.00587 0.12772 0.12107 -0.06409 -0.29479 0.01403 0.30186 0.00353 0.02095 0.04612
0.01053 0.16948 -0.18371 0.06368 -0.13481 0.05271 1.04725 -0.13631 -0.01477 0.20518 0.00328 0.19068 0.14559 -0.14262 -0.04129 0.01833 -0.02268 -0.12666 -0.15161 -0.02495
-0.02902 -0.04815 -0.02649 0.01316 -0.01825 -0.27571 0.13631 0.00000 0.01209 0.02124 -0.00447 0.07111 0.38984 0.29714 0.00440 0.08460 -0.35217 0.00074 0.02201 0.00277
0.02359 0.01383 0.03446 0.00704 -0.01642 0.00171 0.01477 -0.01209 1.00480 0.08295 -0.01571 0.02775 0.02567 -0.07273 -0.00650 -0.01881 0.00629 0.06980 -0.00819 0.01168
0.11691 0.25089 0.09097 -0.11539 0.02185 0.06348 -0.20518 -0.02124 -0.08295 0.00000 -0.01322 0.18068 0.00117 -0.04414 -0.17139 -0.11825 -0.06849 -0.00664 0.06244 -0.05548
-0.00908 -0.00406 0.03535 -0.00145 -0.00309 -0.00587 -0.00328 0.00447 0.01571 0.01322 1.00346 -0.00012 -0.00279 -0.01104 -0.00451 0.00236 0.00736 0.01464 0.00631 0.00309
0.05216 0.15542 -0.27424 0.20027 0.00998 -0.12772 -0.19068 -0.07111 -0.02775 -0.18068 0.00012 0.00000 0.03484 -0.05861 -0.01738 -0.08536 -0.18300 0.02947 -0.01909 -0.23690
0.04251 -0.13863 0.04391 0.01508 0.00894 -0.12107 -0.14559 -0.38984 -0.02567 -0.00117 0.00279 -0.03484 0.00000 -0.07343 0.07705 0.08656 0.00685 0.02129 -0.06579 -0.12215
-0.11158 0.29062 -0.27295 -0.09964 0.04284 0.06409 0.14262 -0.29714 0.07273 0.04414 0.01104 0.05861 0.07343 0.00000 -0.04304 -0.09174 0.00693 0.05987 -0.10543 -0.16785
-0.00139 -0.00918 0.06266 -0.07633 -0.02728 0.29479 0.04129 -0.00440 0.00650 0.17139 0.00451 0.01738 -0.07705 0.04304 0.00000 -0.08143 -0.30665 0.01552 -0.09789 -0.01300
0.00495 -0.25933 0.06777 0.25640 0.02442 -0.01403 -0.01833 -0.08460 0.01881 0.11825 -0.00236 0.08536 -0.08656 0.09174 0.08143 0.00000 -0.00066 -0.02337 0.19642 -0.17681
0.01891 -0.19361 -0.07213 -0.26064 -0.06331 -0.30186 0.02268 0.35217 -0.00629 0.06849 -0.00736 0.18300 -0.00685 -0.00693 0.30665 0.00066 0.30285 0.00184 -0.23679 -0.13921
0.04888 -0.02343 0.12852 -0.00890 -0.05786 -0.00353 0.12666 -0.00074 -0.06980 0.00664 -0.01464 -0.02947 -0.02129 -0.05987 -0.01552 0.02337 -0.00184 0.93463 0.05590 -0.02178
-0.02682 0.00273 0.27641 0.11676 -0.01121 -0.02095 0.15161 -0.02201 0.00819 -0.06244 -0.00631 0.01909 0.06579 0.10543 0.09789 -0.19642 0.23679 -0.05590 0.00000 -0.13123
0.02849 0.30419 0.16235 -0.08198 -0.03003 -0.04612 0.02495 -0.00277 -0.01168 0.05548 -0.00309 0.23690 0.12215 0.16785 0.01300 0.17681 0.13921 0.02178 0.13123 0.00000
