1.03632 -0.05936 -0.06119 -0.03259 0.04174 -0.00592 0.00290 0.00738 -0.02524 -0.06111 0.01001 -0.03976 -0.02474 0.03747 -0.01220 0.00226 -0.00731 -0.03715 0.02218 -0.00010
0.05936 0.52297 -0.05493 -0.04435 0.00531 0.03600 -0.06496 -0.07987 -0.02601 -0.21317 -0.00952 0.07956 0.16051 -0.03575 0.02603 0.00490 -0.02527 0.01343 0.02814 0.07532
0.06119 0.05493 0.47841 0.01588 -0.01888 0.02091 0.01298 -0.00156 0.00480 -0.00743 -0.01799 0.03913 0.07152 0.00092 0.05542 0.07771 0.03284 -0.04049 -0.02141 0.00394
0.03259 0.04435 -0.01588 0.00000 -0.01972 0.04733 -0.02841 0.00801 0.01178 -0.00567 -0.00716 0.03534 0.04480 0.02704 0.02674 0.03340 0.03633 -0.02199 -0.03744 -0.00295
-0.04174 -0.00531 0.01888 0.01972 0.66013 -0.02106 0.03353 0.11124 0.00596 0.04424 0.01769 -0.02514 -0.09434 0.01480 -0.04133 -0.01351 0.05204 0.01930 0.03448 -0.01379
0.00592 -0.03600 -0.02091 -0.04733 0.02106 0.51854 -0.02674 -0.01001 -0.02033 -0.05773 -0.00281 -0.02724 0.03392 0.02180 -0.01057 0.00558 0.05948 0.02912 0.05594 0.02844
-0.00290 0.06496 -0.01298 0.02841 -0.03353 0.02674 0.78744 0.00121 0.04621 0.05907 0.00138 0.07242 0.08839 0.07710 0.06084 0.05265 0.01547 -0.02371 -0.10446 -0.07615
-0.00738 0.07987 0.00156 -0.00801 -0.11124 0.01001 -0.00121 0.00000 0.05236 0.10307 -0.00772 0.03927 0.21833 0.13065 0.04942 0.03354 -0.03903 -0.03421 -0.06031 -0.16618
0.02524 0.02601 -0.00480 -0.01178 -0.00596 0.02033 -0.04621 -0.05236 0.78146 0.02865 -0.01648 0.08999 0.07599 0.01776 0.02281 0.00362 -0.06678 0.00226 -0.05805 -0.02235
0.06111 0.21317 0.00743 0.00567 -0.04424 0.05773 -0.05907 -0.10307 -0.02865 0.18175 -0.01526 0.17811 0.15966 -0.01281 0.08274 0.01454 -0.02301 -0.01522 -0.06119 0.03508
-0.01001 0.00952 0.01799 0.00716 -0.01769 0.00281 -0.00138 0.00772 0.01648 0.01526 1.00372 0.00339 -0.00547 0.00174 -0.00092 0.00236 -0.00070 0.01495 -0.00356 -0.00689
0.03976 -0.07956 -0.03913 -0.03534 0.02514 0.02724 -0.07242 -0.03927 -0.08999 -0.17811 -0.00339 0.58001 -0.00161 -0.04870 0.02558 -0.01009 -0.04550 -0.01480 0.12346 0.06359
0.02474 -0.16051 -0.07152 -0.04480 0.09434 -0.03392 -0.08839 -0.21833 -0.07599 -0.15966 0.00547 0.00161 0.56319 -0.12550 -0.04392 0.06249 -0.07157 0.02671 0.07818 0.13795
-0.03747 0.03575 -0.00092 -0.02704 -0.01480 -0.02180 -0.07710 -0.13065 -0.01776 0.01281 -0.00174 0.04870 0.12550 0.24918 -0.01166 0.06082 -0.05029 0.02312 0.01353 -0.00490
0.01220 -0.02603 -0.05542 -0.02674 0.04133 0.01057 -0.06084 -0.04942 -0.02281 -0.08274 0.00092 -0.02558 0.04392 0.01166 0.37063 -0.01846 -0.00546 0.01130 0.07846 0.05726
-0.00226 -0.00490 -0.07771 -0.03340 0.01351 -0.00558 -0.05265 -0.03354 -0.00362 -0.01454 -0.00236 0.01009 -0.06249 -0.06082 0.01846 0.26102 0.04050 0.00031 0.04953 0.03724
0.00731 0.02527 -0.03284 -0.03633 -0.05204 -0.05948 -0.01547 0.03903 0.06678 0.02301 0.00070 0.04550 0.07157 0.05029 0.00546 -0.04050 0.80008 -0.03278 -0.10893 -0.02127
0.03715 -0.01343 0.04049 0.02199 -0.01930 -0.02912 0.02371 0.03421 -0.00226 0.01522 -0.01495 0.01480 -0.02671 -0.02312 -0.01130 -0.00031 0.03278 0.82409 -0.02309 0.00009
-0.02218 -0.02814 0.02141 0.03744 -0.03448 -0.05594 0.10446 0.06031 0.05805 0.06119 0.00356 -0.12346 -0.07818 -0.01353 -0.07846 -0.04953 0.10893 0.02309 0.49730 0.00260
0.00010 -0.07532 -0.00394 0.00295 0.01379 -0.02844 0.07615 0.16618 0.02235 -0.03508 0.00689 -0.06359 -0.13795 0.00490 -0.05726 -0.03724 0.02127 -0.00009 -0.00260 0.00000
