1.00607 -0.04129 -0.03397 -0.01026 0.00503 -0.00748 -0.01990 0.03028 -0.01623 -0.11800 0.01040 -0.05930 -0.04918 0.11694 0.00767 0.01070 -0.01634 -0.05010 0.02419 -0.02148
0.04129 0.00000 -0.15426 -0.01400 0.00961 -0.00637 -0.17067 0.04587 -0.00519 -0.21933 0.00326 -0.14057 0.14141 -0.29555 -0.06410 0.18044 0.19051 0.00911 0.03267 -0.33868
0.03397 0.15426 0.08527 -0.00065 -0.03233 -0.02161 0.16178 0.03128 -0.02976 -0.09680 -0.03844 0.26625 -0.05298 0.27964 -0.04947 -0.08450 0.05286 -0.13144 -0.27795 -0.14963
0.01026 0.01400 0.00065 0.00000 -0.02758 -0.21861 -0.03814 -0.05528 -0.00494 0.14022 -0.00068 -0.17079 0.02772 0.07229 0.06665 -0.27886 0.23549 -0.01121 -0.11763 0.08383
-0.00503 -0.00961 0.03233 0.02758 0.91360 -0.01765 0.11855 0.01710 0.01192 -0.04080 0.00528 -0.01998 -0.01888 -0.03268 0.02459 -0.01961 0.06133 0.06410 0.00887 0.02593
0.00748 0.00637 0.02161 0.21861 0.01765 0.00000 -0.05904 0.23932 -0.00403 -0.06074 0.00421 0.12731 0.13258 -0.08375 -0.28113 0.01833 0.27717 -0.00195 0.00306 0.04637
0.01990 0.17067 -0.16178 0.03814 -0.11855 0.05904 1.09935 -0.12065 -0.00831 0.17644 -0.00067 0.17567 0.14377 -0.14735 -0.02279 0.03257 -0.02569 -0.12130 -0.13585 -0.02026
-0.03028 -0.04587 -0.03128 0.05528 -0.01710 -0.23932 0.12065 0.00000 0.01518 0.02791 -0.00429 0.06660 0.36991 0.30946 0.04010 0.08932 -0.32576 0.03153 0.00329 0.02167
0.01623 0.00519 0.02976 0.00494 -0.01192 0.00403 0.00831 -0.01518 1.00269 0.06458 -0.01495 0.02437 0.02352 -0.05860 0.00264 -0.00869 0.00782 0.07170 -0.01425 0.01675
0.11800 0.21933 0.09680 -0.14022 0.04080 0.06074 -0.17644 -0.02791 -0.06458 0.00000 -0.01570 0.18341 -0.00147 -0.03151 -0.18708 -0.14790 -0.03570 -0.01300 0.07960 -0.04052
-0.01040 -0.00326 0.03844 0.00068 -0.00528 -0.00421 0.00067 0.00429 0.01495 0.01570 1.00341 -0.00040 -0.00088 -0.01257 -0.00611 -0.00292 0.00610 0.01740 0.00840 0.00264
0.05930 0.14057 -0.26625 0.17079 0.01998 -0.12731 -0.17567 -0.06660 -0.02437 -0.18341 0.00040 0.00938 0.02523 -0.03773 -0.03610 -0.11089 -0.18372 0.03433 -0.00238 -0.24313
0.04918 -0.14141 0.05298 -0.02772 0.01888 -0.13258 -0.14377 -0.36991 -0.02352 0.00147 0.00088 -0.02523 0.00000 -0.09609 0.02676 -0.02752 0.00592 0.00836 -0.01423 -0.13785
-0.11694 0.29555 -0.27964 -0.07229 0.03268 0.08375 0.14735 -0.30946 0.05860 0.03151 0.01257 0.03773 0.09609 0.00000 -0.01088 -0.05019 -0.00268 0.06714 -0.13732 -0.15510
-0.00767 0.06410 0.04947 -0.06665 -0.02459 0.28113 0.02279 -0.04010 -0.00264 0.18708 0.00611 0.03610 -0.02676 0.01088 0.00000 -0.09440 -0.33760 0.00620 -0.13199 -0.01549
-0.01070 -0.18044 0.08450 0.27886 0.01961 -0.01833 -0.03257 -0.08932 0.00869 0.14790 0.00292 0.11089 0.02752 0.05019 0.09440 0.00000 -0.00445 -0.03340 0.14412 -0.15211
0.01634 -0.19051 -0.05286 -0.23549 -0.06133 -0.27717 0.02569 0.32576 -0.00782 0.03570 -0.00610 0.18372 -0.00592 0.00268 0.33760 0.00445 0.31887 -0.00316 -0.27213 -0.10841
0.05010 -0.00911 0.13144 0.01121 -0.06410 0.00195 0.12130 -0.03153 -0.07170 0.01300 -0.01740 -0.03433 -0.00836 -0.06714 -0.00620 0.03340 0.00316 0.94821 0.04079 -0.01448
-0.02419 -0.03267 0.27795 0.11763 -0.00887 -0.00306 0.13585 -0.00329 0.01425 -0.07960 -0.00840 0.00238 0.01423 0.13732 0.13199 -0.14412 0.27213 -0.04079 0.00000 -0.12362
0.02148 0.33868 0.14963 -0.08383 -0.02593 -0.04637 0.02026 -0.02167 -0.01675 0.04052 -0.00264 0.24313 0.13785 0.15510 0.01549 0.15211 0.10841 0.01448 0.12362 0.00000
