1.00424 -0.03550 -0.04744 -0.00066 0.00155 -0.02339 -0.02731 0.02036 -0.00143 -0.04168 0.01334 -0.05071 -0.03925 0.10620 0.00123 0.00310 -0.00931 -0.04254 0.03419 -0.04505
0.03550 0.00647 -0.07120 0.18321 0.05979 0.05399 -0.17712 -0.03060 -0.03243 -0.25274 -0.00529 0.02457 0.27322 0.08253 -0.13518 0.00020 0.34232 0.10371 0.20495 -0.14914
0.04744 0.07120 0.20118 -0.08080 0.05729 0.18559 0.08466 0.18802 -0.01154 -0.08893 -0.01744 0.12804 -0.16622 0.10432 -0.05017 0.17448 -0.14264 -0.12449 -0.07026 0.01778
0.00066 -0.18321 0.08080 0.00000 -0.05012 0.02408 -0.11645 0.05265 0.01815 0.00150 0.00541 -0.24810 0.07720 0.14205 0.21915 -0.34252 0.01795 -0.04895 -0.04005 -0.04787
-0.00155 -0.05979 -0.05729 0.05012 0.90352 -0.04296 0.11331 0.10043 0.02676 -0.01504 0.00337 -0.04367 -0.11634 0.08026 0.06385 0.01014 0.01061 0.08305 -0.07334 -0.03030
0.02339 -0.05399 -0.18559 -0.02408 0.04296 0.00000 -0.12525 0.09332 -0.02170 -0.22142 -0.00310 -0.14182 0.21830 -0.04403 -0.20480 -0.00170 0.12867 0.03610 -0.00293 0.27033
0.02731 0.17712 -0.08466 0.11645 -0.11331 0.12525 1.01385 -0.34520 0.00484 -0.03063 0.00037 0.11949 0.13967 0.20020 -0.09923 0.14110 0.06729 -0.08605 -0.28625 -0.13588
-0.02036 0.03060 -0.18802 -0.05265 -0.10043 -0.09332 0.34520 0.00000 0.03061 0.12857 0.00187 -0.04214 0.36860 0.17814 -0.05387 0.19691 -0.27484 0.03118 -0.03086 -0.17358
0.00143 0.03243 0.01154 -0.01815 -0.02676 0.02170 -0.00484 -0.03061 1.00147 0.08368 -0.01932 0.05824 0.02640 -0.01686 -0.01502 -0.01019 -0.03438 0.06376 -0.10208 -0.00681
0.04168 0.25274 0.08893 -0.00150 0.01504 0.22142 0.03063 -0.12857 -0.08368 0.00000 -0.02697 0.21089 0.15858 -0.24403 -0.09367 -0.13100 0.00969 0.02460 -0.03897 0.21347
-0.01334 0.00529 0.01744 -0.00541 -0.00337 0.00310 -0.00037 -0.00187 0.01932 0.02697 1.00721 0.00843 0.00142 -0.03017 0.00684 -0.00231 -0.00694 0.01405 -0.00108 0.00881
0.05071 -0.02457 -0.12804 0.24810 0.04367 0.14182 -0.11949 0.04214 -0.05824 -0.21089 -0.00843 0.37489 0.00249 0.09037 0.14170 -0.01583 -0.12113 0.03839 0.14375 -0.12642
0.03925 -0.27322 0.16622 -0.07720 0.11634 -0.21830 -0.13967 -0.36860 -0.02640 -0.15858 -0.00142 -0.00249 0.60423 -0.19780 -0.13793 -0.09350 -0.11722 -0.01131 -0.07161 -0.12378
-0.10620 -0.08253 -0.10432 -0.14205 -0.08026 0.04403 -0.20020 -0.17814 0.01686 0.24403 0.03017 -0.09037 0.19780 0.00000 0.16690 -0.03373 -0.08260 0.06843 -0.16911 -0.13038
-0.00123 0.13518 0.05017 -0.21915 -0.06385 0.20480 0.09923 0.05387 0.01502 0.09367 -0.00684 -0.14170 0.13793 -0.16690 0.00000 -0.27106 -0.10958 -0.08438 0.15621 -0.00381
-0.00310 -0.00020 -0.17448 0.34252 -0.01014 0.00170 -0.14110 -0.19691 0.01019 0.13100 0.00231 0.01583 0.09350 0.03373 0.27106 0.00000 0.21411 -0.03505 -0.07075 0.06325
0.00931 -0.34232 0.14264 -0.01795 -0.01061 -0.12867 -0.06729 0.27484 0.03438 -0.00969 0.00694 0.12113 0.11722 0.08260 0.10958 -0.21411 0.88563 -0.08850 -0.47769 0.07108
0.04254 -0.10371 0.12449 0.04895 -0.08305 -0.03610 0.08605 -0.03118 -0.06376 -0.02460 -0.01405 -0.03839 0.01131 -0.06843 0.08438 0.03505 0.08850 0.95204 -0.03404 -0.01661
-0.03419 -0.20495 0.07026 0.04005 0.07334 0.00293 0.28625 0.03086 0.10208 0.03897 0.00108 -0.14375 0.07161 0.16911 -0.15621 0.07075 0.47769 0.03404 0.00000 -0.15043
0.04505 0.14914 -0.01778 0.04787 0.03030 -0.27033 0.13588 0.17358 0.00681 -0.21347 -0.00881 0.12642 0.12378 0.13038 0.00381 -0.06325 -0.07108 0.01661 0.15043 0.00000
