1.00452 -0.05262 -0.02964 -0.00022 0.00423 -0.01475 -0.02923 0.03868 -0.01332 -0.09053 0.00886 -0.05459 -0.06041 0.12819 -0.00877 -0.00985 -0.02621 -0.04796 0.03502 -0.02077
0.05262 0.00000 -0.13838 -0.02202 0.03120 -0.04235 -0.22052 0.06683 -0.01641 -0.23848 0.00767 -0.21192 0.18723 -0.18127 -0.05298 0.06139 0.17533 0.05152 0.05623 -0.31232
0.02964 0.13838 0.12420 -0.07878 -0.02229 -0.02323 0.14673 0.06396 -0.02309 -0.15629 -0.02464 0.22629 -0.13163 0.31448 -0.05776 -0.08767 -0.04282 -0.13209 -0.24831 -0.15601
0.00022 0.02202 0.07878 0.00000 -0.02061 -0.24303 -0.00689 -0.02249 -0.02789 0.17718 0.00670 -0.15377 0.06103 0.00529 0.08840 -0.33859 0.17744 -0.01532 -0.10401 0.05895
-0.00423 -0.03120 0.02229 0.02061 0.90451 -0.03175 0.13604 0.04058 0.00673 -0.05704 0.00655 -0.01632 -0.02123 -0.03372 0.01375 -0.02727 0.05901 0.07325 0.02921 0.02043
0.01475 0.04235 0.02323 0.24303 0.03175 0.00000 -0.04800 0.21283 -0.00651 -0.08965 -0.00213 0.07847 0.16969 -0.13409 -0.30343 0.09403 0.26116 0.02138 -0.02540 0.06972
0.02923 0.22052 -0.14673 0.00689 -0.13604 0.04800 1.06684 -0.12609 0.00585 0.06902 -0.00398 0.18282 0.13589 -0.09023 0.00046 -0.00721 -0.05731 -0.10560 -0.19713 -0.04671
-0.03868 -0.06683 -0.06396 0.02249 -0.04058 -0.21283 0.12609 0.00000 0.02081 0.07875 0.00074 0.11775 0.36103 0.30740 -0.00052 0.08072 -0.34861 0.00677 -0.02395 -0.03325
0.01332 0.01641 0.02309 0.02789 -0.00673 0.00651 -0.00585 -0.02081 1.00105 0.06451 -0.01329 0.03198 0.02921 -0.06638 0.01451 -0.01730 -0.00186 0.07853 -0.02590 0.03068
0.09053 0.23848 0.15629 -0.17718 0.05704 0.08965 -0.06902 -0.07875 -0.06451 0.00000 -0.01597 0.20454 0.01444 0.03670 -0.23690 -0.15038 0.03296 0.02712 0.08415 -0.01612
-0.00886 -0.00767 0.02464 -0.00670 -0.00655 0.00213 0.00398 -0.00074 0.01329 0.01597 1.00369 0.00224 0.00539 -0.01210 0.00013 0.00785 0.00236 0.00877 0.00743 0.00267
0.05459 0.21192 -0.22629 0.15377 0.01632 -0.07847 -0.18282 -0.11775 -0.03198 -0.20454 -0.00224 0.17297 0.06199 0.02708 -0.04584 -0.13175 -0.16510 0.04115 -0.03452 -0.25312
0.06041 -0.18723 0.13163 -0.06103 0.02123 -0.16969 -0.13589 -0.36103 -0.02921 -0.01444 -0.00539 -0.06199 0.11540 -0.11598 0.09754 0.02409 -0.06000 0.02964 -0.03091 -0.08572
-0.12819 0.18127 -0.31448 -0.00529 0.03372 0.13409 0.09023 -0.30740 0.06638 -0.03670 0.01210 -0.02708 0.11598 0.00000 0.02373 -0.03380 -0.00467 0.09047 -0.15249 -0.12230
0.00877 0.05298 0.05776 -0.08840 -0.01375 0.30343 -0.00046 0.00052 -0.01451 0.23690 -0.00013 0.04584 -0.09754 -0.02373 0.00000 -0.13592 -0.29473 0.00831 -0.11212 -0.02898
0.00985 -0.06139 0.08767 0.33859 0.02727 -0.09403 0.00721 -0.08072 0.01730 0.15038 -0.00785 0.13175 -0.02409 0.03380 0.13592 0.00000 0.13497 -0.02271 0.16539 -0.19110
0.02621 -0.17533 0.04282 -0.17744 -0.05901 -0.26116 0.05731 0.34861 0.00186 -0.03296 -0.00236 0.16510 0.06000 0.00467 0.29473 -0.13497 0.53442 -0.02269 -0.34685 -0.09280
0.04796 -0.05152 0.13209 0.01532 -0.07325 -0.02138 0.10560 -0.00677 -0.07853 -0.02712 -0.00877 -0.04115 -0.02964 -0.09047 -0.00831 0.02271 0.02269 0.93656 0.05154 -0.02568
-0.03502 -0.05623 0.24831 0.10401 -0.02921 0.02540 0.19713 0.02395 0.02590 -0.08415 -0.00743 0.03452 0.03091 0.15249 0.11212 -0.16539 0.34685 -0.05154 0.00000 -0.11564
0.02077 0.31232 0.15601 -0.05895 -0.02043 -0.06972 0.04671 0.03325 -0.03068 0.01612 -0.00267 0.25312 0.08572 0.12230 0.02898 0.19110 0.09280 0.02568 0.11564 0.00000
