1.00242 -0.04759 -0.03266 -0.01878 0.00313 -0.01499 -0.01806 0.03604 -0.01322 -0.10245 0.00855 -0.05945 -0.05885 0.12661 -0.00452 0.00522 -0.01709 -0.04570 0.03191 -0.02333
0.04759 0.00000 -0.13840 -0.01481 0.00856 -0.06190 -0.18841 0.10412 -0.01190 -0.24154 0.00553 -0.22056 0.20217 -0.23514 -0.05581 0.09690 0.13898 0.03738 0.05381 -0.34803
0.03266 0.13840 0.11353 -0.05767 -0.01777 -0.01095 0.13887 0.03778 -0.02240 -0.14171 -0.03640 0.23774 -0.10897 0.30295 -0.02549 -0.07562 0.00038 -0.12963 -0.26771 -0.12782
0.01878 0.01481 0.05767 0.00000 -0.03422 -0.23080 -0.02118 -0.07015 -0.00033 0.18614 0.00371 -0.15916 0.08804 0.02998 0.09532 -0.31477 0.19344 -0.01079 -0.10878 0.11114
-0.00313 -0.00856 0.01777 0.03422 0.89223 -0.01218 0.12912 0.00776 0.01164 -0.04747 0.00529 -0.00362 -0.02046 -0.03345 0.03345 -0.01980 0.07466 0.06404 0.00013 0.03307
0.01499 0.06190 0.01095 0.23080 0.01218 0.00000 -0.04207 0.20381 -0.00882 -0.07110 0.00642 0.11098 0.19001 -0.12526 -0.32367 0.06210 0.22407 0.00921 -0.02190 0.02553
0.01806 0.18841 -0.13887 0.02118 -0.12912 0.04207 1.09810 -0.07816 -0.00257 0.10348 -0.00147 0.17989 0.12654 -0.11555 0.00207 -0.02030 -0.04208 -0.11789 -0.15640 -0.04100
-0.03604 -0.10412 -0.03778 0.07015 -0.00776 -0.20381 0.07816 0.00000 0.02197 0.07462 -0.00219 0.06887 0.41360 0.35893 -0.00437 0.13057 -0.32807 0.03745 0.00767 0.01676
0.01322 0.01190 0.02240 0.00033 -0.01164 0.00882 0.00257 -0.02197 1.00185 0.06334 -0.01382 0.02738 0.02735 -0.06618 0.00550 -0.01036 0.00076 0.07795 -0.01244 0.02054
0.10245 0.24154 0.14171 -0.18614 0.04747 0.07110 -0.10348 -0.07462 -0.06334 0.00000 -0.01823 0.19280 -0.00074 0.02022 -0.20948 -0.14132 0.03115 0.01231 0.06650 -0.02162
-0.00855 -0.00553 0.03640 -0.00371 -0.00529 -0.00642 0.00147 0.00219 0.01382 0.01823 1.00294 0.00369 0.00029 -0.01938 -0.00339 -0.00311 0.00548 0.01278 0.00880 0.00334
0.05945 0.22056 -0.23774 0.15916 0.00362 -0.11098 -0.17989 -0.06887 -0.02738 -0.19280 -0.00369 0.13198 0.04396 -0.01373 -0.06421 -0.14797 -0.19970 0.03358 -0.02331 -0.27641
0.05885 -0.20217 0.10897 -0.08804 0.02046 -0.19001 -0.12654 -0.41360 -0.02735 0.00074 -0.00029 -0.04396 0.00000 -0.11171 0.04498 0.01647 -0.04813 0.00661 -0.03510 -0.14218
-0.12661 0.23514 -0.30295 -0.02998 0.03345 0.12526 0.11555 -0.35893 0.06618 -0.02022 0.01938 0.01373 0.11171 0.00000 -0.02312 -0.03622 0.01220 0.09549 -0.15271 -0.13815
0.00452 0.05581 0.02549 -0.09532 -0.03345 0.32367 -0.00207 0.00437 -0.00550 0.20948 0.00339 0.06421 -0.04498 0.02312 0.00000 -0.12583 -0.33536 0.01097 -0.12619 -0.03077
-0.00522 -0.09690 0.07562 0.31477 0.01980 -0.06210 0.02030 -0.13057 0.01036 0.14132 0.00311 0.14797 -0.01647 0.03622 0.12583 0.00000 0.09615 -0.02789 0.15706 -0.20480
0.01709 -0.13898 -0.00038 -0.19344 -0.07466 -0.22407 0.04208 0.32807 -0.00076 -0.03115 -0.00548 0.19970 0.04813 -0.01220 0.33536 -0.09615 0.47346 -0.01996 -0.36951 -0.10410
0.04570 -0.03738 0.12963 0.01079 -0.06404 -0.00921 0.11789 -0.03745 -0.07795 -0.01231 -0.01278 -0.03358 -0.00661 -0.09549 -0.01097 0.02789 0.01996 0.94717 0.04719 -0.01276
-0.03191 -0.05381 0.26771 0.10878 -0.00013 0.02190 0.15640 -0.00767 0.01244 -0.06650 -0.00880 0.02331 0.03510 0.15271 0.12619 -0.15706 0.36951 -0.04719 0.00000 -0.10076
0.02333 0.34803 0.12782 -0.11114 -0.03307 -0.02553 0.04100 -0.01676 -0.02054 0.02162 -0.00334 0.27641 0.14218 0.13815 0.03077 0.20480 0.10410 0.01276 0.10076 0.00000
