1.00530 -0.02559 -0.03737 -0.01064 0.00499 -0.01722 -0.01740 0.04629 -0.01602 -0.11037 0.00977 -0.06099 -0.05377 0.12050 0.00374 -0.00549 -0.02347 -0.04762 0.03080 -0.02304
0.02559 0.00000 -0.13673 0.00107 0.00991 -0.03706 -0.18600 0.05431 -0.01668 -0.24326 0.00917 -0.17973 0.15521 -0.25810 -0.04321 0.15173 0.18100 0.03109 0.02814 -0.33098
0.03737 0.13673 0.07287 -0.01185 -0.03965 -0.01805 0.17158 0.02686 -0.02580 -0.10638 -0.03057 0.26516 -0.07188 0.28874 -0.04738 -0.07907 0.04272 -0.13613 -0.26628 -0.14676
0.01064 -0.00107 0.01185 0.00000 -0.03246 -0.26049 -0.04206 -0.03047 -0.01404 0.19333 0.00452 -0.17741 -0.00029 0.05482 0.04763 -0.29247 0.24150 -0.02051 -0.10364 0.04679
-0.00499 -0.00991 0.03965 0.03246 0.89856 -0.01782 0.13573 0.01255 0.00838 -0.03438 0.00328 -0.02153 -0.01884 -0.03987 0.02234 -0.01978 0.06593 0.06082 0.01698 0.02595
0.01722 0.03706 0.01805 0.26049 0.01782 0.00000 -0.06417 0.22383 -0.00903 -0.03878 0.00180 0.09254 0.13550 -0.09521 -0.27771 0.07111 0.26818 0.01168 -0.00925 0.02742
0.01740 0.18600 -0.17158 0.04206 -0.13573 0.06417 1.08274 -0.10605 -0.00705 0.17820 -0.00547 0.19700 0.13951 -0.12530 -0.01068 -0.00185 -0.03524 -0.12309 -0.15629 -0.02187
-0.04629 -0.05431 -0.02686 0.03047 -0.01255 -0.22383 0.10605 0.00000 0.01630 0.02796 -0.00130 0.10898 0.38880 0.31588 0.02062 0.07962 -0.33552 0.01107 -0.00345 0.01887
0.01602 0.01668 0.02580 0.01404 -0.00838 0.00903 0.00705 -0.01630 0.99803 0.06353 -0.01488 0.01671 0.02495 -0.05871 0.01179 -0.00997 0.00100 0.06830 -0.01728 0.02752
0.11037 0.24326 0.10638 -0.19333 0.03438 0.03878 -0.17820 -0.02796 -0.06353 0.00000 -0.01146 0.18323 -0.00806 -0.00185 -0.21861 -0.17325 -0.04519 -0.00566 0.09512 -0.06647
-0.00977 -0.00917 0.03057 -0.00452 -0.00328 -0.00180 0.00547 0.00130 0.01488 0.01146 1.00529 -0.00080 0.00014 -0.01049 -0.00143 0.00193 0.00247 0.01326 0.00947 0.00488
0.06099 0.17973 -0.26516 0.17741 0.02153 -0.09254 -0.19700 -0.10898 -0.01671 -0.18323 0.00080 0.06246 0.04956 -0.03209 -0.03425 -0.09603 -0.19078 0.03649 -0.02072 -0.24063
0.05377 -0.15521 0.07188 0.00029 0.01884 -0.13550 -0.13951 -0.38880 -0.02495 0.00806 -0.00014 -0.04956 0.00000 -0.09379 0.05394 -0.00694 -0.00772 0.02725 -0.03741 -0.12987
-0.12050 0.25810 -0.28874 -0.05482 0.03987 0.09521 0.12530 -0.31588 0.05871 0.00185 0.01049 0.03209 0.09379 0.00000 -0.01541 -0.03740 0.00897 0.07757 -0.12503 -0.14339
-0.00374 0.04321 0.04738 -0.04763 -0.02234 0.27771 0.01068 -0.02062 -0.01179 0.21861 0.00143 0.03425 -0.05394 0.01541 0.00000 -0.08815 -0.32374 0.01867 -0.13802 -0.02582
0.00549 -0.15173 0.07907 0.29247 0.01978 -0.07111 0.00185 -0.07962 0.00997 0.17325 -0.00193 0.09603 0.00694 0.03740 0.08815 0.00000 0.01374 -0.03685 0.16659 -0.18639
0.02347 -0.18100 -0.04272 -0.24150 -0.06593 -0.26818 0.03524 0.33552 -0.00100 0.04519 -0.00247 0.19078 0.00772 -0.00897 0.32374 -0.01374 0.37500 -0.02313 -0.29699 -0.13051
0.04762 -0.03109 0.13613 0.02051 -0.06082 -0.01168 0.12309 -0.01107 -0.06830 0.00566 -0.01326 -0.03649 -0.02725 -0.07757 -0.01867 0.03685 0.02313 0.93405 0.06473 -0.02076
-0.03080 -0.02814 0.26628 0.10364 -0.01698 0.00925 0.15629 0.00345 0.01728 -0.09512 -0.00947 0.02072 0.03741 0.12503 0.13802 -0.16659 0.29699 -0.06473 0.00000 -0.11589
0.02304 0.33098 0.14676 -0.04679 -0.02595 -0.02742 0.02187 -0.01887 -0.02752 0.06647 -0.00488 0.24063 0.12987 0.14339 0.02582 0.18639 0.13051 0.02076 0.11589 0.00000
