1.00064 -0.04131 -0.04373 -0.03098 0.00253 -0.01476 -0.01657 0.02044 -0.02265 -0.12171 0.00986 -0.05123 -0.05707 0.11558 -0.00007 0.00882 -0.01170 -0.04685 0.03166 -0.03143
0.04131 0.00000 -0.13388 0.03607 -0.00339 0.01408 -0.14029 0.01913 -0.00566 -0.20903 0.00261 -0.14169 0.12784 -0.30476 -0.00381 0.28888 0.21032 0.01751 -0.00266 -0.31558
0.04373 0.13388 0.03949 0.01614 -0.03839 -0.01996 0.19117 0.04689 -0.03214 -0.08618 -0.03134 0.28847 -0.02022 0.27657 -0.06426 -0.08208 0.07657 -0.13079 -0.28697 -0.16214
0.03098 -0.03607 -0.01614 0.00000 -0.02789 -0.27570 -0.02337 -0.18070 -0.01061 0.15462 -0.00067 -0.23945 -0.03085 0.06248 0.00322 -0.30412 0.29478 -0.04813 -0.13811 0.08677
-0.00253 0.00339 0.03839 0.02789 0.90018 -0.00876 0.13513 0.01960 0.01750 -0.01331 0.00342 -0.02269 -0.00158 -0.03922 0.01832 -0.02451 0.04879 0.05926 0.00860 0.02666
0.01476 -0.01408 0.01996 0.27570 0.00876 0.00000 -0.00610 0.25847 -0.00809 -0.04158 0.00091 0.15184 0.13817 -0.07372 -0.31911 0.04446 0.26998 -0.01346 0.00461 -0.01155
0.01657 0.14029 -0.19117 0.02337 -0.13513 0.00610 1.06675 -0.16010 -0.01073 0.24692 0.00385 0.17691 0.12676 -0.13418 -0.08064 0.04143 -0.01046 -0.11477 -0.12564 -0.03606
-0.02044 -0.01913 -0.04689 0.18070 -0.01960 -0.25847 0.16010 0.00000 0.00822 0.00652 -0.01072 0.06843 0.42784 0.27705 0.02177 0.00010 -0.35005 -0.02563 -0.01944 0.04153
0.02265 0.00566 0.03214 0.01061 -0.01750 0.00809 0.01073 -0.00822 1.00569 0.06785 -0.01391 0.02634 0.01875 -0.05687 0.00089 0.00100 -0.00188 0.06769 -0.00987 0.01275
0.12171 0.20903 0.08618 -0.15462 0.01331 0.04158 -0.24692 -0.00652 -0.06785 0.00000 -0.00423 0.18729 -0.03518 -0.04170 -0.17563 -0.13382 -0.04984 -0.01017 0.07436 -0.07075
-0.00986 -0.00261 0.03134 0.00067 -0.00342 -0.00091 -0.00385 0.01072 0.01391 0.00423 1.00235 0.00041 0.00129 -0.00872 0.00318 -0.00919 0.00261 0.01519 0.00329 0.00964
0.05123 0.14169 -0.28847 0.23945 0.02269 -0.15184 -0.17691 -0.06843 -0.02634 -0.18729 -0.00041 0.00000 0.03458 -0.06058 -0.03199 -0.12001 -0.19492 0.03535 -0.04327 -0.25784
0.05707 -0.12784 0.02022 0.03085 0.00158 -0.13817 -0.12676 -0.42784 -0.01875 0.03518 -0.00129 -0.03458 0.00000 -0.07512 0.01674 0.10143 0.02097 0.00376 -0.07423 -0.17709
-0.11558 0.30476 -0.27657 -0.06248 0.03922 0.07372 0.13418 -0.27705 0.05687 0.04170 0.00872 0.06058 0.07512 0.00000 -0.02473 -0.08375 -0.01694 0.05151 -0.11242 -0.15416
0.00007 0.00381 0.06426 -0.00322 -0.01832 0.31911 0.08064 -0.02177 -0.00089 0.17563 -0.00318 0.03199 -0.01674 0.02473 0.00000 -0.06988 -0.32995 0.00350 -0.11399 -0.04961
-0.00882 -0.28888 0.08208 0.30412 0.02451 -0.04446 -0.04143 -0.00010 -0.00100 0.13382 0.00919 0.12001 -0.10143 0.08375 0.06988 0.00000 -0.02977 0.01953 0.16042 -0.22710
0.01170 -0.21032 -0.07657 -0.29478 -0.04879 -0.26998 0.01046 0.35005 0.00188 0.04984 -0.00261 0.19492 -0.02097 0.01694 0.32995 0.02977 0.27218 0.00757 -0.21829 -0.16197
0.04685 -0.01751 0.13079 0.04813 -0.05926 0.01346 0.11477 0.02563 -0.06769 0.01017 -0.01519 -0.03535 -0.00376 -0.05151 -0.00350 -0.01953 -0.00757 0.93311 0.03227 0.00120
-0.03166 0.00266 0.28697 0.13811 -0.00860 -0.00461 0.12564 0.01944 0.00987 -0.07436 -0.00329 0.04327 0.07423 0.11242 0.11399 -0.16042 0.21829 -0.03227 0.00000 -0.12700
0.03143 0.31558 0.16214 -0.08677 -0.02666 0.01155 0.03606 -0.04153 -0.01275 0.07075 -0.00964 0.25784 0.17709 0.15416 0.04961 0.22710 0.16197 -0.00120 0.12700 0.00000
