1.00417 -0.03522 -0.04943 0.01190 -0.00193 -0.02454 -0.02946 0.00205 -0.00161 -0.04334 0.01488 -0.04436 -0.03435 0.11870 -0.02101 0.00493 -0.01122 -0.03621 0.00634 -0.05880
0.03522 0.03017 -0.07477 0.19928 0.04239 0.03928 -0.17475 -0.04905 -0.04666 -0.22540 -0.00907 0.04898 0.29233 0.05636 -0.15770 -0.00978 0.35009 0.11680 0.18202 -0.15955
0.04943 0.07477 0.22108 -0.08099 0.05497 0.20887 0.08659 0.16367 -0.00212 -0.08709 -0.01619 0.10153 -0.11694 0.05166 -0.00116 0.20684 -0.13111 -0.15030 -0.02162 0.08280
-0.01190 -0.19928 0.08099 0.00000 -0.04081 -0.00651 -0.11204 0.06996 0.02199 -0.00381 0.00311 -0.27612 0.10797 0.14610 0.23595 -0.33784 0.06075 -0.07259 0.01716 -0.06125
0.00193 -0.04239 -0.05497 0.04081 0.90177 -0.05537 0.09641 0.08876 0.02708 0.00441 0.00624 -0.03527 -0.16446 0.09240 0.01495 0.04680 -0.01739 0.07414 -0.08500 -0.08585
0.02454 -0.03928 -0.20887 0.00651 0.05537 0.00000 -0.12943 0.08290 -0.03379 -0.22573 -0.00398 -0.13058 0.20191 -0.02293 -0.17869 -0.00628 0.12972 0.06103 -0.00486 0.27899
0.02946 0.17475 -0.08659 0.11204 -0.09641 0.12943 1.00642 -0.36209 0.00156 -0.03498 0.00110 0.11764 0.14611 0.21012 -0.09112 0.15583 0.07916 -0.07914 -0.30533 -0.15739
-0.00205 0.04905 -0.16367 -0.06996 -0.08876 -0.08290 0.36209 0.00000 0.05261 0.13232 0.00102 -0.06918 0.37795 0.11141 -0.02080 0.20631 -0.25646 -0.00731 0.01242 -0.18406
0.00161 0.04666 0.00212 -0.02199 -0.02708 0.03379 -0.00156 -0.05261 0.99754 0.08063 -0.01601 0.08125 0.02512 -0.00114 -0.02798 0.01540 -0.04633 0.05004 -0.13729 -0.02821
0.04334 0.22540 0.08709 0.00381 -0.00441 0.22573 0.03498 -0.13232 -0.08063 0.00000 -0.02421 0.20050 0.16103 -0.26629 -0.05467 -0.11850 0.00361 0.01268 -0.05995 0.23491
-0.01488 0.00907 0.01619 -0.00311 -0.00624 0.00398 -0.00110 -0.00102 0.01601 0.02421 1.00831 0.01105 -0.00339 -0.02740 0.00199 0.00211 -0.00740 0.01337 -0.00210 0.00461
0.04436 -0.04898 -0.10153 0.27612 0.03527 0.13058 -0.11764 0.06918 -0.08125 -0.20050 -0.01105 0.37610 -0.00003 0.06945 0.14832 -0.00291 -0.09759 0.05234 0.17175 -0.12427
0.03435 -0.29233 0.11694 -0.10797 0.16446 -0.20191 -0.14611 -0.37795 -0.02512 -0.16103 0.00339 0.00003 0.61989 -0.19590 -0.14977 -0.09441 -0.15833 -0.00767 -0.09204 -0.09117
-0.11870 -0.05636 -0.05166 -0.14610 -0.09240 0.02293 -0.21012 -0.11141 0.00114 0.26629 0.02740 -0.06945 0.19590 0.00000 0.11254 -0.02401 -0.06406 0.07599 -0.14745 -0.16152
0.02101 0.15770 0.00116 -0.23595 -0.01495 0.17869 0.09112 0.02080 0.02798 0.05467 -0.00199 -0.14832 0.14977 -0.11254 0.00000 -0.33261 -0.10057 -0.06095 0.04801 0.03909
-0.00493 0.00978 -0.20684 0.33784 -0.04680 0.00628 -0.15583 -0.20631 -0.01540 0.11850 -0.00211 0.00291 0.09441 0.02401 0.33261 0.00000 0.24572 0.00594 -0.02792 0.11442
0.01122 -0.35009 0.13111 -0.06075 0.01739 -0.12972 -0.07916 0.25646 0.04633 -0.00361 0.00740 0.09759 0.15833 0.06406 0.10057 -0.24572 0.88180 -0.10251 -0.48430 0.07375
0.03621 -0.11680 0.15030 0.07259 -0.07414 -0.06103 0.07914 0.00731 -0.05004 -0.01268 -0.01337 -0.05234 0.00767 -0.07599 0.06095 -0.00594 0.10251 0.94418 -0.02649 -0.02186
-0.00634 -0.18202 0.02162 -0.01716 0.08500 0.00486 0.30533 -0.01242 0.13729 0.05995 0.00210 -0.17175 0.09204 0.14745 -0.04801 0.02792 0.48430 0.02649 0.00000 -0.10905
0.05880 0.15955 -0.08280 0.06125 0.08585 -0.27899 0.15739 0.18406 0.02821 -0.23491 -0.00461 0.12427 0.09117 0.16152 -0.03909 -0.11442 -0.07375 0.02186 0.10905 0.00000
