0.99854 -0.04202 -0.03342 -0.01371 0.00406 -0.01397 -0.01742 0.03480 -0.01750 -0.09599 0.00884 -0.05858 -0.04979 0.11606 -0.00069 0.00484 -0.01736 -0.04646 0.02422 -0.02163
0.04202 0.00000 -0.14113 0.00523 0.01972 -0.03091 -0.18543 0.10372 -0.00570 -0.25652 0.00794 -0.20935 0.17051 -0.21425 -0.03022 0.15112 0.17636 0.03018 0.04200 -0.32606
0.03342 0.14113 0.10124 -0.02841 -0.02331 -0.00589 0.14452 0.02106 -0.02204 -0.12709 -0.03839 0.25230 -0.08390 0.28806 -0.02391 -0.07490 0.00426 -0.13360 -0.27851 -0.12511
0.01371 -0.00523 0.02841 0.00000 -0.02949 -0.22648 -0.03216 -0.04097 -0.00946 0.19080 0.00047 -0.15164 0.05301 0.05022 0.09804 -0.30038 0.22950 -0.00900 -0.12097 0.10461
-0.00406 -0.01972 0.02331 0.02949 0.89742 -0.00251 0.12455 -0.00129 0.01305 -0.04565 0.00482 -0.00823 -0.01474 -0.02947 0.03291 -0.01950 0.06093 0.06593 0.00817 0.04161
0.01397 0.03091 0.00589 0.22648 0.00251 0.00000 -0.05102 0.23212 -0.00828 -0.05816 -0.00060 0.10790 0.16498 -0.10184 -0.29446 0.07187 0.25686 0.01341 -0.01561 0.03517
0.01742 0.18543 -0.14452 0.03216 -0.12455 0.05102 1.08961 -0.07988 -0.00446 0.13576 -0.00115 0.18655 0.12529 -0.12400 -0.00728 -0.01128 -0.04047 -0.11245 -0.15132 -0.04073
-0.03480 -0.10372 -0.02106 0.04097 0.00129 -0.23212 0.07988 0.00000 0.02145 0.06110 0.00029 0.08040 0.40919 0.33721 -0.00109 0.10408 -0.35560 0.02095 0.01127 0.00877
0.01750 0.00570 0.02204 0.00946 -0.01305 0.00828 0.00446 -0.02145 1.00194 0.06110 -0.01478 0.02303 0.02045 -0.06064 0.00347 0.00032 0.01109 0.07164 -0.01124 0.01632
0.09599 0.25652 0.12709 -0.19080 0.04565 0.05816 -0.13576 -0.06110 -0.06110 0.00000 -0.01646 0.18675 -0.00236 0.00840 -0.21250 -0.14719 0.00849 0.00171 0.06939 -0.04031
-0.00884 -0.00794 0.03839 -0.00047 -0.00482 0.00060 0.00115 -0.00029 0.01478 0.01646 1.00465 -0.00132 0.00140 -0.01726 -0.00046 0.00092 0.00398 0.01321 0.00951 0.00699
0.05858 0.20935 -0.25230 0.15164 0.00823 -0.10790 -0.18655 -0.08040 -0.02303 -0.18675 0.00132 0.11779 0.03331 -0.01697 -0.06390 -0.12197 -0.19388 0.02757 -0.01804 -0.27215
0.04979 -0.17051 0.08390 -0.05301 0.01474 -0.16498 -0.12529 -0.40919 -0.02045 0.00236 -0.00140 -0.03331 0.00000 -0.10053 0.04804 0.00982 -0.02914 0.00636 -0.04566 -0.13963
-0.11606 0.21425 -0.28806 -0.05022 0.02947 0.10184 0.12400 -0.33721 0.06064 -0.00840 0.01726 0.01697 0.10053 0.00000 -0.02808 -0.04805 0.00610 0.09333 -0.12586 -0.14524
0.00069 0.03022 0.02391 -0.09804 -0.03291 0.29446 0.00728 0.00109 -0.00347 0.21250 0.00046 0.06390 -0.04804 0.02808 0.00000 -0.11870 -0.32521 0.01091 -0.12920 -0.02458
-0.00484 -0.15112 0.07490 0.30038 0.01950 -0.07187 0.01128 -0.10408 -0.00032 0.14719 -0.00092 0.12197 -0.00982 0.04805 0.11870 0.00000 0.07383 -0.01988 0.16028 -0.19779
0.01736 -0.17636 -0.00426 -0.22950 -0.06093 -0.25686 0.04047 0.35560 -0.01109 -0.00849 -0.00398 0.19388 0.02914 -0.00610 0.32521 -0.07383 0.42891 -0.01476 -0.33677 -0.12586
0.04646 -0.03018 0.13360 0.00900 -0.06593 -0.01341 0.11245 -0.02095 -0.07164 -0.00171 -0.01321 -0.02757 -0.00636 -0.09333 -0.01091 0.01988 0.01476 0.94483 0.04801 -0.01658
-0.02422 -0.04200 0.27851 0.12097 -0.00817 0.01561 0.15132 -0.01127 0.01124 -0.06939 -0.00951 0.01804 0.04566 0.12586 0.12920 -0.16028 0.33677 -0.04801 0.00000 -0.11350
0.02163 0.32606 0.12511 -0.10461 -0.04161 -0.03517 0.04073 -0.00877 -0.01632 0.04031 -0.00699 0.27215 0.13963 0.14524 0.02458 0.19779 0.12586 0.01658 0.11350 0.00000
