0.99752 -0.03720 -0.03297 -0.01222 0.00160 -0.01065 -0.02386 0.03042 -0.01677 -0.10017 0.00949 -0.05337 -0.05135 0.11632 -0.00146 0.00480 -0.02116 -0.04605 0.01480 -0.02411
0.03720 0.00000 -0.13650 0.00229 0.02867 -0.04127 -0.16758 0.08371 -0.00989 -0.24130 0.00719 -0.19393 0.16300 -0.23952 -0.03160 0.15672 0.16729 0.03426 0.03970 -0.32476
0.03297 0.13650 0.09239 -0.00766 -0.03126 -0.00667 0.14954 0.01052 -0.02749 -0.10917 -0.04056 0.26015 -0.07459 0.27839 -0.03717 -0.07100 0.02583 -0.13411 -0.27000 -0.13272
0.01222 -0.00229 0.00766 0.00000 -0.02665 -0.23130 -0.03959 -0.03832 -0.00995 0.18233 -0.00386 -0.15255 0.02002 0.06115 0.07704 -0.28952 0.22415 -0.01433 -0.11628 0.08523
-0.00160 -0.02867 0.03126 0.02665 0.90857 -0.00405 0.12752 0.00775 0.01257 -0.03526 0.00349 -0.01873 -0.02035 -0.02905 0.03132 -0.01619 0.06659 0.06429 0.01648 0.03590
0.01065 0.04127 0.00667 0.23130 0.00405 0.00000 -0.04846 0.21512 -0.00846 -0.06062 0.00033 0.11109 0.15276 -0.09964 -0.28803 0.06418 0.25442 0.00662 -0.01567 0.03340
0.02386 0.16758 -0.14954 0.03959 -0.12752 0.04846 1.10343 -0.07419 -0.00397 0.16993 0.00012 0.18737 0.11362 -0.11222 -0.01460 -0.01355 -0.03070 -0.10792 -0.15329 -0.03999
-0.03042 -0.08371 -0.01052 0.03832 -0.00775 -0.21512 0.07419 0.00000 0.02746 0.04674 0.00036 0.09013 0.39991 0.32765 0.01483 0.10030 -0.31783 0.02625 0.00183 0.01293
0.01677 0.00989 0.02749 0.00995 -0.01257 0.00846 0.00397 -0.02746 1.00549 0.06369 -0.01372 0.02769 0.02490 -0.06408 0.00385 -0.00114 0.01129 0.06935 -0.01981 0.01969
0.10017 0.24130 0.10917 -0.18233 0.03526 0.06062 -0.16993 -0.04674 -0.06369 0.00000 -0.01824 0.18795 -0.00474 0.01168 -0.20746 -0.14653 -0.02973 0.00807 0.07062 -0.04571
-0.00949 -0.00719 0.04056 0.00386 -0.00349 -0.00033 -0.00012 -0.00036 0.01372 0.01824 1.00406 0.00080 0.00245 -0.01969 -0.00266 0.00077 0.00927 0.01637 0.00829 0.00556
0.05337 0.19393 -0.26015 0.15255 0.01873 -0.11109 -0.18737 -0.09013 -0.02769 -0.18795 -0.00080 0.09849 0.03353 -0.02636 -0.05515 -0.11297 -0.19474 0.03126 -0.00660 -0.25815
0.05135 -0.16300 0.07459 -0.02002 0.02035 -0.15276 -0.11362 -0.39991 -0.02490 0.00474 -0.00245 -0.03353 0.00000 -0.10368 0.06228 0.00497 -0.02493 0.01505 -0.04831 -0.12978
-0.11632 0.23952 -0.27839 -0.06115 0.02905 0.09964 0.11222 -0.32765 0.06408 -0.01168 0.01969 0.02636 0.10368 0.00000 -0.02399 -0.04739 0.01990 0.08401 -0.12309 -0.14638
0.00146 0.03160 0.03717 -0.07704 -0.03132 0.28803 0.01460 -0.01483 -0.00385 0.20746 0.00266 0.05515 -0.06228 0.02399 0.00000 -0.10418 -0.29301 0.00633 -0.12909 -0.01479
-0.00480 -0.15672 0.07100 0.28952 0.01619 -0.06418 0.01355 -0.10030 0.00114 0.14653 -0.00077 0.11297 -0.00497 0.04739 0.10418 0.00000 0.04817 -0.03019 0.15032 -0.19184
0.02116 -0.16729 -0.02583 -0.22415 -0.06659 -0.25442 0.03070 0.31783 -0.01129 0.02973 -0.00927 0.19474 0.02493 -0.01990 0.29301 -0.04817 0.41719 -0.02138 -0.30732 -0.13286
0.04605 -0.03426 0.13411 0.01433 -0.06429 -0.00662 0.10792 -0.02625 -0.06935 -0.00807 -0.01637 -0.03126 -0.01505 -0.08401 -0.00633 0.03019 0.02138 0.94657 0.05328 -0.01069
-0.01480 -0.03970 0.27000 0.11628 -0.01648 0.01567 0.15329 -0.00183 0.01981 -0.07062 -0.00829 0.00660 0.04831 0.12309 0.12909 -0.15032 0.30732 -0.05328 0.00000 -0.12269
0.02411 0.32476 0.13272 -0.08523 -0.03590 -0.03340 0.03999 -0.01293 -0.01969 0.04571 -0.00556 0.25815 0.12978 0.14638 0.01479 0.19184 0.13286 0.01069 0.12269 0.00000
