1.00193 -0.03239 -0.03476 -0.01298 0.00151 -0.00121 -0.01753 0.02470 -0.02356 -0.12613 0.01144 -0.05098 -0.04902 0.11426 0.00054 0.00755 -0.01861 -0.04929 0.02703 -0.02784
0.03239 0.00000 -0.11930 0.02516 0.01005 -0.01993 -0.12638 0.04558 -0.00197 -0.19130 0.00299 -0.12550 0.09881 -0.29244 -0.01248 0.22912 0.18488 0.03802 -0.00476 -0.32902
0.03476 0.11930 0.00270 -0.01637 -0.04835 -0.04685 0.18371 0.02482 -0.04696 -0.06702 -0.03416 0.27744 -0.00866 0.27014 -0.08937 -0.04928 0.10229 -0.12538 -0.26650 -0.17440
0.01298 -0.02516 0.01637 0.00000 -0.02227 -0.22126 -0.03159 -0.11155 -0.01088 0.09088 0.00535 -0.24048 -0.03497 0.06603 0.04311 -0.25450 0.27930 -0.00407 -0.14258 0.11827
-0.00151 -0.01005 0.04835 0.02227 0.91498 -0.00874 0.12173 0.03686 0.01412 -0.01615 0.00300 -0.02279 -0.01094 -0.04122 0.02596 -0.02952 0.05422 0.05481 0.01533 0.03069
0.00121 0.01993 0.04685 0.22126 0.00874 0.00000 -0.03801 0.27758 -0.01147 -0.08233 0.00267 0.15299 0.13202 -0.08438 -0.27676 -0.01895 0.25184 -0.00662 0.01974 0.05219
0.01753 0.12638 -0.18371 0.03159 -0.12173 0.03801 1.11373 -0.11110 -0.01766 0.23478 0.00271 0.16159 0.09184 -0.13220 -0.03879 0.05034 -0.00819 -0.13017 -0.10026 -0.02075
-0.02470 -0.04558 -0.02482 0.11155 -0.03686 -0.27758 0.11110 0.00000 0.01610 0.00717 -0.00556 0.10424 0.37245 0.31769 -0.00278 0.08681 -0.30692 0.00075 -0.01333 0.00875
0.02356 0.00197 0.04696 0.01088 -0.01412 0.01147 0.01766 -0.01610 1.00449 0.07863 -0.01683 0.02360 0.02418 -0.06453 0.00007 0.00132 0.00773 0.06917 -0.01290 0.02094
0.12613 0.19130 0.06702 -0.09088 0.01615 0.08233 -0.23478 -0.00717 -0.07863 0.00000 -0.01202 0.17536 -0.02737 -0.06822 -0.16029 -0.09960 -0.08322 -0.00585 0.08995 -0.07883
-0.01144 -0.00299 0.03416 -0.00535 -0.00300 -0.00267 -0.00271 0.00556 0.01683 0.01202 1.00471 -0.00277 -0.00156 -0.01027 -0.00157 -0.00431 0.00128 0.01278 0.00882 0.00364
0.05098 0.12550 -0.27744 0.24048 0.02279 -0.15299 -0.16159 -0.10424 -0.02360 -0.17536 0.00277 0.00000 0.04790 -0.11185 -0.03005 -0.09592 -0.17731 0.04348 -0.03888 -0.25758
0.04902 -0.09881 0.00866 0.03497 0.01094 -0.13202 -0.09184 -0.37245 -0.02418 0.02737 0.00156 -0.04790 0.00000 -0.06530 0.02234 0.08592 -0.02179 0.03935 -0.05048 -0.17819
-0.11426 0.29244 -0.27014 -0.06603 0.04122 0.08438 0.13220 -0.31769 0.06453 0.06822 0.01027 0.11185 0.06530 0.00000 -0.01898 -0.04069 0.00108 0.04178 -0.13307 -0.15522
-0.00054 0.01248 0.08937 -0.04311 -0.02596 0.27676 0.03879 0.00278 -0.00007 0.16029 0.00157 0.03005 -0.02234 0.01898 0.00000 -0.10503 -0.33236 0.00412 -0.10475 0.00265
-0.00755 -0.22912 0.04928 0.25450 0.02952 0.01895 -0.05034 -0.08681 -0.00132 0.09960 0.00431 0.09592 -0.08592 0.04069 0.10503 0.00000 -0.08143 -0.01566 0.14447 -0.15828
0.01861 -0.18488 -0.10229 -0.27930 -0.05422 -0.25184 0.00819 0.30692 -0.00773 0.08322 -0.00128 0.17731 0.02179 -0.00108 0.33236 0.08143 0.23608 -0.00793 -0.19854 -0.13180
0.04929 -0.03802 0.12538 0.00407 -0.05481 0.00662 0.13017 -0.00075 -0.06917 0.00585 -0.01278 -0.04348 -0.03935 -0.04178 -0.00412 0.01566 0.00793 0.92833 0.05673 -0.00811
-0.02703 0.00476 0.26650 0.14258 -0.01533 -0.01974 0.10026 0.01333 0.01290 -0.08995 -0.00882 0.03888 0.05048 0.13307 0.10475 -0.14447 0.19854 -0.05673 0.00000 -0.13308
0.02784 0.32902 0.17440 -0.11827 -0.03069 -0.05219 0.02075 -0.00875 -0.02094 0.07883 -0.00364 0.25758 0.17819 0.15522 -0.00265 0.15828 0.13180 0.00811 0.13308 0.00000
