0.99428 -0.06213 -0.03383 -0.02234 0.00847 -0.01651 -0.02495 0.05316 -0.01218 -0.05473 0.00875 -0.05451 -0.06368 0.11946 -0.01266 0.00697 -0.01916 -0.04555 0.05319 -0.02985
0.06213 0.00000 -0.13064 -0.02676 0.03817 -0.04143 -0.22737 0.04903 -0.01486 -0.25109 0.00585 -0.18855 0.17117 -0.09986 -0.08317 0.03560 0.20033 0.02464 0.12053 -0.29725
0.03383 0.13064 0.14869 -0.05255 0.00026 0.01343 0.12119 0.04250 -0.01492 -0.16629 -0.03490 0.21252 -0.16329 0.31677 -0.07629 -0.10992 -0.04957 -0.10824 -0.22667 -0.13685
0.02234 0.02676 0.05255 0.00000 -0.01772 -0.16716 -0.02393 -0.02509 -0.00605 0.08709 -0.00080 -0.15338 0.08069 0.05113 0.10084 -0.34859 0.11734 -0.01295 -0.13265 0.03879
-0.00847 -0.03817 -0.00026 0.01772 0.90529 -0.03225 0.14205 0.07672 0.00489 -0.08037 0.00476 -0.00947 -0.02178 0.00621 0.03347 -0.03075 0.05826 0.07542 0.01252 0.01986
0.01651 0.04143 -0.01343 0.16716 0.03225 0.00000 -0.08666 0.15148 -0.02285 -0.14072 0.00823 0.03357 0.22037 -0.17699 -0.34341 0.08711 0.20126 0.04113 -0.06959 0.10616
0.02495 0.22737 -0.12119 0.02393 -0.14205 0.08666 1.11046 -0.17642 -0.00833 -0.00131 0.00229 0.15047 0.13879 -0.01364 0.02203 -0.00382 -0.06052 -0.11025 -0.21431 -0.02240
-0.05316 -0.04903 -0.04250 0.02509 -0.07672 -0.15148 0.17642 0.00000 0.03157 0.10686 -0.00803 0.07956 0.38922 0.35092 -0.01984 0.13567 -0.32912 0.00789 -0.00360 -0.02987
0.01218 0.01486 0.01492 0.00605 -0.00489 0.02285 0.00833 -0.03157 1.00018 0.05970 -0.01376 0.02668 0.03556 -0.05377 0.01414 0.00278 0.00863 0.08360 -0.01955 0.03475
0.05473 0.25109 0.16629 -0.08709 0.08037 0.14072 0.00131 -0.10686 -0.05970 0.00000 -0.02263 0.24067 0.06662 0.00123 -0.19280 -0.10838 0.06187 0.04332 0.03007 0.04386
-0.00875 -0.00585 0.03490 0.00080 -0.00476 -0.00823 -0.00229 0.00803 0.01376 0.02263 1.00375 0.00560 -0.00306 -0.02443 -0.00010 -0.00003 0.00292 0.00699 0.00873 0.00219
0.05451 0.18855 -0.21252 0.15338 0.00947 -0.03357 -0.15047 -0.07956 -0.02668 -0.24067 -0.00560 0.26196 0.04568 0.09542 -0.05436 -0.14272 -0.14157 0.04822 -0.01498 -0.24365
0.06368 -0.17117 0.16329 -0.08069 0.02178 -0.22037 -0.13879 -0.38922 -0.03556 -0.06662 0.00306 -0.04568 0.25221 -0.14102 0.08908 0.02134 -0.07229 -0.00624 -0.05440 -0.10941
-0.11946 0.09986 -0.31677 -0.05113 -0.00621 0.17699 0.01364 -0.35092 0.05377 -0.00123 0.02443 -0.09542 0.14102 0.00000 0.07584 0.00059 -0.05998 0.13011 -0.19560 -0.09330
0.01266 0.08317 0.07629 -0.10084 -0.03347 0.34341 -0.02203 0.01984 -0.01414 0.19280 0.00010 0.05436 -0.08908 -0.07584 0.00000 -0.17285 -0.27313 -0.00683 -0.08493 -0.08139
-0.00697 -0.03560 0.10992 0.34859 0.03075 -0.08711 0.00382 -0.13567 -0.00278 0.10838 0.00003 0.14272 -0.02134 -0.00059 0.17285 0.00000 0.19155 -0.01798 0.13778 -0.18517
0.01916 -0.20033 0.04957 -0.11734 -0.05826 -0.20126 0.06052 0.32912 -0.00863 -0.06187 -0.00292 0.14157 0.07229 0.05998 0.27313 -0.19155 0.61986 -0.02430 -0.38752 -0.00365
0.04555 -0.02464 0.10824 0.01295 -0.07542 -0.04113 0.11025 -0.00789 -0.08360 -0.04332 -0.00699 -0.04822 0.00624 -0.13011 0.00683 0.01798 0.02430 0.96036 0.05410 -0.02504
-0.05319 -0.12053 0.22667 0.13265 -0.01252 0.06959 0.21431 0.00360 0.01955 -0.03007 -0.00873 0.01498 0.05440 0.19560 0.08493 -0.13778 0.38752 -0.05410 0.00000 -0.06993
0.02985 0.29725 0.13685 -0.03879 -0.01986 -0.10616 0.02240 0.02987 -0.03475 -0.04386 -0.00219 0.24365 0.10941 0.09330 0.08139 0.18517 0.00365 0.02504 0.06993 0.00000
