1.00169 -0.03321 -0.04054 0.00699 -0.00204 -0.02398 -0.03348 0.01140 -0.00375 -0.03597 0.01516 -0.04327 -0.03493 0.10890 -0.00873 0.00507 -0.00701 -0.03799 0.02583 -0.05286
0.03321 0.01943 -0.07690 0.18909 0.05092 0.04851 -0.17786 -0.03917 -0.03406 -0.23341 -0.00940 0.03341 0.28036 0.07259 -0.15074 -0.00523 0.33904 0.10914 0.19642 -0.15472
0.04054 0.07690 0.20827 -0.08926 0.06023 0.18419 0.08713 0.17919 -0.01576 -0.07454 -0.02215 0.11424 -0.14356 0.08213 -0.03490 0.18979 -0.13681 -0.14191 -0.04858 0.03974
-0.00699 -0.18909 0.08926 0.00000 -0.04768 0.01150 -0.11558 0.06141 0.01861 0.00478 0.00223 -0.25634 0.09588 0.13861 0.22278 -0.33861 0.03942 -0.05894 -0.01269 -0.05431
0.00204 -0.05092 -0.06023 0.04768 0.90191 -0.04590 0.10680 0.09627 0.03282 -0.00775 0.00594 -0.04090 -0.14016 0.08187 0.04032 0.03109 0.00060 0.07939 -0.07827 -0.05352
0.02398 -0.04851 -0.18419 -0.01150 0.04590 0.00000 -0.12831 0.07817 -0.02349 -0.21730 -0.00301 -0.13661 0.21387 -0.04665 -0.16952 0.00209 0.12853 0.04640 0.00080 0.27419
0.03348 0.17786 -0.08713 0.11558 -0.10680 0.12831 1.00798 -0.35595 0.00754 -0.03570 0.00083 0.11837 0.14285 0.20392 -0.10053 0.15060 0.07653 -0.08480 -0.29611 -0.14626
-0.01140 0.03917 -0.17919 -0.06141 -0.09627 -0.07817 0.35595 0.00000 0.03613 0.12928 0.00438 -0.04432 0.37028 0.15229 -0.05174 0.19345 -0.27257 0.03008 -0.01716 -0.17852
0.00375 0.03406 0.01576 -0.01861 -0.03282 0.02349 -0.00754 -0.03613 1.01109 0.08173 -0.01761 0.07280 0.02679 -0.00926 -0.02195 -0.00506 -0.04168 0.05680 -0.11523 -0.02106
0.03597 0.23341 0.07454 -0.00478 0.00775 0.21730 0.03570 -0.12928 -0.08173 0.00000 -0.02770 0.19814 0.15041 -0.24171 -0.08674 -0.12759 -0.00275 0.01657 -0.05293 0.21389
-0.01516 0.00940 0.02215 -0.00223 -0.00594 0.00301 -0.00083 -0.00438 0.01761 0.02770 1.00860 0.01323 0.00056 -0.03143 0.00536 0.00282 -0.00597 0.01543 -0.00065 0.00774
0.04327 -0.03341 -0.11424 0.25634 0.04090 0.13661 -0.11837 0.04432 -0.07280 -0.19814 -0.01323 0.37405 0.00484 0.08072 0.14873 -0.00527 -0.11155 0.04429 0.15408 -0.12814
0.03493 -0.28036 0.14356 -0.09588 0.14016 -0.21387 -0.14285 -0.37028 -0.02679 -0.15041 -0.00056 -0.00484 0.60961 -0.20158 -0.14779 -0.08951 -0.13274 -0.00820 -0.07623 -0.10874
-0.10890 -0.07259 -0.08213 -0.13861 -0.08187 0.04665 -0.20392 -0.15229 0.00926 0.24171 0.03143 -0.08072 0.20158 0.00000 0.16576 -0.02291 -0.06658 0.07025 -0.16097 -0.13072
0.00873 0.15074 0.03490 -0.22278 -0.04032 0.16952 0.10053 0.05174 0.02195 0.08674 -0.00536 -0.14873 0.14779 -0.16576 0.00000 -0.30406 -0.08458 -0.07989 0.11521 0.02621
-0.00507 0.00523 -0.18979 0.33861 -0.03109 -0.00209 -0.15060 -0.19345 0.00506 0.12759 -0.00282 0.00527 0.08951 0.02291 0.30406 0.00000 0.23125 -0.01892 -0.03962 0.09409
0.00701 -0.33904 0.13681 -0.03942 -0.00060 -0.12853 -0.07653 0.27257 0.04168 0.00275 0.00597 0.11155 0.13274 0.06658 0.08458 -0.23125 0.89651 -0.08993 -0.47595 0.07350
0.03799 -0.10914 0.14191 0.05894 -0.07939 -0.04640 0.08480 -0.03008 -0.05680 -0.01657 -0.01543 -0.04429 0.00820 -0.07025 0.07989 0.01892 0.08993 0.95317 -0.03344 -0.02221
-0.02583 -0.19642 0.04858 0.01269 0.07827 -0.00080 0.29611 0.01716 0.11523 0.05293 0.00065 -0.15408 0.07623 0.16097 -0.11521 0.03962 0.47595 0.03344 0.00000 -0.13245
0.05286 0.15472 -0.03974 0.05431 0.05352 -0.27419 0.14626 0.17852 0.02106 -0.21389 -0.00774 0.12814 0.10874 0.13072 -0.02621 -0.09409 -0.07350 0.02221 0.13245 0.00000
