1.00004 -0.05383 -0.03232 -0.01836 0.01131 -0.01170 -0.01683 0.04220 -0.01415 -0.06360 0.00636 -0.05739 -0.05653 0.11657 -0.00828 0.00741 -0.01249 -0.04891 0.04613 -0.01786
0.05383 0.00000 -0.13242 -0.03767 0.03061 -0.03906 -0.23433 0.06737 -0.01773 -0.25031 0.00897 -0.21074 0.17827 -0.13419 -0.05978 0.04956 0.18668 0.04505 0.09424 -0.28979
0.03232 0.13242 0.14834 -0.04920 -0.00448 0.00697 0.12351 0.03459 -0.01613 -0.16670 -0.03562 0.22349 -0.15068 0.31371 -0.05859 -0.10734 -0.04901 -0.11108 -0.24449 -0.13561
0.01836 0.03767 0.04920 0.00000 -0.02265 -0.18894 -0.02465 -0.04765 -0.00306 0.10710 -0.00018 -0.13754 0.09969 0.05042 0.11129 -0.34767 0.11899 -0.01270 -0.14632 0.04595
-0.01131 -0.03061 0.00448 0.02265 0.90541 -0.02393 0.13472 0.05031 0.01088 -0.08047 0.00918 -0.00366 -0.02404 -0.00282 0.03843 -0.02596 0.05689 0.06644 0.01454 0.02824
0.01170 0.03906 -0.00697 0.18894 0.02393 0.00000 -0.05088 0.18357 -0.01543 -0.13424 0.00591 0.05320 0.21352 -0.13913 -0.33466 0.09626 0.21446 0.02052 -0.05056 0.08834
0.01683 0.23433 -0.12351 0.02465 -0.13472 0.05088 1.10755 -0.14377 -0.00627 0.02912 -0.00016 0.16200 0.12931 -0.05238 -0.00655 -0.03665 -0.06165 -0.10224 -0.20751 -0.04773
-0.04220 -0.06737 -0.03459 0.04765 -0.05031 -0.18357 0.14377 0.00000 0.03071 0.09905 -0.00367 0.08127 0.35007 0.31891 0.00050 0.13248 -0.32846 0.00384 -0.00796 -0.02983
0.01415 0.01773 0.01613 0.00306 -0.01088 0.01543 0.00627 -0.03071 1.00008 0.05387 -0.01375 0.02534 0.03088 -0.05867 0.00817 -0.00073 0.00204 0.07950 -0.01889 0.02497
0.06360 0.25031 0.16670 -0.10710 0.08047 0.13424 -0.02912 -0.09905 -0.05387 0.00000 -0.02177 0.22847 0.04370 0.01726 -0.19911 -0.11672 0.06856 0.03211 0.05745 0.04417
-0.00636 -0.00897 0.03562 0.00018 -0.00918 -0.00591 0.00016 0.00367 0.01375 0.02177 1.00346 0.00533 -0.00118 -0.02045 -0.00602 0.00220 0.00354 0.01129 0.00620 -0.00224
0.05739 0.21074 -0.22349 0.13754 0.00366 -0.05320 -0.16200 -0.08127 -0.02534 -0.22847 -0.00533 0.25104 0.04844 0.08033 -0.05637 -0.14027 -0.14581 0.04517 -0.02515 -0.25547
0.05653 -0.17827 0.15068 -0.09969 0.02404 -0.21352 -0.12931 -0.35007 -0.03088 -0.04370 0.00118 -0.04844 0.22948 -0.12103 0.08220 0.01318 -0.06880 -0.00342 -0.03713 -0.11020
-0.11657 0.13419 -0.31371 -0.05042 0.00282 0.13913 0.05238 -0.31891 0.05867 -0.01726 0.02045 -0.08033 0.12103 0.00000 0.03090 -0.02100 -0.04099 0.11315 -0.16642 -0.13304
0.00828 0.05978 0.05859 -0.11129 -0.03843 0.33466 0.00655 -0.00050 -0.00817 0.19911 0.00602 0.05637 -0.08220 -0.03090 0.00000 -0.14222 -0.28617 -0.01094 -0.10114 -0.05093
-0.00741 -0.04956 0.10734 0.34767 0.02596 -0.09626 0.03665 -0.13248 0.00073 0.11672 -0.00220 0.14027 -0.01318 0.02100 0.14222 0.00000 0.16600 -0.02355 0.15738 -0.18639
0.01249 -0.18668 0.04901 -0.11899 -0.05689 -0.21446 0.06165 0.32846 -0.00204 -0.06856 -0.00354 0.14581 0.06880 0.04099 0.28617 -0.16600 0.59881 -0.01801 -0.37423 -0.02919
0.04891 -0.04505 0.11108 0.01270 -0.06644 -0.02052 0.10224 -0.00384 -0.07950 -0.03211 -0.01129 -0.04517 0.00342 -0.11315 0.01094 0.02355 0.01801 0.96708 0.05004 -0.01505
-0.04613 -0.09424 0.24449 0.14632 -0.01454 0.05056 0.20751 0.00796 0.01889 -0.05745 -0.00620 0.02515 0.03713 0.16642 0.10114 -0.15738 0.37423 -0.05004 0.00000 -0.08761
0.01786 0.28979 0.13561 -0.04595 -0.02824 -0.08834 0.04773 0.02983 -0.02497 -0.04417 0.00224 0.25547 0.11020 0.13304 0.05093 0.18639 0.02919 0.01505 0.08761 0.00000
