1.04816 -0.13389 -0.06088 -0.01906 0.01216 -0.02152 0.02775 0.02930 0.00590 -0.10473 0.01787 -0.08063 -0.09726 0.14767 -0.02440 0.05671 -0.02379 -0.01903 0.00431 -0.10101
0.13389 0.40525 -0.06707 -0.08935 0.12446 0.11410 -0.07980 -0.02660 -0.02604 -0.36174 -0.00097 0.02482 0.22389 -0.07565 -0.02519 -0.04826 0.02548 -0.01605 -0.01738 0.06203
0.06088 0.06707 0.42559 -0.01031 0.01835 0.02969 0.02172 -0.01961 -0.00719 -0.04720 -0.02096 0.02486 0.07062 -0.03312 0.04560 0.03983 0.02991 -0.10720 0.00352 0.02545
0.01906 0.08935 0.01031 0.00000 -0.00396 0.08331 -0.04464 -0.02384 -0.01477 0.03315 -0.00682 0.05416 0.11796 -0.03157 0.02317 0.00674 0.03755 -0.01490 -0.03881 0.02561
-0.01216 -0.12446 -0.01835 0.00396 0.86269 -0.03114 0.06353 0.14200 0.01292 -0.01753 0.01177 -0.04717 -0.17788 0.09320 -0.05234 0.04508 -0.06167 0.03028 -0.02352 -0.06513
0.02152 -0.11410 -0.02969 -0.08331 0.03114 0.31184 -0.04052 0.08690 -0.06793 -0.06363 -0.00153 -0.07956 0.11982 0.05652 -0.18816 0.09342 0.04128 0.06139 0.01475 -0.03204
-0.02775 0.07980 -0.02172 0.04464 -0.06353 0.04052 1.01175 -0.18614 0.02677 0.08128 -0.00136 0.06103 0.07969 0.15026 0.07438 0.09224 0.06988 -0.04834 -0.13652 -0.14161
-0.02930 0.02660 0.01961 0.02384 -0.14200 -0.08690 0.18614 0.00000 0.11862 0.19041 -0.01427 0.06487 0.60124 0.01574 0.15128 0.06322 -0.11451 0.02982 0.17469 -0.13404
-0.00590 0.02604 0.00719 0.01477 -0.01292 0.06793 -0.02677 -0.11862 0.98288 0.08321 -0.01196 0.14128 0.10021 0.02348 0.06137 0.05249 -0.07076 0.01763 -0.16839 -0.06341
0.10473 0.36174 0.04720 -0.03315 0.01753 0.06363 -0.08128 -0.19041 -0.08321 0.00000 -0.01613 0.17263 0.20801 -0.23682 -0.00976 -0.17947 0.06113 -0.02884 -0.02110 0.24777
-0.01787 0.00097 0.02096 0.00682 -0.01177 0.00153 0.00136 0.01427 0.01196 0.01613 1.00430 0.00244 -0.01003 -0.00477 -0.00169 0.00480 -0.00366 0.01749 0.00543 -0.00147
0.08063 -0.02482 -0.02486 -0.05416 0.04717 0.07956 -0.06103 -0.06487 -0.14128 -0.17263 -0.00244 0.61286 0.00068 -0.08675 0.04394 -0.02813 -0.09038 -0.02625 0.08737 0.04429
0.09726 -0.22389 -0.07062 -0.11796 0.17788 -0.11982 -0.07969 -0.60124 -0.10021 -0.20801 0.01003 -0.00068 0.90579 -0.18780 -0.12242 0.02430 -0.14271 0.01370 0.00017 0.00619
-0.14767 0.07565 0.03312 0.03157 -0.09320 -0.05652 -0.15026 -0.01574 -0.02348 0.23682 0.00477 0.08675 0.18780 0.29020 -0.03488 0.07231 0.00650 0.05673 0.01746 -0.04213
0.02440 0.02519 -0.04560 -0.02317 0.05234 0.18816 -0.07438 -0.15128 -0.06137 0.00976 0.00169 -0.04394 0.12242 0.03488 0.17577 -0.05263 0.00552 0.02664 -0.00862 -0.02943
-0.05671 0.04826 -0.03983 -0.00674 -0.04508 -0.09342 -0.09224 -0.06322 -0.05249 0.17947 -0.00480 0.02813 -0.02430 -0.07231 0.05263 0.15915 0.07442 0.00324 0.07134 0.02334
0.02379 -0.02548 -0.02991 -0.03755 0.06167 -0.04128 -0.06988 0.11451 0.07076 -0.06113 0.00366 0.09038 0.14271 -0.00650 -0.00552 -0.07442 0.85810 -0.06312 -0.24670 0.03512
0.01903 0.01605 0.10720 0.01490 -0.03028 -0.06139 0.04834 -0.02982 -0.01763 0.02884 -0.01749 0.02625 -0.01370 -0.05673 -0.02664 -0.00324 0.06312 0.88419 -0.03892 -0.01202
-0.00431 0.01738 -0.00352 0.03881 0.02352 -0.01475 0.13652 -0.17469 0.16839 0.02110 -0.00543 -0.08737 -0.00017 -0.01746 0.00862 -0.07134 0.24670 0.03892 0.52416 0.01228
0.10101 -0.06203 -0.02545 -0.02561 0.06513 0.03204 0.14161 0.13404 0.06341 -0.24777 0.00147 -0.04429 -0.00619 0.04213 0.02943 -0.02334 -0.03512 0.01202 -0.01228 0.00000
