1.00008 -0.03447 -0.03857 -0.02095 0.00127 -0.00652 -0.02675 0.03385 -0.02154 -0.11623 0.01095 -0.05225 -0.04908 0.10760 -0.00122 -0.00826 -0.02726 -0.04618 0.03100 -0.02935
0.03447 0.00000 -0.12329 0.02860 0.00595 -0.01629 -0.12650 0.03763 -0.00681 -0.20856 0.00330 -0.14104 0.10043 -0.29024 -0.02727 0.23970 0.18825 0.02104 0.01107 -0.33958
0.03857 0.12329 0.03729 -0.01112 -0.04140 -0.03842 0.18876 0.02300 -0.03882 -0.07404 -0.03744 0.28263 -0.01210 0.27093 -0.08218 -0.05327 0.08548 -0.12991 -0.27619 -0.17034
0.02095 -0.02860 0.01112 0.00000 -0.02310 -0.25627 -0.03349 -0.15383 -0.00149 0.13050 -0.00039 -0.23634 -0.03035 0.05984 0.00926 -0.28677 0.27426 -0.01630 -0.13401 0.10423
-0.00127 -0.00595 0.04140 0.02310 0.90625 -0.00927 0.12179 0.04471 0.01712 -0.01532 0.00106 -0.02470 -0.01534 -0.03823 0.02007 -0.03987 0.04761 0.05932 0.01857 0.02739
0.00652 0.01629 0.03842 0.25627 0.00927 0.00000 -0.02848 0.25438 -0.00331 -0.06192 0.00489 0.15584 0.14183 -0.08590 -0.28835 -0.00645 0.24804 -0.01155 0.01080 0.04071
0.02675 0.12650 -0.18876 0.03349 -0.12179 0.02848 1.10011 -0.12934 -0.00427 0.24927 -0.00117 0.17276 0.11525 -0.14552 -0.05667 0.02749 -0.00666 -0.12860 -0.11023 -0.02381
-0.03385 -0.03763 -0.02300 0.15383 -0.04471 -0.25438 0.12934 0.00000 0.01461 -0.02168 -0.00442 0.08876 0.41993 0.31621 0.02483 0.07824 -0.31192 0.00125 -0.02952 0.03656
0.02154 0.00681 0.03882 0.00149 -0.01712 0.00331 0.00427 -0.01461 1.00799 0.07198 -0.01399 0.02474 0.01661 -0.06173 -0.00320 -0.00443 -0.00045 0.06735 -0.00908 0.01163
0.11623 0.20856 0.07404 -0.13050 0.01532 0.06192 -0.24927 0.02168 -0.07198 0.00000 -0.00864 0.17615 -0.03719 -0.05467 -0.18225 -0.13040 -0.07968 -0.01855 0.10262 -0.09131
-0.01095 -0.00330 0.03744 0.00039 -0.00106 -0.00489 0.00117 0.00442 0.01399 0.00864 1.00411 -0.00324 -0.00160 -0.01057 -0.00332 -0.00044 0.00264 0.01687 0.00818 0.00278
0.05225 0.14104 -0.28263 0.23634 0.02470 -0.15584 -0.17276 -0.08876 -0.02474 -0.17615 0.00324 0.00000 0.03747 -0.08861 -0.04818 -0.10487 -0.18920 0.03029 -0.02983 -0.27052
0.04908 -0.10043 0.01210 0.03035 0.01534 -0.14183 -0.11525 -0.41993 -0.01661 0.03719 0.00160 -0.03747 0.00000 -0.07455 0.00061 0.08754 -0.00605 0.01265 -0.05424 -0.18723
-0.10760 0.29024 -0.27093 -0.05984 0.03823 0.08590 0.14552 -0.31621 0.06173 0.05467 0.01057 0.08861 0.07455 0.00000 -0.01044 -0.04546 0.00029 0.05377 -0.13336 -0.14737
0.00122 0.02727 0.08218 -0.00926 -0.02007 0.28835 0.05667 -0.02483 0.00320 0.18225 0.00332 0.04818 -0.00061 0.01044 0.00000 -0.09871 -0.32677 0.00814 -0.12488 0.00420
0.00826 -0.23970 0.05327 0.28677 0.03987 0.00645 -0.02749 -0.07824 0.00443 0.13040 0.00044 0.10487 -0.08754 0.04546 0.09871 0.00000 -0.05757 -0.01173 0.15400 -0.17964
0.02726 -0.18825 -0.08548 -0.27426 -0.04761 -0.24804 0.00666 0.31192 0.00045 0.07968 -0.00264 0.18920 0.00605 -0.00029 0.32677 0.05757 0.23990 -0.00151 -0.20949 -0.13686
0.04618 -0.02104 0.12991 0.01630 -0.05932 0.01155 0.12860 -0.00125 -0.06735 0.01855 -0.01687 -0.03029 -0.01265 -0.05377 -0.00814 0.01173 0.00151 0.93855 0.04667 0.00037
-0.03100 -0.01107 0.27619 0.13401 -0.01857 -0.01080 0.11023 0.02952 0.00908 -0.10262 -0.00818 0.02983 0.05424 0.13336 0.12488 -0.15400 0.20949 -0.04667 0.00000 -0.12705
0.02935 0.33958 0.17034 -0.10423 -0.02739 -0.04071 0.02381 -0.03656 -0.01163 0.09131 -0.00278 0.27052 0.18723 0.14737 -0.00420 0.17964 0.13686 -0.00037 0.12705 0.00000
