1.00665 -0.03567 -0.05244 0.00602 0.00156 -0.02887 -0.03148 0.00427 0.00018 -0.03688 0.01252 -0.05137 -0.03769 0.12468 -0.01217 0.00743 -0.00125 -0.03541 0.01561 -0.05932
0.03567 0.04427 -0.08018 0.19304 0.03335 0.03099 -0.17025 -0.06128 -0.05919 -0.21499 -0.01202 0.05278 0.29641 0.05244 -0.16172 -0.00882 0.35492 0.12495 0.17156 -0.17277
0.05244 0.08018 0.23119 -0.08475 0.05159 0.20998 0.08769 0.14887 -0.00283 -0.07476 -0.02202 0.07858 -0.10178 0.03160 0.01812 0.21482 -0.11507 -0.15323 -0.00437 0.09336
-0.00602 -0.19304 0.08475 0.00000 -0.04999 -0.02461 -0.11561 0.07699 0.03373 0.00940 -0.00111 -0.28718 0.13224 0.13094 0.22205 -0.33428 0.08275 -0.07656 0.05429 -0.06591
-0.00156 -0.03335 -0.05159 0.04999 0.89356 -0.04523 0.09377 0.06892 0.03184 -0.00699 0.00921 -0.02183 -0.17575 0.08600 -0.02011 0.08051 -0.02905 0.06227 -0.08460 -0.09303
0.02887 -0.03099 -0.20998 0.02461 0.04523 0.00000 -0.13365 0.06936 -0.04161 -0.21794 -0.00956 -0.12140 0.19618 -0.02796 -0.15708 -0.01056 0.13188 0.08832 -0.00744 0.28734
0.03148 0.17025 -0.08769 0.11561 -0.09377 0.13365 1.00302 -0.36918 -0.00013 -0.03573 0.00008 0.11765 0.14944 0.20636 -0.08326 0.16406 0.07931 -0.07092 -0.31613 -0.16243
-0.00427 0.06128 -0.14887 -0.07699 -0.06892 -0.06936 0.36918 0.00000 0.06513 0.11940 0.01397 -0.06206 0.39520 0.10535 0.00135 0.21242 -0.24957 -0.03271 0.01231 -0.19286
-0.00018 0.05919 0.00283 -0.03373 -0.03184 0.04161 0.00013 -0.06513 0.99869 0.08385 -0.01881 0.08926 0.02491 0.00358 -0.03264 0.03781 -0.05323 0.04238 -0.14145 -0.03530
0.03688 0.21499 0.07476 -0.00940 0.00699 0.21794 0.03573 -0.11940 -0.08385 0.00000 -0.02417 0.18331 0.15145 -0.25461 -0.02542 -0.12025 0.01330 -0.00024 -0.07556 0.23100
-0.01252 0.01202 0.02202 0.00111 -0.00921 0.00956 -0.00008 -0.01397 0.01881 0.02417 1.00709 0.01826 0.00419 -0.03579 -0.00010 0.00474 -0.00669 0.01589 -0.00585 0.00672
0.05137 -0.05278 -0.07858 0.28718 0.02183 0.12140 -0.11765 0.06206 -0.08926 -0.18331 -0.01826 0.37040 0.00370 0.04960 0.15523 0.01045 -0.08280 0.07484 0.17822 -0.13238
0.03769 -0.29641 0.10178 -0.13224 0.17575 -0.19618 -0.14944 -0.39520 -0.02491 -0.15145 -0.00419 -0.00370 0.62881 -0.22217 -0.14393 -0.08289 -0.17143 -0.00536 -0.10050 -0.07842
-0.12468 -0.05244 -0.03160 -0.13094 -0.08600 0.02796 -0.20636 -0.10535 -0.00358 0.25461 0.03579 -0.04960 0.22217 0.00000 0.11560 -0.02767 -0.05469 0.07082 -0.14316 -0.13867
0.01217 0.16172 -0.01812 -0.22205 0.02011 0.15708 0.08326 -0.00135 0.03264 0.02542 0.00010 -0.15523 0.14393 -0.11560 0.00000 -0.34863 -0.09023 -0.06713 0.02315 0.07152
-0.00743 0.00882 -0.21482 0.33428 -0.08051 0.01056 -0.16406 -0.21242 -0.03781 0.12025 -0.00474 -0.01045 0.08289 0.02767 0.34863 0.00000 0.24613 0.04349 -0.00983 0.11494
0.00125 -0.35492 0.11507 -0.08275 0.02905 -0.13188 -0.07931 0.24957 0.05323 -0.01330 0.00669 0.08280 0.17143 0.05469 0.09023 -0.24613 0.87078 -0.12136 -0.48009 0.07216
0.03541 -0.12495 0.15323 0.07656 -0.06227 -0.08832 0.07092 0.03271 -0.04238 0.00024 -0.01589 -0.07484 0.00536 -0.07082 0.06713 -0.04349 0.12136 0.92710 -0.02194 -0.03186
-0.01561 -0.17156 0.00437 -0.05429 0.08460 0.00744 0.31613 -0.01231 0.14145 0.07556 0.00585 -0.17822 0.10050 0.14316 -0.02315 0.00983 0.48009 0.02194 0.01219 -0.10387
0.05932 0.17277 -0.09336 0.06591 0.09303 -0.28734 0.16243 0.19286 0.03530 -0.23100 -0.00672 0.13238 0.07842 0.13867 -0.07152 -0.11494 -0.07216 0.03186 0.10387 0.00000
