1.00275 -0.03130 -0.04084 -0.00615 -0.00119 0.00013 -0.02119 0.02386 -0.02304 -0.12643 0.01354 -0.04806 -0.04626 0.10946 0.00064 -0.00041 -0.01018 -0.04403 0.01891 -0.02774
0.03130 0.00000 -0.11653 0.03807 0.01265 -0.00338 -0.11009 0.04638 -0.00291 -0.18818 0.00473 -0.12952 0.08965 -0.29215 0.01596 0.23742 0.19731 0.02837 0.00020 -0.30817
0.04084 0.11653 0.00000 -0.01563 -0.04649 -0.05308 0.18003 0.02793 -0.04883 -0.06254 -0.04062 0.27596 0.01918 0.26923 -0.08650 -0.03906 0.09878 -0.12454 -0.27016 -0.16182
0.00615 -0.03807 0.01563 0.00000 -0.00181 -0.20792 -0.03654 -0.09820 -0.00650 0.06249 0.00276 -0.23888 -0.04752 0.05870 0.04337 -0.22680 0.26952 -0.00758 -0.13034 0.09812
0.00119 -0.01265 0.04649 0.00181 0.91401 -0.02470 0.11524 0.05238 0.01591 -0.01714 0.00329 -0.02073 -0.03100 -0.03692 0.01828 -0.04679 0.03628 0.05040 0.02411 0.01461
-0.00013 0.00338 0.05308 0.20792 0.02470 0.00000 -0.03886 0.26319 -0.00550 -0.09099 0.00198 0.15597 0.11286 -0.10416 -0.24006 -0.03227 0.26571 -0.01543 0.04077 0.05108
0.02119 0.11009 -0.18003 0.03654 -0.11524 0.03886 1.12794 -0.11098 -0.01093 0.23289 0.00336 0.13592 0.09206 -0.13006 -0.04628 0.03555 -0.00809 -0.13133 -0.07828 -0.00598
-0.02386 -0.04638 -0.02793 0.09820 -0.05238 -0.26319 0.11098 0.00000 0.01350 0.00216 -0.00406 0.11921 0.32684 0.31884 0.01137 0.11072 -0.27487 0.00334 -0.03435 0.01055
0.02304 0.00291 0.04883 0.00650 -0.01591 0.00550 0.01093 -0.01350 1.00778 0.07523 -0.01651 0.02089 0.01939 -0.05681 -0.00129 0.00185 0.00488 0.06800 -0.01182 0.01610
0.12643 0.18818 0.06254 -0.06249 0.01714 0.09099 -0.23289 -0.00216 -0.07523 0.00000 -0.01073 0.17853 -0.02785 -0.11062 -0.14711 -0.10675 -0.08615 -0.00866 0.08736 -0.07439
-0.01354 -0.00473 0.04062 -0.00276 -0.00329 -0.00198 -0.00336 0.00406 0.01651 0.01073 1.00514 -0.00126 -0.00096 -0.01149 0.00006 -0.00254 -0.00014 0.01511 0.00688 0.00490
0.04806 0.12952 -0.27596 0.23888 0.02073 -0.15597 -0.13592 -0.11921 -0.02089 -0.17853 0.00126 0.00000 0.04996 -0.14101 -0.02862 -0.08554 -0.16524 0.02769 -0.02972 -0.25976
0.04626 -0.08965 -0.01918 0.04752 0.03100 -0.11286 -0.09206 -0.32684 -0.01939 0.02785 0.00096 -0.04996 0.00000 -0.05542 0.04994 0.08999 -0.02705 0.02073 -0.04551 -0.16770
-0.10946 0.29215 -0.26923 -0.05870 0.03692 0.10416 0.13006 -0.31884 0.05681 0.11062 0.01149 0.14101 0.05542 0.00000 -0.02068 -0.01169 -0.01384 0.05486 -0.12937 -0.16287
-0.00064 -0.01596 0.08650 -0.04337 -0.01828 0.24006 0.04628 -0.01137 0.00129 0.14711 -0.00006 0.02862 -0.04994 0.02068 0.00000 -0.08824 -0.30994 -0.00416 -0.10431 -0.01245
0.00041 -0.23742 0.03906 0.22680 0.04679 0.03227 -0.03555 -0.11072 -0.00185 0.10675 0.00254 0.08554 -0.08999 0.01169 0.08824 0.00000 -0.09214 -0.00621 0.12360 -0.12533
0.01018 -0.19731 -0.09878 -0.26952 -0.03628 -0.26571 0.00809 0.27487 -0.00488 0.08615 0.00014 0.16524 0.02705 0.01384 0.30994 0.09214 0.23217 -0.01007 -0.19101 -0.11363
0.04403 -0.02837 0.12454 0.00758 -0.05040 0.01543 0.13133 -0.00334 -0.06800 0.00866 -0.01511 -0.02769 -0.02073 -0.05486 0.00416 0.00621 0.01007 0.94528 0.04655 0.00605
-0.01891 -0.00020 0.27016 0.13034 -0.02411 -0.04077 0.07828 0.03435 0.01182 -0.08736 -0.00688 0.02972 0.04551 0.12937 0.10431 -0.12360 0.19101 -0.04655 0.00000 -0.12092
0.02774 0.30817 0.16182 -0.09812 -0.01461 -0.05108 0.00598 -0.01055 -0.01610 0.07439 -0.00490 0.25976 0.16770 0.16287 0.01245 0.12533 0.11363 -0.00605 0.12092 0.00000
